ep_returns,ep_lens
24.374458608770063,480.0
29.289990584490575,450.0
27.02886567216717,327.27272727272725
46.564401128141704,600.0
24.393825097386156,313.04347826086956
35.714117477513994,342.85714285714283
53.923566533017244,378.94736842105266
41.25828023309876,327.27272727272725
74.01431624132829,480.0
81.38657130848404,514.2857142857143
115.8489075678818,600.0
93.31906945896928,514.2857142857143
122.1024339690871,600.0
99.10658592437464,553.8461538461538
84.23333126644215,450.0
111.55498077200508,600.0
102.1918849640228,514.2857142857143
74.74804970251593,400.0
77.10742769880746,360.0
79.55294468005474,378.94736842105266
97.5971295370075,480.0
72.82953130913677,342.85714285714283
66.98327347367741,327.27272727272725
68.94594352440564,360.0
86.81371978081718,400.0
64.33856952803097,327.27272727272725
87.86639062471795,450.0
72.05102788524265,400.0
81.42980365062786,400.0
77.9243339444207,360.0
70.21400499867887,360.0
67.11632707515062,378.94736842105266
64.42200292167185,342.85714285714283
89.28128605609515,423.52941176470586
97.9367607075266,423.52941176470586
80.06584515621695,342.85714285714283
72.74990849997768,342.85714285714283
88.56500801877674,378.94736842105266
99.00199099290555,423.52941176470586
103.06819557051215,450.0
119.26220680907474,480.0
86.23487218921382,378.94736842105266
88.89785114078953,360.0
107.96597541272934,423.52941176470586
101.16563482070374,400.0
88.41286832189435,360.0
75.20210305666744,342.85714285714283
97.84406026750514,423.52941176470586
127.65335980310078,514.2857142857143
95.1725263924383,378.94736842105266
106.23229846964249,450.0
149.62878152022844,514.2857142857143
168.37870817115083,600.0
163.18323022917897,600.0
164.7569311862093,600.0
167.31229838960274,600.0
161.23042795242097,600.0
164.11827998877246,600.0
157.9083171526797,553.8461538461538
152.89471418124845,600.0
151.46803936090507,600.0
168.23315748972945,600.0
158.73628017787613,600.0
181.11770832150697,600.0
158.98116457548562,600.0
172.9860542939433,600.0
135.4113408688813,514.2857142857143
182.72171730624564,600.0
175.52347859756495,600.0
192.50538714974343,600.0
198.9806171791225,600.0
190.43617106432214,600.0
174.8701085650048,600.0
170.4731917550624,600.0
182.5036334858825,600.0
169.1052778685782,600.0
184.17206936373586,600.0
181.40578147003592,600.0
156.9625197460419,600.0
151.6332209852326,600.0
149.742545260265,553.8461538461538
129.1307195616266,480.0
173.66594010224313,600.0
176.92811825791156,600.0
164.1581424910906,553.8461538461538
176.77381596974996,600.0
182.89540660579976,600.0
163.3995431555579,553.8461538461538
182.5117108793985,600.0
185.82431427656488,600.0
168.52419153558645,600.0
179.57888356659183,600.0
182.74711812224243,600.0
168.39300956173344,553.8461538461538
194.46198381113484,600.0
180.11934291231364,600.0
184.1250116101668,600.0
174.59831410800578,600.0
162.8252841438593,600.0
170.19750602159885,600.0
188.5389876170433,600.0
137.32004499003042,514.2857142857143
138.15076689680149,553.8461538461538
141.24266666483985,514.2857142857143
147.61263559871907,553.8461538461538
130.3899019923537,514.2857142857143
130.40706064648998,514.2857142857143
150.07713803838735,600.0
139.45116576807243,600.0
150.6347960118012,600.0
123.14129746170599,553.8461538461538
166.41543328394354,600.0
162.91046334827251,600.0
142.31699164923495,553.8461538461538
161.16132053702168,600.0
157.68274803315504,600.0
144.71409866365556,553.8461538461538
143.02995099267966,553.8461538461538
155.0767384759567,553.8461538461538
136.72442532918282,514.2857142857143
141.74613493124852,553.8461538461538
134.6721243783722,553.8461538461538
137.90462700920332,553.8461538461538
143.54594807034474,553.8461538461538
170.8039054978984,600.0
192.94010405572314,600.0
192.2905588316995,600.0
175.07897244535977,600.0
186.66078085138756,600.0
165.23339604163888,553.8461538461538
186.39290827646286,600.0
170.58850548419298,600.0
155.0995228486784,553.8461538461538
183.83313534124503,600.0
189.07879078638132,600.0
200.96342617228342,600.0
183.75041393801357,600.0
196.45924511682293,600.0
178.19209866546677,553.8461538461538
180.2479134126222,600.0
145.4564774284287,480.0
168.27672871203188,553.8461538461538
120.28438311589932,423.52941176470586
180.159327351785,553.8461538461538
172.10629288570115,600.0
178.28819587286736,553.8461538461538
161.3900884067804,553.8461538461538
172.88291952213737,553.8461538461538
169.2428615387044,553.8461538461538
186.4467665186377,600.0
174.0164396865037,553.8461538461538
194.2455707857233,600.0
107.47367422456755,423.52941176470586
129.12917480910414,450.0
100.64640265934733,423.52941176470586
108.44909875527426,450.0
152.4389366599224,514.2857142857143
132.46102272084738,450.0
183.55063567682112,600.0
115.82969380477925,423.52941176470586
129.65538155817185,514.2857142857143
129.78789391074673,480.0
170.64030926795087,600.0
170.3976767185744,600.0
137.689724105313,514.2857142857143
188.8428817474656,600.0
138.7917125801372,514.2857142857143
93.08479359167532,423.52941176470586
139.5937907867993,514.2857142857143
152.10425667521744,514.2857142857143
137.99259792955453,480.0
152.27704569478072,514.2857142857143
129.99452865327117,480.0
129.512209794257,480.0
116.18973384693916,450.0
125.79679209301774,450.0
179.98969211033761,553.8461538461538
153.79845431240634,514.2857142857143
157.55321975999763,514.2857142857143
133.77086565517735,514.2857142857143
136.49744994397673,480.0
172.4362002607519,553.8461538461538
108.64837567315627,450.0
166.44903548706753,553.8461538461538
155.36736196502542,514.2857142857143
130.83968494310548,480.0
151.88615445394515,514.2857142857143
147.87301267181286,514.2857142857143
114.18498301625988,450.0
113.27448286686152,450.0
176.8665141125974,553.8461538461538
131.08513004942415,480.0
161.65739960634477,553.8461538461538
128.29765979965714,480.0
164.70961158829297,553.8461538461538
152.25266403826225,514.2857142857143
118.36904161957877,450.0
162.38969962805146,514.2857142857143
131.73960469665266,450.0
116.6921416670214,450.0
138.3819233995935,514.2857142857143
176.55151243499742,553.8461538461538
145.8257423316608,480.0
131.34993895684502,480.0
182.1660624154135,600.0
135.45973489243974,480.0
165.40702785822384,553.8461538461538
146.23434560512808,514.2857142857143
140.16103181145212,514.2857142857143
155.79370189892964,553.8461538461538
163.41427111158342,553.8461538461538
181.17891388204893,553.8461538461538
146.07205727085469,514.2857142857143
180.8115259487285,553.8461538461538
144.4304813808672,480.0
116.2995702400575,423.52941176470586
213.61797103607213,600.0
148.47816639298426,514.2857142857143
128.73208249157392,450.0
140.78130280070542,480.0
205.88325070081763,600.0
162.42848902392842,514.2857142857143
160.62550534596218,514.2857142857143
164.42562787154566,514.2857142857143
179.08226058149785,553.8461538461538
155.4137574796826,514.2857142857143
156.38830638604333,480.0
194.3334641071156,553.8461538461538
164.50995112492572,514.2857142857143
154.9184306031714,514.2857142857143
202.30552151538734,600.0
168.82403985896184,514.2857142857143
124.49271143592372,450.0
157.1580032461562,514.2857142857143
152.28586700336928,514.2857142857143
184.69575643283835,553.8461538461538
170.4985887398373,514.2857142857143
160.17411726209085,514.2857142857143
176.34812417650778,514.2857142857143
165.67509023728675,514.2857142857143
189.8487520990912,553.8461538461538
170.78345649165112,514.2857142857143
128.57589351241367,450.0
195.1831201555477,553.8461538461538
176.49087002526286,553.8461538461538
139.8372468372778,450.0
171.90596899918594,514.2857142857143
129.69360673833154,450.0
136.58265938491343,450.0
140.31335933578987,480.0
152.11312945692956,514.2857142857143
154.4686633696926,480.0
213.79935707079937,600.0
192.49978527209544,553.8461538461538
145.11634929244966,480.0
187.342527512871,553.8461538461538
151.66485531229756,514.2857142857143
201.05294085543918,600.0
134.19756352795432,480.0
130.9532687007478,480.0
158.882014826092,553.8461538461538
169.57910598068975,553.8461538461538
123.14694896048894,480.0
98.76276054890468,423.52941176470586
168.76448633015553,553.8461538461538
186.4841875628249,553.8461538461538
159.9417733119468,553.8461538461538
186.0060862503156,553.8461538461538
153.06346773666982,514.2857142857143
155.0485019191094,514.2857142857143
120.44457486695384,450.0
188.44715741312362,600.0
158.75096347284568,553.8461538461538
183.07881938796208,553.8461538461538
187.85223203889956,553.8461538461538
192.24259814919608,600.0
120.04422688105514,450.0
202.40572747151668,600.0
155.58260829773505,514.2857142857143
186.40480677903486,553.8461538461538
168.24270150918701,514.2857142857143
107.4035770274367,423.52941176470586
128.74735324781082,480.0
167.44109764804801,553.8461538461538
92.28416002105602,378.94736842105266
137.78380745976673,480.0
121.26875323668823,450.0
176.47636484261758,553.8461538461538
132.0887360053173,450.0
205.08586622273137,600.0
195.5378285248336,600.0
186.02392605856207,553.8461538461538
137.8621648643079,480.0
111.9413073871957,423.52941176470586
148.39423037622694,514.2857142857143
146.60822471372083,514.2857142857143
194.29924059172478,600.0
146.46903563560943,480.0
117.06622169786098,423.52941176470586
144.6432117141939,480.0
179.465626476031,553.8461538461538
202.22212556597154,600.0
111.3906904744955,450.0
161.31313873741755,514.2857142857143
164.5576371271017,514.2857142857143
156.40556234706307,514.2857142857143
155.02042116681955,514.2857142857143
174.5463386136186,514.2857142857143
146.69050112622972,480.0
137.04605386902637,480.0
186.39232257275106,553.8461538461538
151.5350300813409,514.2857142857143
154.34095611045447,514.2857142857143
126.11600542343884,450.0
205.00106003319624,600.0
190.6072205187898,553.8461538461538
175.02650072505546,514.2857142857143
186.69107543276095,553.8461538461538
180.39014227201636,553.8461538461538
222.15634002006865,600.0
155.41519156727637,514.2857142857143
118.4809577731198,423.52941176470586
148.74430428442915,480.0
180.11317815514104,553.8461538461538
189.69228741779608,553.8461538461538
91.2618841621395,378.94736842105266
131.1444068047756,480.0
147.5621948030159,514.2857142857143
183.18282815259252,553.8461538461538
121.18342431081977,450.0
135.09520607794224,480.0
118.1701246547182,450.0
119.66825607365064,450.0
132.92876184703476,480.0
117.70657142014026,480.0
163.5192175610428,553.8461538461538
152.7205243058059,514.2857142857143
141.78480417646105,480.0
180.48057593605253,600.0
187.8657467495101,553.8461538461538
139.5412474338267,480.0
157.7932568700364,514.2857142857143
163.89940392272862,514.2857142857143
137.2759347863689,480.0
157.49901466232532,514.2857142857143
125.04785338439869,480.0
207.25867234154256,600.0
128.61609532803834,450.0
150.4041705934359,480.0
93.61614806457457,400.0
135.46349725850553,480.0
150.8690787947552,514.2857142857143
175.02180386071785,553.8461538461538
202.72690268173025,600.0
167.0010554845758,553.8461538461538
137.28885450609692,480.0
211.17328143784923,600.0
159.2719230812424,553.8461538461538
93.45988230242718,400.0
117.74603585727007,423.52941176470586
140.4396955885184,480.0
151.60968323814978,514.2857142857143
129.8990598333357,450.0
169.06754484240565,514.2857142857143
160.53650612641147,553.8461538461538
147.0199996356893,480.0
147.46759851926038,480.0
165.02269076395729,553.8461538461538
135.74076741408126,480.0
152.58198821430625,514.2857142857143
138.1892122130662,480.0
173.95744376719446,553.8461538461538
136.75415528101416,450.0
168.57414191771718,553.8461538461538
116.45286056107803,450.0
143.93465658775938,480.0
180.8425893832852,553.8461538461538
133.8939638845337,480.0
122.84658657307519,450.0
178.53623672411507,553.8461538461538
183.75486479023473,553.8461538461538
190.51082365710457,600.0
117.84377096391545,450.0
140.29345737540342,450.0
143.8602184082224,480.0
130.17041026237717,450.0
110.04272093982088,480.0
154.2228875774844,514.2857142857143
143.17835361576422,480.0
169.28124878982564,553.8461538461538
147.46244041742764,480.0
134.85717933874452,480.0
143.93615596733724,480.0
180.76263216072306,553.8461538461538
146.52386355195688,480.0
192.66170318593961,553.8461538461538
172.59935159888238,553.8461538461538
136.77291519130245,450.0
214.42837999580556,600.0
124.29819729243381,450.0
158.65986418573127,514.2857142857143
168.0414847013194,514.2857142857143
166.2084492710619,553.8461538461538
178.3821631317901,553.8461538461538
164.9469165126098,514.2857142857143
173.7095633061349,553.8461538461538
162.67953102269442,514.2857142857143
121.5794687902209,480.0
130.44803940315202,480.0
144.43098204350207,480.0
127.95018966189986,480.0
170.75593841942805,600.0
128.87652008850958,480.0
123.74204984495218,450.0
122.81760935812338,450.0
154.17657459187308,514.2857142857143
142.1846806254115,480.0
116.30118593197484,423.52941176470586
146.32459481021402,514.2857142857143
149.73811286564907,514.2857142857143
164.60620234217004,514.2857142857143
139.00161531371518,480.0
141.83141387057668,514.2857142857143
131.0716582212755,480.0
144.80676190034316,480.0
135.59611889772765,480.0
194.62587385513822,553.8461538461538
120.68462709667145,480.0
115.17681760297799,423.52941176470586
178.23179511855554,553.8461538461538
156.47607664785986,514.2857142857143
146.98682452151192,553.8461538461538
149.44671787300265,514.2857142857143
159.91025802569905,514.2857142857143
124.58249681079943,480.0
138.00487973004158,480.0
162.6158850534828,553.8461538461538
170.60775662900238,553.8461538461538
180.5677143329556,600.0
163.83591166705594,553.8461538461538
194.91450734564356,600.0
189.4688280697533,553.8461538461538
167.2032121185327,553.8461538461538
187.7266580573157,553.8461538461538
148.96966975390905,514.2857142857143
191.65194927496967,553.8461538461538
179.7039313199361,553.8461538461538
189.06484743038322,600.0
194.43064546141667,600.0
199.38635919591874,600.0
174.95788815059106,600.0
127.15011289044251,600.0
125.12479515819159,600.0
157.62575279379809,553.8461538461538
141.57645964636802,600.0
120.2728560804593,553.8461538461538
142.85663186607547,600.0
119.89133948905862,600.0
136.51062940034447,600.0
135.02269844149743,600.0
122.9111110745226,600.0
112.81141266044096,553.8461538461538
142.81698079667575,600.0
104.12980469258564,600.0
134.20170642999616,600.0
161.8016546138293,600.0
178.19255105929696,600.0
96.82328639221748,600.0
142.49060319097947,600.0
144.0230175515107,600.0
102.78271173252575,553.8461538461538
140.87134459053146,600.0
120.79737733674104,600.0
171.11386225547128,600.0
137.28750989866023,600.0
147.36500969049976,600.0
106.74136522871791,553.8461538461538
132.90285990693772,600.0
137.63283505081665,600.0
112.2701432057461,553.8461538461538
96.57923571403812,514.2857142857143
116.38451116153806,553.8461538461538
123.03651381804609,600.0
165.12122535031097,600.0
112.4035293614162,514.2857142857143
101.16926654571863,553.8461538461538
140.00457350587186,600.0
111.18116547978373,514.2857142857143
107.67615768535107,553.8461538461538
111.58879802224614,514.2857142857143
161.69353562783317,600.0
119.64631996573742,514.2857142857143
131.70902530494405,600.0
122.77517594966228,600.0
115.19191942181419,553.8461538461538
131.13928364529792,600.0
136.17266692309423,600.0
128.94028520565635,600.0
119.95998922185927,553.8461538461538
114.02616838486588,553.8461538461538
128.23334044418507,600.0
142.80035050434176,600.0
123.45046794408562,553.8461538461538
138.7057727255171,553.8461538461538
142.72150485257023,600.0
136.80789979460414,600.0
165.71992802093246,600.0
111.3130255216398,553.8461538461538
126.63967526129387,553.8461538461538
116.9881697587028,600.0
114.26511170626532,600.0
147.37199792230612,600.0
164.40850585592514,600.0
153.21179618436233,600.0
149.61533383931285,600.0
118.56192107487166,553.8461538461538
116.26537664518638,514.2857142857143
90.90250807128436,450.0
61.95304889881607,378.94736842105266
106.87683360600566,480.0
118.58761688702238,553.8461538461538
140.8675343863166,553.8461538461538
94.917456725758,450.0
110.69743052356759,514.2857142857143
80.08714275734029,480.0
141.04963682852755,600.0
123.37204692459616,514.2857142857143
121.52400825103979,480.0
130.94532093227593,553.8461538461538
118.05417228032299,553.8461538461538
106.25495232944054,514.2857142857143
109.21620576131835,480.0
97.14093967818253,480.0
110.91588739460099,514.2857142857143
104.52919952471379,514.2857142857143
129.4829510282951,600.0
130.91985220531515,600.0
130.42707229707244,600.0
77.60368346539694,514.2857142857143
129.69286992206418,553.8461538461538
109.10438348639855,514.2857142857143
118.86855274192595,480.0
131.9423021954436,553.8461538461538
113.65697914788107,553.8461538461538
102.28800016949569,480.0
133.84068459243215,553.8461538461538
111.0433430804944,514.2857142857143
105.38927097857817,553.8461538461538
116.91161686832635,553.8461538461538
148.51099818597302,600.0
101.86369958502193,553.8461538461538
85.596827431251,450.0
79.03499407048942,514.2857142857143
106.55119562724063,553.8461538461538
145.12223101192134,600.0
93.63610575786376,480.0
82.04132646585477,450.0
113.24621063705862,480.0
96.93083313894701,514.2857142857143
80.42386537673443,423.52941176470586
98.47809673732145,480.0
100.02583003652994,514.2857142857143
106.72808648081573,480.0
129.87371649864042,553.8461538461538
123.47518637023009,514.2857142857143
143.80545368796317,514.2857142857143
124.00780996174298,514.2857142857143
143.67512194270515,553.8461538461538
84.07303887449602,450.0
103.23046524017971,514.2857142857143
121.10664000047356,553.8461538461538
89.34978177239297,480.0
99.33451425312208,514.2857142857143
99.72844877219534,450.0
74.15397356888157,378.94736842105266
112.8332247203022,514.2857142857143
96.4964262127894,480.0
85.01428775205646,400.0
113.81793557810555,480.0
98.86769420097488,450.0
129.14506194573536,514.2857142857143
82.48212808962947,450.0
131.1922377262931,553.8461538461538
116.62712338099645,600.0
152.4254880579065,600.0
102.27465173709786,480.0
94.48472713611041,450.0
91.38796149861133,450.0
135.1252846148741,553.8461538461538
106.59694365497477,514.2857142857143
84.90317565595774,450.0
119.86148600454581,480.0
128.49936834952118,600.0
120.0792021442896,600.0
99.56871796769308,514.2857142857143
143.32018013648036,553.8461538461538
133.6568409193904,514.2857142857143
103.35895324549378,480.0
121.60281655132952,514.2857142857143
86.28093648868594,450.0
104.51977482335342,480.0
100.0369613657739,480.0
114.48867379063732,514.2857142857143
129.68982125901823,600.0
152.63194059896068,600.0
90.15364793863496,450.0
115.15182187000286,514.2857142857143
119.34716511192559,480.0
94.01342816123696,450.0
114.71333155481864,514.2857142857143
102.93185195604751,514.2857142857143
139.55783085672414,553.8461538461538
52.05901209888837,360.0
118.17302301342579,553.8461538461538
131.3176509985635,553.8461538461538
112.6862039506331,553.8461538461538
138.2158373024097,514.2857142857143
90.6300499692792,423.52941176470586
102.80223551875778,480.0
97.14004726261335,480.0
83.65154556779734,450.0
119.12899946926275,514.2857142857143
148.13180966775224,553.8461538461538
124.05513937485023,514.2857142857143
81.1298558338521,450.0
93.6863731518528,423.52941176470586
100.35827669456026,480.0
128.49493517808375,514.2857142857143
111.56607908036732,514.2857142857143
103.9635186024383,514.2857142857143
100.14390549848144,514.2857142857143
141.57823630199846,553.8461538461538
104.29865834309503,514.2857142857143
90.85956369966611,514.2857142857143
134.67875794981754,553.8461538461538
139.69339287193307,514.2857142857143
88.60069149346631,514.2857142857143
99.46124440093102,514.2857142857143
133.99401035169194,480.0
127.99419790576992,553.8461538461538
108.74929001189265,514.2857142857143
123.84721731961051,553.8461538461538
125.61281422205762,514.2857142857143
117.22055694473676,553.8461538461538
105.35343417118679,480.0
128.86085765368296,514.2857142857143
124.97247541173871,553.8461538461538
106.75484317288186,480.0
116.90807929100869,514.2857142857143
110.634384381565,514.2857142857143
124.84445817855006,514.2857142857143
131.22184984766184,514.2857142857143
111.0002766273689,480.0
114.65430823646757,480.0
109.75367424061218,450.0
148.38773617151753,553.8461538461538
110.3593501337104,450.0
116.3427365492129,553.8461538461538
90.20552621389162,514.2857142857143
129.78060721237102,480.0
122.71076166884325,514.2857142857143
148.43672851353492,553.8461538461538
99.53063965136889,514.2857142857143
124.2227500530777,514.2857142857143
150.50411582871556,553.8461538461538
138.36629593012933,553.8461538461538
100.08057994921816,480.0
115.32453985677942,480.0
96.57029686071829,480.0
139.38273632617617,600.0
121.86455638818931,480.0
88.59460974882933,480.0
104.0441146822318,514.2857142857143
94.74777516568918,514.2857142857143
106.70066710086124,514.2857142857143
129.3092445062856,600.0
96.34087473067757,480.0
101.25459043199504,480.0
113.84008378488748,480.0
131.6324532268859,553.8461538461538
97.0299550464362,480.0
139.3857912750359,600.0
119.7566235705399,553.8461538461538
184.48770385598797,600.0
92.42569399297648,514.2857142857143
77.7190924365169,514.2857142857143
119.82239223819143,514.2857142857143
96.09782430570574,450.0
113.03971091708696,514.2857142857143
154.48671041823962,553.8461538461538
117.5747939948695,514.2857142857143
139.79358908028556,553.8461538461538
129.3119500646101,553.8461538461538
121.95071825559239,514.2857142857143
122.30873074205454,600.0
151.9533491454615,600.0
110.56935653754194,553.8461538461538
151.1963571936499,600.0
103.4234901978272,480.0
96.82260775773693,480.0
110.1354837967985,480.0
105.75775876413685,514.2857142857143
102.26595807679762,514.2857142857143
92.66722048487115,480.0
113.31113453853513,514.2857142857143
110.58954457114716,480.0
105.50584360740024,514.2857142857143
116.36544927354069,514.2857142857143
136.7224901381612,514.2857142857143
110.18714800943538,553.8461538461538
108.68981770858856,514.2857142857143
112.3348285679752,480.0
111.78240859481613,553.8461538461538
153.66398408648843,600.0
145.46165697590732,553.8461538461538
135.8124944983592,553.8461538461538
122.18859487442059,514.2857142857143
92.18652112846257,450.0
95.82574528900233,553.8461538461538
112.41092521093763,480.0
129.33479750313512,553.8461538461538
146.05091220016513,553.8461538461538
123.1921376432822,553.8461538461538
78.88557076565309,450.0
103.18367672126479,480.0
108.39389630741336,480.0
151.37928484359418,600.0
71.67613581096234,450.0
104.92263551964597,480.0
101.08468881416273,514.2857142857143
111.0153639345509,514.2857142857143
105.50045979127522,480.0
115.9164125732689,514.2857142857143
73.53504726615782,423.52941176470586
82.73897652388897,423.52941176470586
101.15037073937529,514.2857142857143
82.05244998822329,450.0
137.66945952891083,600.0
140.7459837457837,553.8461538461538
70.38497099361328,360.0
96.58462316471262,514.2857142857143
92.34395880420409,514.2857142857143
142.88156771456372,553.8461538461538
117.23696831117303,450.0
110.35896662085243,514.2857142857143
119.14242921505502,514.2857142857143
89.04244564533288,450.0
135.13553763294198,514.2857142857143
94.38920057976355,450.0
122.31154313570256,553.8461538461538
136.95299331186692,553.8461538461538
134.50259657151466,600.0
88.17119135868023,600.0
104.49879024542984,514.2857142857143
83.85113508316437,450.0
94.53994418644444,514.2857142857143
144.4850841899813,600.0
92.89751751330927,480.0
97.54701588113795,450.0
64.14563434528797,400.0
89.27864943221206,423.52941176470586
78.24421569463402,423.52941176470586
119.85987116655984,600.0
163.4499266578297,600.0
103.65789829538214,514.2857142857143
105.35545371407912,480.0
69.7149637691376,400.0
119.47664405619074,514.2857142857143
114.88780420624175,480.0
114.57923558482598,480.0
78.10373303153493,400.0
140.65972919357463,553.8461538461538
90.38664830751097,450.0
126.54077525360337,553.8461538461538
107.27993635835067,514.2857142857143
122.9734338874341,600.0
75.49826191608317,423.52941176470586
131.62735734192876,553.8461538461538
137.72015317331756,553.8461538461538
160.98695569018392,600.0
131.35445555447754,514.2857142857143
82.86362109742636,450.0
99.0934361250774,553.8461538461538
89.42135254001697,514.2857142857143
125.6658696552213,553.8461538461538
128.6559107826519,553.8461538461538
127.2377057948049,514.2857142857143
119.64871938559762,514.2857142857143
119.95683578458907,514.2857142857143
70.30044710653306,423.52941176470586
128.80024979952748,514.2857142857143
103.88037753305075,450.0
100.08595991142273,514.2857142857143
101.5149903010669,480.0
101.70798598989383,514.2857142857143
102.12817034529719,514.2857142857143
71.61372382350957,423.52941176470586
105.98471263027226,514.2857142857143
103.81236804654803,553.8461538461538
145.33422980366666,600.0
119.95295272219043,514.2857142857143
141.45601529393767,553.8461538461538
116.05818828320952,553.8461538461538
108.17858442166522,553.8461538461538
138.03630712457456,553.8461538461538
112.47009710290924,514.2857142857143
96.60753533930003,514.2857142857143
163.83204114408804,553.8461538461538
168.16327217156834,600.0
147.48637013708668,600.0
109.4435835458147,600.0
155.3971318675077,553.8461538461538
120.95546439912896,600.0
144.06662610581165,600.0
117.0106817555494,600.0
168.83660749363102,600.0
145.2409844818581,600.0
138.665986817262,600.0
179.07485844654494,600.0
133.2921996285608,553.8461538461538
160.66861997890163,600.0
152.8653055587075,600.0
144.31845146769285,553.8461538461538
156.99949944708388,553.8461538461538
133.312735041733,600.0
182.24134489780718,600.0
117.39079223177811,600.0
163.4452092865391,600.0
126.1593905641616,600.0
153.54027158164885,600.0
128.50307001335423,600.0
150.2086299095491,600.0
156.3739319788247,600.0
105.58763573815287,553.8461538461538
113.81840688504595,600.0
125.31005894925238,514.2857142857143
152.5087455943682,553.8461538461538
99.92580350062295,514.2857142857143
144.4020716452678,553.8461538461538
156.99610709188337,600.0
103.53534761294536,450.0
139.50115589340524,600.0
85.6042065100481,514.2857142857143
148.79407544380163,553.8461538461538
99.56034558947565,514.2857142857143
96.63690140265906,514.2857142857143
101.31765091030827,480.0
93.4963358435231,450.0
124.38369370206351,553.8461538461538
66.541770836843,423.52941176470586
103.95628317161685,480.0
120.544569751509,600.0
122.19502767326468,514.2857142857143
107.37676602348056,480.0
143.76083398985014,553.8461538461538
101.43120742097064,450.0
135.524867762047,514.2857142857143
86.01173907087755,423.52941176470586
102.03085105139002,423.52941176470586
117.63735720645862,553.8461538461538
92.05736823477041,480.0
90.04317490773113,450.0
156.14474581333403,600.0
115.34303047109367,480.0
109.19119497584356,480.0
89.78109436322204,450.0
105.50354556853837,480.0
102.69427520738596,450.0
69.91974269366716,450.0
138.2961160200027,553.8461538461538
110.58006160448639,480.0
92.69860494055698,514.2857142857143
145.03633451229274,600.0
134.6849507682711,553.8461538461538
139.34945939892336,600.0
80.50062526888244,514.2857142857143
115.08082675258706,514.2857142857143
89.11881013173605,514.2857142857143
151.97048615032193,600.0
141.3537932116282,600.0
111.33667647131348,600.0
130.1820172217315,553.8461538461538
140.58385123797993,600.0
138.14214821156617,553.8461538461538
121.33008632258293,600.0
122.91023315289242,600.0
122.83253168892752,600.0
144.9013949258609,600.0
167.31309168325174,600.0
156.89544109674299,600.0
103.9300143091113,553.8461538461538
144.96859865717582,600.0
107.79457484150588,553.8461538461538
140.4810263604678,600.0
145.04703870179745,553.8461538461538
86.70891376656739,514.2857142857143
101.23399958064873,514.2857142857143
113.087630746451,553.8461538461538
116.89103178331986,553.8461538461538
126.5102431720026,553.8461538461538
93.73358841889686,553.8461538461538
123.2356186141333,553.8461538461538
114.47817239890772,514.2857142857143
112.8680973978465,600.0
118.24243461324227,600.0
123.10587864831938,600.0
119.00973717139355,553.8461538461538
124.86165859535542,553.8461538461538
115.40950758870757,600.0
141.58236723602488,553.8461538461538
117.56133667828054,553.8461538461538
109.3887351957128,480.0
102.22394854720122,450.0
106.71874551812815,514.2857142857143
98.11513276654898,514.2857142857143
85.92359418890706,450.0
103.16415856678198,514.2857142857143
107.75827271853233,480.0
85.224431209105,450.0
83.61246114249786,423.52941176470586
130.0414153088679,514.2857142857143
124.65599453050251,514.2857142857143
119.9318179393099,514.2857142857143
89.74791919651625,480.0
140.04852415135852,553.8461538461538
73.21001193485081,423.52941176470586
109.88537746828685,514.2857142857143
126.98313263746937,514.2857142857143
119.63454672899692,553.8461538461538
140.04682800635734,553.8461538461538
97.34895732722437,450.0
81.78754471082348,423.52941176470586
94.22634568127975,480.0
122.3212302285801,553.8461538461538
133.55436139447121,600.0
120.05797569029073,480.0
119.61770587024323,553.8461538461538
79.22925185881923,480.0
125.6043577736205,600.0
150.52218169630288,600.0
122.6454558482246,553.8461538461538
123.35222510571501,553.8461538461538
126.78952203602992,514.2857142857143
131.08289576594916,600.0
166.0829235135066,600.0
140.08739759700168,600.0
121.16832175887238,600.0
171.9655310697067,600.0
127.40259128012644,600.0
120.69275436997259,600.0
102.33867609088192,553.8461538461538
143.85847673474106,600.0
147.67319310899435,600.0
138.6516491315179,600.0
133.05979064183205,553.8461538461538
134.10351429943728,553.8461538461538
103.36709019907259,514.2857142857143
133.12146120194305,600.0
152.30786296198744,600.0
125.73999829044558,514.2857142857143
137.60034177318948,600.0
111.74509886460679,514.2857142857143
105.40989193407829,514.2857142857143
88.51815767610056,450.0
101.70393201517064,450.0
106.80130222982699,553.8461538461538
133.8747214265822,553.8461538461538
100.14142606596886,450.0
121.22822762750135,553.8461538461538
105.71483298229366,480.0
142.1438095836316,514.2857142857143
134.6894431156171,553.8461538461538
134.2072928411173,553.8461538461538
145.66480111676887,600.0
118.63454151918107,600.0
125.4671369321179,600.0
127.95017274820748,600.0
150.91825490959545,600.0
141.25131033919737,600.0
126.78544048645456,600.0
148.58555733937055,600.0
138.99419292331885,553.8461538461538
160.76008895798722,600.0
146.57514916516172,600.0
152.62099253403946,600.0
152.36785292577392,600.0
149.76541919289636,600.0
138.78141975186887,600.0
131.67631194484918,553.8461538461538
145.4480947128307,553.8461538461538
120.75189385599694,480.0
132.46633486255533,600.0
149.07047287601384,600.0
107.71203231800253,514.2857142857143
116.27776647750278,553.8461538461538
144.78855292218444,600.0
135.06450596866372,600.0
141.47269314036524,600.0
122.12800723697642,600.0
168.8397297956869,600.0
137.44437684148372,600.0
121.57948633747627,600.0
147.21430363557133,600.0
113.0683862826386,553.8461538461538
159.07858304735484,600.0
169.92620913655153,600.0
139.21454472339727,600.0
120.00108763114127,553.8461538461538
153.28868993905664,600.0
138.22837152044863,600.0
164.72075111411732,600.0
131.85108023734804,553.8461538461538
139.30566069764868,553.8461538461538
104.87681403330565,553.8461538461538
124.361446372429,553.8461538461538
103.59861877126984,553.8461538461538
143.1466264769939,600.0
155.1065169817097,600.0
152.6336457764709,600.0
161.8124356598,600.0
157.66019035254226,600.0
152.64181111284122,600.0
134.63684527450678,553.8461538461538
118.57506084755299,600.0
135.19806824174495,553.8461538461538
145.2749046780494,600.0
123.89704253675654,514.2857142857143
120.31412313551712,514.2857142857143
112.65330205334597,480.0
145.6261191526889,553.8461538461538
84.57210545078722,423.52941176470586
132.38689241484343,553.8461538461538
119.73590210840646,514.2857142857143
84.00995596994427,423.52941176470586
122.16162656105531,553.8461538461538
145.97989927103396,553.8461538461538
88.792654799528,480.0
89.1395451692821,423.52941176470586
106.28546666268035,480.0
106.9229447489852,450.0
120.72609346512193,514.2857142857143
138.1544501469676,553.8461538461538
135.2526353429557,600.0
145.4457754465322,600.0
156.61909621759048,553.8461538461538
108.44332203875977,553.8461538461538
134.24324181844318,600.0
154.456286402603,600.0
135.924058278447,600.0
143.1803438367758,600.0
152.22956130605684,600.0
153.0610033656898,600.0
144.83762824743505,600.0
134.5764617477847,600.0
144.82624266137125,600.0
119.69649346214096,600.0
134.0278333581665,600.0
141.93246087420638,600.0
131.48365532305596,514.2857142857143
133.0298512302466,600.0
139.0160995419393,553.8461538461538
142.42532640483986,600.0
139.36862695869402,600.0
139.98697497635428,600.0
119.1808856978963,553.8461538461538
112.91378304102055,600.0
127.51757175423434,600.0
135.1001652350196,600.0
169.63164170663472,600.0
136.7330953028568,600.0
118.1003650629544,553.8461538461538
132.56216828939822,553.8461538461538
141.15278443355075,600.0
114.27336543308277,553.8461538461538
125.96295997608853,600.0
112.4068509041479,514.2857142857143
126.78342006187967,553.8461538461538
167.25399591972217,600.0
123.78684093922548,553.8461538461538
134.37492859519082,600.0
152.75882511790212,600.0
126.96373441931823,553.8461538461538
125.12778096752776,553.8461538461538
133.89499793133487,553.8461538461538
145.58253927266546,600.0
124.46865701934207,600.0
123.48243888626445,600.0
123.739508612958,600.0
127.69526320750452,600.0
129.43976777047476,600.0
125.6853161362649,553.8461538461538
125.84110051048357,600.0
145.88914887995915,600.0
122.517975072244,600.0
141.03713121883152,600.0
161.83172541707523,600.0
151.74801238787455,600.0
141.4661592201186,600.0
153.2263514462335,600.0
153.54963812448597,600.0
138.76161366818857,600.0
154.21006235684027,600.0
165.33521308636114,600.0
170.2637027416317,600.0
132.89832892369967,553.8461538461538
159.74097796525976,600.0
143.19497367960676,600.0
144.72666442668628,600.0
154.5101924648141,600.0
140.0280729112197,553.8461538461538
154.65095903931373,600.0
155.54583184552953,600.0
172.63162329412603,600.0
160.79760913044294,600.0
154.36322324489268,600.0
157.8250837228146,600.0
156.07051376475155,600.0
145.5837303838313,600.0
169.92409056958635,600.0
158.9571184414548,600.0
177.680562800719,600.0
158.6326354120977,600.0
163.29331721129245,600.0
165.6380539689823,600.0
168.4278864028123,600.0
169.0393196901588,600.0
140.86520095790632,553.8461538461538
156.2849094180191,600.0
158.84817450280863,600.0
164.03996641262435,600.0
161.51145547384607,600.0
135.25879190064336,553.8461538461538
175.8433308635547,600.0
153.3769553726387,600.0
155.6691770102748,600.0
136.8899862563946,553.8461538461538
164.63689538446812,600.0
159.67126699363524,600.0
164.874425704441,600.0
164.02918559950135,600.0
172.85601275209078,600.0
161.40141985763117,600.0
126.88410831950384,514.2857142857143
153.67987469340315,553.8461538461538
160.83303478057954,600.0
172.9464910880272,600.0
173.89533445425852,600.0
172.6160761632734,600.0
162.40714362966438,600.0
170.72706552869911,600.0
147.51733932106006,553.8461538461538
163.74506573718648,600.0
168.39067911136095,600.0
172.91735288320535,600.0
167.5947200709156,600.0
167.0113056555883,600.0
158.8789073281895,600.0
185.8183302243567,600.0
170.81857408093114,600.0
177.88305959815864,600.0
176.67017538957134,600.0
166.52162697223466,600.0
179.19672456661388,600.0
174.81663354170323,600.0
149.4608484016846,553.8461538461538
169.87108560115144,600.0
160.14397320617243,553.8461538461538
162.95159451515357,600.0
173.59868160178667,600.0
173.16869377040925,600.0
164.54043231174379,600.0
168.81723041603144,600.0
158.6751365262179,600.0
164.78934468323314,600.0
165.7993703700197,600.0
166.4421690317983,600.0
182.22243331866517,600.0
169.84830347888325,600.0
184.1598376782058,600.0
156.84976609944712,553.8461538461538
176.07158351235455,600.0
177.89898195073764,600.0
171.4250698046029,600.0
164.80252102261605,553.8461538461538
168.13858985928115,553.8461538461538
172.33919839541693,600.0
181.70726361998865,600.0
171.80148304966133,600.0
177.83215181055593,600.0
166.18723173938668,600.0
179.65816054679388,600.0
173.20740974952832,600.0
169.7657321595993,600.0
178.38859231923075,600.0
176.96151732979558,600.0
153.55528778256536,553.8461538461538
189.08864653176383,600.0
180.4133860961606,600.0
142.40215213203973,514.2857142857143
169.4801299566605,553.8461538461538
178.98248818933394,600.0
171.0324345915559,600.0
172.8256581246744,600.0
175.16586113004482,600.0
175.34819351015992,600.0
171.07017618232848,600.0
180.6801373695096,600.0
187.76711316777778,600.0
179.0912691919843,600.0
157.13187847222284,553.8461538461538
172.81896850804932,600.0
177.14882852889014,600.0
181.21945747023688,600.0
172.2784815001811,600.0
172.76330667738648,600.0
159.98314928488486,553.8461538461538
186.99060874436395,600.0
180.1416839547169,600.0
172.36230045606263,600.0
159.02524802806178,553.8461538461538
142.98862515721405,514.2857142857143
167.13790409809715,600.0
150.71175653347396,553.8461538461538
187.84905370224558,600.0
186.50304835682712,600.0
186.55062846782593,600.0
186.6034299743542,600.0
151.18043954798713,553.8461538461538
190.8839500920677,600.0
178.29899119740867,600.0
172.50085706440078,600.0
184.17138149564457,600.0
179.0641070190214,600.0
175.9029631154808,600.0
184.55851330301505,600.0
171.89629870639524,600.0
140.39562507030203,553.8461538461538
184.78223529216652,600.0
167.99353517175518,600.0
183.61912662224714,600.0
162.45690511714386,553.8461538461538
174.6869561733588,600.0
179.8443649819054,600.0
176.66301662017585,600.0
175.00785394446496,600.0
171.5908521688017,600.0
162.5833905075741,553.8461538461538
184.3474293496059,600.0
185.01223228557714,600.0
171.6283342177344,600.0
182.34637019590397,600.0
170.14005438726372,553.8461538461538
191.95146533213395,600.0
173.84051933383384,600.0
188.8978485300537,600.0
158.92453357304842,553.8461538461538
192.04098088261256,600.0
173.54943278533804,600.0
184.7001413307994,600.0
175.59165493803292,600.0
199.82329210619994,600.0
190.75567517032678,600.0
199.31771011341675,600.0
195.12631864066546,600.0
187.01220285148395,600.0
195.51473908515564,600.0
194.9782968128578,600.0
197.4136737912165,600.0
189.8199367866288,600.0
185.35073669282713,600.0
188.10613943413705,600.0
191.53003474894663,600.0
195.30432843207026,600.0
179.50458548942228,600.0
170.38187318387975,553.8461538461538
180.35521976800842,600.0
181.5085109983885,600.0
163.31113672751275,553.8461538461538
182.92473379746914,600.0
193.76447346568088,600.0
193.8727412599485,600.0
187.4280914970641,600.0
186.97779688377264,600.0
187.0101214513983,600.0
174.90242586470893,600.0
182.45458593093818,600.0
191.68477652476244,600.0
179.7861448570412,600.0
183.78624301083218,600.0
141.39648065190872,514.2857142857143
177.51441293106313,600.0
171.9701738838036,600.0
187.5538425719,600.0
175.8547442422387,600.0
191.72198536534117,600.0
180.88758492567968,600.0
183.27386110640407,600.0
188.4064985272811,600.0
179.7744537687406,600.0
181.8838301098946,600.0
183.26626521284643,600.0
183.47390251963222,600.0
158.74262515759176,553.8461538461538
176.765430083684,600.0
189.97599439141405,600.0
185.56806821376526,600.0
163.2633738019677,553.8461538461538
180.8647197797279,600.0
189.42906439032762,600.0
181.13002642548236,600.0
185.39933741188904,600.0
192.9399602672153,600.0
169.80877707573475,553.8461538461538
188.4804279106129,600.0
171.60299027357345,600.0
176.2833597684868,600.0
188.80769189712097,600.0
155.24376700080512,553.8461538461538
179.95427477534676,600.0
155.98541658144705,553.8461538461538
188.6744356824629,600.0
189.96418837599603,600.0
192.5596682361883,600.0
181.2977683981692,600.0
167.02869373969844,600.0
186.56056686315472,600.0
187.6550224123589,600.0
183.85904594447584,600.0
182.34779203181475,600.0
184.94731119200682,600.0
188.22871973873006,600.0
185.11490962839468,600.0
189.30468824922733,600.0
152.9301965579717,553.8461538461538
194.3520264999753,600.0
182.1099697061275,600.0
189.33132418518926,600.0
180.4161575236633,600.0
183.23503940348053,600.0
163.58047247761715,553.8461538461538
183.5133133628389,600.0
183.63024403734798,600.0
174.89627225620652,600.0
186.63061058965135,600.0
175.91485629693798,600.0
178.43393266342483,600.0
182.5382657048365,600.0
182.21689118030656,600.0
188.26472868798444,600.0
159.97181486560373,553.8461538461538
188.81758503934418,600.0
172.77402914218067,600.0
187.509387610223,600.0
168.38892795713616,553.8461538461538
185.0577114218099,600.0
187.2089473527775,600.0
177.52814222406525,600.0
172.10663670219733,553.8461538461538
165.42929172756382,600.0
179.01396355141318,600.0
194.18034426269796,600.0
180.35795168265872,600.0
189.46893480010053,600.0
189.38196111427882,600.0
200.7113245904601,600.0
194.14118464390208,600.0
186.85277786036113,600.0
166.01410946569098,600.0
182.39328121009103,600.0
183.53968498681925,600.0
190.00514052502214,600.0
179.75109446201395,600.0
187.5993533403889,600.0
173.33116322259787,600.0
184.27880983702732,600.0
187.12974147723136,600.0
164.46318069616925,553.8461538461538
168.85200329404748,553.8461538461538
190.0648925059836,600.0
175.54182412864498,600.0
188.5002594875192,600.0
189.97855401867,600.0
186.21141026642286,600.0
184.98728185052144,600.0
190.46332758138712,600.0
183.89060193424677,600.0
192.16979023010808,600.0
191.35345990993585,600.0
191.1827278197927,600.0
180.36642144102245,600.0
191.7632075207955,600.0
190.47086142806498,600.0
181.5337308265296,600.0
191.6460993014894,600.0
189.4442054169459,600.0
179.95235115651425,600.0
185.36657265488324,600.0
189.90744319944585,600.0
176.52778780810277,600.0
190.76847884133772,600.0
191.71577592008313,600.0
190.9355713272888,600.0
176.62252491147078,600.0
182.9352524788545,600.0
189.69055859071557,600.0
187.99527013112728,600.0
178.13489064448427,600.0
184.85085339485718,600.0
188.27647410160444,600.0
192.06057473257468,600.0
188.01134739919019,600.0
190.14659833652047,600.0
187.8518042801288,600.0
186.5161018252392,600.0
183.22113538997357,600.0
187.24481871462547,600.0
189.1551601245507,600.0
183.41997954409666,600.0
191.49639309315714,600.0
167.95310125406243,553.8461538461538
176.8534959195877,600.0
186.88971915647303,600.0
191.9984893210807,600.0
182.66353652692578,600.0
190.9864210483265,600.0
182.07347351797787,600.0
175.95919833446303,600.0
188.59554841108647,600.0
196.57954018940976,600.0
185.123180967038,600.0
184.59668536921117,600.0
190.23535024904777,600.0
186.61829646464045,600.0
189.99669861007814,600.0
182.73979507692366,600.0
183.28108690204337,600.0
188.26027421371296,600.0
183.47163409547863,600.0
192.4175076018258,600.0
186.66842448124473,600.0
172.5288562545367,553.8461538461538
190.96946159716563,600.0
192.37161627549168,600.0
189.11806577791108,600.0
160.1074688212499,553.8461538461538
181.27669262309482,600.0
190.0607150022564,600.0
199.52785439770366,600.0
201.562571612107,600.0
193.14936252198493,600.0
183.77027043064865,600.0
187.92537891756572,600.0
197.79668495427188,600.0
166.08939912383536,553.8461538461538
188.74538188735565,600.0
187.77752876199327,600.0
183.1488376266624,600.0
184.0610087742401,600.0
164.21580711336475,600.0
182.94503039459832,600.0
200.45703598392382,600.0
193.9678520622988,600.0
153.9656818800929,514.2857142857143
189.25292297161752,600.0
192.4076532106395,600.0
202.45947205797515,600.0
190.99274290308617,600.0
186.2007220034669,600.0
174.73438740542724,553.8461538461538
192.9416117337155,600.0
184.72225801449397,600.0
187.5111985548841,600.0
186.95285957785327,600.0
189.28831420378174,600.0
184.0997114655179,600.0
199.71271543879308,600.0
165.13938227798127,553.8461538461538
190.9831863086073,600.0
181.39642584037242,600.0
196.23930706671254,600.0
200.2808633828378,600.0
196.21770560284202,600.0
194.06018198402316,600.0
173.71932045897455,553.8461538461538
189.9269083028341,600.0
168.25125079414678,553.8461538461538
158.26483378389113,553.8461538461538
199.3097964513645,600.0
153.45357814894302,553.8461538461538
190.82428000291364,600.0
186.20506884535328,600.0
175.85659334745557,553.8461538461538
179.9157917216146,600.0
161.4752652913355,553.8461538461538
169.20403831120296,553.8461538461538
198.09225341727722,600.0
191.74304244137807,600.0
190.21906261394665,600.0
178.37472008260872,600.0
183.15293197083494,600.0
186.79191300391065,600.0
180.68574831989568,600.0
179.26429452202694,600.0
172.47119163382976,600.0
181.23741565219586,600.0
160.31444000460652,553.8461538461538
190.5984073855473,600.0
193.42640239283753,600.0
180.03957876334172,600.0
155.2560803516798,553.8461538461538
184.30773960671164,600.0
189.38299526260462,600.0
176.82418000245423,600.0
169.7317236753919,553.8461538461538
171.4293545586149,553.8461538461538
189.5875691385376,600.0
190.52751221320352,600.0
186.7488363715869,600.0
186.4852107931944,600.0
200.42684065592866,600.0
179.86295535341196,600.0
191.699751567893,600.0
164.0666800534515,553.8461538461538
156.458175236719,553.8461538461538
185.21066633057717,600.0
179.58742181121804,600.0
163.13214320295648,553.8461538461538
177.51478675051644,600.0
147.92663864092606,514.2857142857143
188.27587032717133,600.0
186.9251689689353,600.0
187.719669989091,600.0
183.65290377360918,600.0
148.20043037786328,514.2857142857143
184.72715422702595,600.0
177.10408903192783,600.0
172.4910727478164,553.8461538461538
188.9209801835261,600.0
181.5943191463879,600.0
169.8651507561226,553.8461538461538
174.99345689614847,600.0
164.5406903122489,553.8461538461538
187.5410270869602,600.0
185.08182402164434,600.0
185.4271384047436,600.0
192.07093498707047,600.0
190.9837107991705,600.0
159.95604984401322,553.8461538461538
188.72779946092643,600.0
193.76855848910216,600.0
188.1058327594462,600.0
175.38495045418782,600.0
173.27569846170354,600.0
187.49373653198833,600.0
166.97906478242598,553.8461538461538
195.04515043493208,600.0
188.3692649313125,600.0
189.89911963950183,600.0
190.81235321421994,600.0
184.7263764907016,600.0
175.48457457072286,600.0
181.23628619873512,600.0
190.72678271410663,600.0
184.1324313477135,600.0
187.1908847249267,600.0
181.91582555670513,600.0
176.59474744529834,600.0
177.2929901072448,600.0
184.22088683356841,600.0
180.9412979773733,600.0
178.35431942260755,600.0
178.2012895293345,600.0
191.19535126792263,600.0
141.1649686963933,514.2857142857143
191.67387522618114,600.0
177.44405994560395,600.0
174.91753443187923,553.8461538461538
188.53746342815973,600.0
167.17273695292462,553.8461538461538
196.37351105325175,600.0
191.21303779502614,600.0
178.99279655374502,600.0
184.15987722568275,600.0
186.7465042911193,600.0
183.46069889474322,600.0
203.18725696725735,600.0
184.9252290186379,600.0
177.72308520951276,553.8461538461538
198.31428063424895,600.0
163.75887731152002,553.8461538461538
194.58642576869954,600.0
189.5824945026054,600.0
184.79181556657565,600.0
188.46954477197812,600.0
187.21853207609593,600.0
194.66327828372633,600.0
189.53695150668236,600.0
175.69542127381874,600.0
175.02937553187473,600.0
189.1731912969651,600.0
193.925316807444,600.0
171.62859879650372,553.8461538461538
195.06912799179597,600.0
184.9376324908334,600.0
194.2533417175985,600.0
201.90954391382232,600.0
193.56535827620564,600.0
186.88338926559092,600.0
163.17799204220194,553.8461538461538
176.64318143218665,600.0
180.36234864171547,600.0
180.69958196462844,600.0
189.38694096289603,600.0
177.0111317057883,600.0
179.8572600121515,600.0
184.21145353655274,600.0
191.8009972498859,600.0
188.62871061383547,600.0
186.88886732595515,600.0
184.4264947400599,600.0
169.85980061682272,553.8461538461538
200.80904787320114,600.0
196.67267965618905,600.0
181.4394883072988,553.8461538461538
176.93646223087055,600.0
193.6534680530178,600.0
181.50525050252182,600.0
190.06158082525556,600.0
191.6999596097779,600.0
182.3907743709425,600.0
196.96470736926972,600.0
191.9521243160855,600.0
167.82926886383171,553.8461538461538
181.4883535481367,600.0
183.803686347999,600.0
182.48214718165752,600.0
182.96064737234943,600.0
169.95460475262553,553.8461538461538
192.10726144803075,600.0
198.19611724311667,600.0
198.6883659474436,600.0
152.41063609700203,514.2857142857143
189.84756533815334,600.0
182.8283448108693,600.0
182.6554298648923,600.0
161.88817729461482,553.8461538461538
194.61389631669707,600.0
197.5780869818889,600.0
161.38454369863211,553.8461538461538
168.74522136368097,553.8461538461538
195.05190393424496,600.0
183.38027535082415,600.0
187.08595158325772,600.0
185.36930579681163,600.0
186.29721065655394,600.0
178.28399301931532,600.0
145.8846447220378,514.2857142857143
183.70429012596273,600.0
183.1393324790732,600.0
158.50793471695044,553.8461538461538
136.5608889740881,514.2857142857143
156.30371883651785,553.8461538461538
186.1802967551221,600.0
160.44148014078766,553.8461538461538
155.84130288768662,553.8461538461538
179.86298588506557,600.0
166.17009544260068,553.8461538461538
174.88889771627996,553.8461538461538
167.3611392458167,553.8461538461538
162.11386062314216,553.8461538461538
164.68704748100993,553.8461538461538
167.45523162410984,553.8461538461538
190.87153627827016,600.0
159.44226286365586,553.8461538461538
160.48593813576105,553.8461538461538
157.4481330535687,514.2857142857143
191.6059338654426,600.0
165.44957976900056,553.8461538461538
179.87430817706786,600.0
164.8921323818572,553.8461538461538
181.278111835863,600.0
161.405702455533,553.8461538461538
143.66091758664675,514.2857142857143
162.0006107505111,553.8461538461538
169.12956287734204,553.8461538461538
189.63363748076938,600.0
188.15970528608275,600.0
151.01287458629093,514.2857142857143
173.4202280482378,553.8461538461538
165.16203085847016,553.8461538461538
170.04637390416426,553.8461538461538
163.24830781992466,553.8461538461538
152.82327746956133,514.2857142857143
168.96675239867096,553.8461538461538
132.37896084598677,480.0
190.3870293428968,600.0
167.27977769748534,553.8461538461538
134.73192163931697,514.2857142857143
162.54707425300032,553.8461538461538
170.2355062994554,553.8461538461538
185.08802493687293,600.0
152.82417549033073,553.8461538461538
181.3166531379867,600.0
148.20368236569703,514.2857142857143
173.02978439965142,553.8461538461538
166.94137798348441,553.8461538461538
137.58047802586228,514.2857142857143
182.99368657361515,600.0
163.42032202951026,553.8461538461538
118.21361881861694,480.0
145.6871117762897,514.2857142857143
164.39541136887135,553.8461538461538
157.33806885290582,553.8461538461538
181.81729374692893,600.0
148.12474060775034,514.2857142857143
151.51708886846413,514.2857142857143
183.8113119472292,600.0
184.82230709228097,600.0
185.41491637186797,600.0
187.7560080265624,600.0
189.91991504285514,600.0
136.41702415039626,514.2857142857143
172.9768031422909,553.8461538461538
184.344347670553,600.0
193.81310185226133,600.0
185.74323953346286,600.0
170.80543653195835,553.8461538461538
192.34477471578725,600.0
169.1965076247827,553.8461538461538
188.13378973686133,600.0
178.10196955589677,600.0
176.0932414822969,600.0
188.74659774128295,600.0
167.7349032924272,553.8461538461538
168.17147246240935,553.8461538461538
196.23821764057064,600.0
184.99758255663787,600.0
193.07082747250755,600.0
179.3334771863529,600.0
194.71803620554547,600.0
184.4110257749569,600.0
186.41447788040873,600.0
177.18417246935314,553.8461538461538
188.1323826786132,600.0
186.0183908789977,600.0
200.9154856592121,600.0
185.86090754920076,600.0
193.34140672178535,600.0
191.47171056106535,600.0
196.53864147748865,600.0
194.09526077676992,600.0
204.30077681126673,600.0
170.37154122722524,553.8461538461538
165.83706008365704,553.8461538461538
171.02270353783908,553.8461538461538
194.79205898013925,600.0
140.42959427284015,514.2857142857143
193.12615148912448,600.0
190.5992389087744,600.0
200.93708304396554,600.0
199.9354134086491,600.0
198.03407351008647,600.0
192.7193091153473,600.0
191.3506080011332,600.0
169.27302765904622,553.8461538461538
196.6619695334224,600.0
191.6279342674072,600.0
190.40963898951097,600.0
177.0176721856713,553.8461538461538
195.81315749599844,600.0
193.43580052381958,600.0
200.18699159836765,600.0
156.17631301555778,553.8461538461538
183.60873276714156,600.0
177.56662993381445,553.8461538461538
189.073300243832,600.0
198.23621214712455,600.0
198.127607032261,600.0
192.8604184490284,600.0
191.58445198473814,600.0
176.87021702614473,553.8461538461538
191.36770786400007,600.0
196.89513809690357,600.0
174.63045283629282,553.8461538461538
186.25064935998046,600.0
166.24581121941432,553.8461538461538
190.3568708231112,600.0
187.69469859609924,600.0
192.48012605004945,600.0
168.60931218775113,553.8461538461538
175.57919696925728,553.8461538461538
190.8178419931511,600.0
194.09388304812418,600.0
196.4811330314823,600.0
197.6123056910319,600.0
197.2851670796272,600.0
196.41188077357586,600.0
206.36624349200386,600.0
189.96827705505586,600.0
194.55024049282568,600.0
195.90926234650166,600.0
182.37622361552994,600.0
193.54653295053984,600.0
184.84280489814364,600.0
193.21751886888146,600.0
197.39190385098695,600.0
199.86880245533288,600.0
152.1165493791329,514.2857142857143
193.27620197968596,600.0
197.1723324131124,600.0
170.5224324238255,553.8461538461538
194.91892478710452,600.0
197.35435621700765,600.0
199.67368928806374,600.0
193.03453021882933,600.0
188.13200145975884,600.0
195.8464045267311,600.0
172.49360730399232,553.8461538461538
158.2099036112356,553.8461538461538
181.42034826646886,553.8461538461538
196.4735512075055,600.0
196.53606130286747,600.0
190.27305969855055,600.0
194.25958195827698,600.0
192.4286547798313,600.0
173.90630561548824,553.8461538461538
199.70281696172478,600.0
193.74371240297214,600.0
172.79799242561464,553.8461538461538
176.5681239777345,553.8461538461538
188.08348868062208,600.0
168.62694429944074,553.8461538461538
166.05612760523866,553.8461538461538
196.3904363683612,600.0
198.68893241803514,600.0
168.4168554286172,553.8461538461538
156.52692400009104,514.2857142857143
174.2347646460428,553.8461538461538
150.91342817621745,514.2857142857143
151.4134148579612,514.2857142857143
169.2862338815356,553.8461538461538
171.95436928493856,553.8461538461538
175.21407377227706,553.8461538461538
167.60850635096347,553.8461538461538
167.03742183683892,553.8461538461538
177.43290767458834,553.8461538461538
152.55306257216438,514.2857142857143
176.01726647918434,553.8461538461538
188.45666062472378,600.0
130.59347421608365,480.0
161.29949584219784,514.2857142857143
139.84682257417163,480.0
168.7518639499529,553.8461538461538
175.6709353756789,553.8461538461538
152.1857718551367,514.2857142857143
195.04301735671643,600.0
199.5408211948875,600.0
172.82190310814755,553.8461538461538
173.2936926363012,553.8461538461538
168.9103500030547,553.8461538461538
169.28775230685284,553.8461538461538
177.82924643660104,553.8461538461538
198.58611974106347,600.0
206.04832389828297,600.0
145.1174389035195,514.2857142857143
185.6854895416643,600.0
191.8339462442324,600.0
174.1675109890965,553.8461538461538
182.7540012018184,600.0
199.32724470642543,600.0
173.75551008932146,553.8461538461538
198.7977773636161,600.0
187.45154525825697,600.0
191.86759485871497,600.0
172.19646261884856,553.8461538461538
187.91635866941735,600.0
191.72801495435533,600.0
172.2154495733897,553.8461538461538
174.7028138447539,553.8461538461538
192.44975939432285,600.0
171.46383886048696,553.8461538461538
171.61441792244875,553.8461538461538
201.0406294758014,600.0
167.69782383902614,553.8461538461538
194.7276195123936,600.0
166.9803957482212,553.8461538461538
158.8820365362054,514.2857142857143
166.0096521436773,553.8461538461538
169.2573666094076,553.8461538461538
200.4058310257697,600.0
165.97463405552497,553.8461538461538
188.04219956113135,600.0
176.6330154850845,553.8461538461538
194.75044268947934,600.0
174.35445473915894,553.8461538461538
167.57404309880823,553.8461538461538
199.37636205696398,600.0
178.7606544242877,600.0
193.1766294285192,600.0
174.01948245312167,553.8461538461538
175.13765759313432,553.8461538461538
190.55337439853793,600.0
196.7900082737534,600.0
155.85000264536453,514.2857142857143
205.47074363942752,600.0
199.1976388530031,600.0
189.40988665827953,600.0
164.67509300936592,553.8461538461538
168.66321552636282,553.8461538461538
164.31083652230808,553.8461538461538
186.09525550822434,600.0
165.05031141289356,553.8461538461538
156.64548906264378,553.8461538461538
151.52038756469616,514.2857142857143
195.7618783293672,600.0
171.37623284527925,553.8461538461538
196.4208359597416,600.0
203.2976884738565,600.0
191.96620593268304,600.0
200.91980190162533,600.0
194.94006447970125,600.0
187.93138089339482,600.0
192.40986717273972,600.0
150.82510079294156,514.2857142857143
168.67576915963522,553.8461538461538
156.46801847678884,514.2857142857143
192.73751587526536,600.0
151.6671369692229,514.2857142857143
199.00633517714496,600.0
155.96206472023263,514.2857142857143
168.1849980568419,553.8461538461538
175.26295903609227,553.8461538461538
146.6335736537937,514.2857142857143
203.39558036180054,600.0
181.83953068014077,553.8461538461538
170.71578999408064,553.8461538461538
177.5102855021394,553.8461538461538
196.15677034127677,600.0
155.0598793894876,514.2857142857143
198.0717337116254,600.0
146.46223653002568,514.2857142857143
177.7827183057122,553.8461538461538
177.04359413653245,553.8461538461538
120.07950838039982,480.0
162.5784513630294,553.8461538461538
125.0232013297647,480.0
165.16709699942027,553.8461538461538
129.6505313705763,450.0
137.1501786035791,480.0
159.20566362978795,514.2857142857143
153.72053092216768,553.8461538461538
142.62905359851123,514.2857142857143
158.04038880232125,514.2857142857143
203.66894091510065,600.0
194.51370573740851,600.0
153.98511814465968,514.2857142857143
172.51292896860588,553.8461538461538
168.88163028589886,553.8461538461538
193.16720384078033,600.0
176.5677787841774,553.8461538461538
192.43454719087973,600.0
197.54802007130738,600.0
212.26402527243218,600.0
170.9447786194413,553.8461538461538
156.13848584982702,514.2857142857143
154.59219939144214,514.2857142857143
159.478661211212,514.2857142857143
179.0528723566564,553.8461538461538
171.10690422787155,553.8461538461538
167.5498592234374,553.8461538461538
193.8701187115615,600.0
117.6931614479116,450.0
160.05628757014213,514.2857142857143
135.3741220809601,480.0
193.75015561153518,600.0
202.33673667152698,600.0
127.24553393326116,450.0
167.25047415936692,553.8461538461538
152.3742032123694,514.2857142857143
170.38486780140968,553.8461538461538
188.7721143030661,600.0
178.727623427989,553.8461538461538
123.13060224426185,450.0
168.47939469076553,553.8461538461538
175.99474531617665,553.8461538461538
180.3692980423047,553.8461538461538
174.9219628740605,553.8461538461538
152.76995233583028,514.2857142857143
196.1837936697866,600.0
180.67836772832504,553.8461538461538
173.4169609990372,553.8461538461538
138.23205395087834,480.0
164.00846388738975,514.2857142857143
173.01313215672423,553.8461538461538
130.21688776620294,480.0
194.71726530754358,600.0
128.44878127230942,480.0
170.98069494520786,553.8461538461538
163.70898409049403,553.8461538461538
194.7373593910265,600.0
