ep_returns,ep_lens
22.040768129084487,553.8461538461538
12.5767511814699,378.94736842105266
20.807609093948905,514.2857142857143
22.658714046304436,400.0
21.769402290258743,400.0
36.49787922431188,514.2857142857143
33.88059610377885,480.0
46.4188922224223,553.8461538461538
54.88750086080552,553.8461538461538
46.2650718075491,480.0
43.55470168865898,378.94736842105266
41.49732378622808,360.0
58.21693302153687,450.0
50.81774125478672,342.85714285714283
47.43084827553511,378.94736842105266
51.97176574860273,360.0
55.30349735286319,378.94736842105266
53.87984558909651,360.0
57.276781042470745,313.04347826086956
59.65912457622833,360.0
60.83001886503466,360.0
55.38558631862588,342.85714285714283
59.46992297213926,327.27272727272725
63.55329775230308,342.85714285714283
62.36539068503809,360.0
61.07817496040639,327.27272727272725
55.70271521701072,400.0
56.219376613832935,342.85714285714283
56.136673617066116,360.0
60.02875141056976,342.85714285714283
59.80680469248004,342.85714285714283
56.30580838530946,342.85714285714283
62.86497406097897,327.27272727272725
61.568819952924414,342.85714285714283
56.02217259005464,342.85714285714283
55.04725849262023,313.04347826086956
62.70006278989554,360.0
58.47013287757377,378.94736842105266
61.81919742434673,327.27272727272725
61.404983802277144,400.0
72.24462432747767,400.0
66.30985279076646,342.85714285714283
51.37686954692901,342.85714285714283
67.45430549458077,327.27272727272725
64.6165500165655,360.0
72.02629737005024,342.85714285714283
71.7688686849677,378.94736842105266
78.01934682728299,360.0
66.07339038275447,342.85714285714283
59.7692595889347,342.85714285714283
73.15564953553975,378.94736842105266
62.181140603403186,313.04347826086956
61.78483063046459,313.04347826086956
67.23595303799978,327.27272727272725
63.18266874092033,313.04347826086956
48.17650592043231,300.0
55.05823887506128,300.0
53.94645591011247,300.0
63.42423199596634,313.04347826086956
53.35278028539347,327.27272727272725
62.128383809673984,327.27272727272725
60.53591215251027,313.04347826086956
63.93498429943122,327.27272727272725
56.643198785373166,327.27272727272725
67.48257802306419,342.85714285714283
69.76786692316836,360.0
63.40178101940398,327.27272727272725
63.769386543879726,327.27272727272725
72.32188610462512,327.27272727272725
75.57942091170867,342.85714285714283
66.73143659518588,400.0
74.07044472060373,327.27272727272725
67.98705078761587,300.0
60.4046036592176,313.04347826086956
71.71111340433838,327.27272727272725
65.97798559740102,327.27272727272725
62.714181920202066,342.85714285714283
63.51022864670016,313.04347826086956
70.08658499980744,327.27272727272725
76.48907773189738,300.0
67.56939998648139,313.04347826086956
71.82619810854732,342.85714285714283
64.1833055741269,400.0
70.34544399975515,327.27272727272725
71.30247167833265,342.85714285714283
54.58370480088707,300.0
68.49744587462865,327.27272727272725
70.92786475777848,327.27272727272725
58.16357225032942,313.04347826086956
62.04768085228218,300.0
60.572987057671035,300.0
65.6066948816519,313.04347826086956
75.20347185478305,327.27272727272725
73.4401535440307,313.04347826086956
80.51320762190379,300.0
77.74982957703398,342.85714285714283
73.81336379732105,342.85714285714283
76.83304429880286,360.0
77.01812826106045,327.27272727272725
75.76862647071512,327.27272727272725
79.57415333379757,313.04347826086956
76.80787854346644,327.27272727272725
78.29372716008726,342.85714285714283
75.04205440526604,327.27272727272725
70.85696937178676,378.94736842105266
78.63664606135957,313.04347826086956
75.23603334585441,360.0
82.27511712531472,313.04347826086956
75.64852288445549,327.27272727272725
78.75152624810643,327.27272727272725
74.6578305813181,342.85714285714283
73.30390496420128,327.27272727272725
75.54917213439352,342.85714285714283
72.47305319639082,313.04347826086956
65.9515483511613,378.94736842105266
78.79686245707582,300.0
67.61995844400955,342.85714285714283
75.75856935750713,327.27272727272725
71.55184759303542,327.27272727272725
77.8499549016797,360.0
75.09878989172269,342.85714285714283
77.73270444765714,342.85714285714283
69.54646018956969,378.94736842105266
77.931892891045,327.27272727272725
74.36729289524372,342.85714285714283
68.58723639370875,378.94736842105266
75.79102956622391,342.85714285714283
76.52882145562032,360.0
71.74862652354065,342.85714285714283
75.86132873954726,378.94736842105266
80.60017677284837,313.04347826086956
78.30895359702818,313.04347826086956
79.42545404960566,327.27272727272725
74.66980793950195,342.85714285714283
77.56557378014686,378.94736842105266
80.02570762217259,327.27272727272725
78.56568472329914,378.94736842105266
73.27130462714943,327.27272727272725
73.63861669323973,300.0
73.31655069922158,342.85714285714283
75.5974241677225,327.27272727272725
72.83089613626237,360.0
80.71583474785682,342.85714285714283
79.98443890530702,327.27272727272725
77.27862802592503,360.0
79.27219669311175,360.0
76.73291555918127,327.27272727272725
77.42497191528238,327.27272727272725
71.04476374841641,313.04347826086956
75.42436130421008,360.0
70.85380219798058,360.0
56.772890730260855,327.27272727272725
70.3636604660172,327.27272727272725
65.12242330811364,360.0
69.00268086339129,300.0
72.5633320817397,327.27272727272725
72.5702971774868,342.85714285714283
65.59930413278643,342.85714285714283
62.57614869851977,313.04347826086956
71.4140837066392,360.0
69.38086289186406,400.0
73.08359406183123,360.0
71.37560032732591,327.27272727272725
78.65298512498174,327.27272727272725
70.0039258509559,327.27272727272725
73.15897178089133,360.0
61.17613255779159,327.27272727272725
59.09659318228291,327.27272727272725
68.2658432190617,327.27272727272725
71.0766332429238,360.0
66.56797015364921,342.85714285714283
70.52025347589364,327.27272727272725
71.26179479727283,342.85714285714283
69.98165771288367,313.04347826086956
57.86954041185862,300.0
67.13861040256575,313.04347826086956
62.338680836381116,300.0
73.4517733133403,313.04347826086956
68.85151597943259,300.0
64.39317352677682,300.0
68.36999415994124,300.0
64.18086562394063,300.0
71.55598405288619,300.0
74.68543481374722,300.0
61.13050412385871,300.0
68.756606273788,300.0
65.35008301714088,300.0
68.46339310160174,300.0
70.06461128417027,300.0
63.49256391739332,327.27272727272725
63.41250980160731,313.04347826086956
65.87193510691115,313.04347826086956
68.19004018593718,300.0
68.96360744991377,327.27272727272725
60.01241434987254,342.85714285714283
59.476345098521605,342.85714285714283
60.35736986273603,327.27272727272725
59.59304943011402,313.04347826086956
59.73418901181087,313.04347826086956
60.82232908014816,313.04347826086956
64.20583389724172,313.04347826086956
65.71446987925913,300.0
70.81059435326824,300.0
58.77195228296525,300.0
66.27570391292865,300.0
70.40063739739901,300.0
62.62201687256989,360.0
66.33137817538062,313.04347826086956
69.68939910185357,313.04347826086956
69.29868077223074,313.04347826086956
73.47656516390626,313.04347826086956
75.30799303885678,342.85714285714283
64.42545550339672,327.27272727272725
68.92237583670378,378.94736842105266
64.14088042660066,360.0
60.73720798009467,327.27272727272725
54.42407083402736,327.27272727272725
57.86199893969271,313.04347826086956
60.617458265166896,327.27272727272725
69.46310733179371,313.04347826086956
66.1169312435436,378.94736842105266
62.254880130623235,313.04347826086956
68.66364343562978,313.04347826086956
67.13792139253339,313.04347826086956
70.24052175721836,313.04347826086956
74.82759766871781,327.27272727272725
57.92423558420852,342.85714285714283
65.19602911086548,342.85714285714283
62.92831314905422,327.27272727272725
60.83830035773298,327.27272727272725
67.33287640632784,300.0
59.573063967774665,313.04347826086956
64.64437515166064,342.85714285714283
56.87940119034889,327.27272727272725
67.13420117434677,327.27272727272725
68.42293229556904,360.0
71.18417580062238,313.04347826086956
67.54259376777092,313.04347826086956
68.7559513774108,313.04347826086956
68.38447614529326,327.27272727272725
63.10002528431866,327.27272727272725
66.78988039733677,313.04347826086956
71.52846355769177,300.0
66.91534096687411,342.85714285714283
69.33670365481747,378.94736842105266
71.82098759388724,313.04347826086956
69.79705942818285,342.85714285714283
70.08650676265192,327.27272727272725
73.27893220671187,313.04347826086956
69.19968001624085,327.27272727272725
63.89711529948136,313.04347826086956
73.27545665058207,360.0
75.70082528610868,327.27272727272725
74.9382088716006,327.27272727272725
85.64022579498705,378.94736842105266
84.80201715032122,378.94736842105266
74.0121548867422,313.04347826086956
86.5318041397619,423.52941176470586
78.88463524856608,378.94736842105266
79.37791564671878,360.0
87.29923416997732,480.0
85.20989148002091,360.0
77.80304192519075,378.94736842105266
70.33539805233356,342.85714285714283
79.82033608106188,327.27272727272725
89.3388550275245,378.94736842105266
86.04771748814234,378.94736842105266
76.66001007229869,342.85714285714283
91.38809443022895,360.0
103.18659706881215,360.0
85.38168447018258,360.0
92.08059311998684,400.0
88.74317397264176,360.0
100.95270449292033,450.0
69.74555760806678,360.0
64.9056915191311,327.27272727272725
74.41164149160822,342.85714285714283
85.57726623332292,378.94736842105266
75.00151065559758,327.27272727272725
78.57581107044265,342.85714285714283
82.9901968158226,360.0
84.42423096768596,400.0
93.09492113258693,400.0
84.90426885328495,342.85714285714283
94.00567036070564,400.0
75.16067871032726,378.94736842105266
84.53618791336265,400.0
91.02165944424391,378.94736842105266
77.11909002334883,360.0
99.26478888291061,480.0
85.03788505221364,378.94736842105266
87.4144391137272,378.94736842105266
84.23419210686271,360.0
82.1597565800575,360.0
78.74994433520791,342.85714285714283
109.28437181855875,480.0
79.9579719510861,327.27272727272725
90.85607930697812,378.94736842105266
101.81667581378827,423.52941176470586
76.04353627802243,360.0
82.0581033229766,378.94736842105266
91.17297051776599,378.94736842105266
88.12862198532561,423.52941176470586
89.76860279028092,423.52941176470586
82.96616020216982,423.52941176470586
79.3020608394443,378.94736842105266
84.30833089671572,400.0
74.32247438426843,378.94736842105266
82.85281673555947,360.0
75.807444953923,400.0
86.9191516646897,400.0
94.02833317699421,480.0
83.59636854931404,423.52941176470586
67.86098753730839,360.0
83.66226178854659,378.94736842105266
70.20113963158438,327.27272727272725
80.15007125593046,342.85714285714283
81.28440279995385,378.94736842105266
91.55623503349226,400.0
67.94615446818227,378.94736842105266
85.50152935728353,378.94736842105266
85.50065692968744,450.0
82.58968279261092,342.85714285714283
87.51085932057835,400.0
76.04013668811582,342.85714285714283
96.14161296632116,400.0
86.21716330393858,450.0
91.20408093245324,400.0
73.777286257422,342.85714285714283
83.531389208801,378.94736842105266
81.15358917162416,378.94736842105266
80.88379455563313,360.0
95.86941217678473,423.52941176470586
79.37749179904627,360.0
86.98570355918996,378.94736842105266
96.48303615273414,423.52941176470586
78.81305964250947,378.94736842105266
93.81568147977232,400.0
94.59576879714551,423.52941176470586
82.11895259974901,342.85714285714283
72.6170845293707,360.0
100.29187229411927,423.52941176470586
99.64837610698537,450.0
89.44220390610394,450.0
75.67431944195468,378.94736842105266
91.10575506455373,400.0
81.93322910877129,400.0
89.58985309182225,400.0
100.22112666562549,450.0
89.95250902169687,360.0
79.1685039238659,342.85714285714283
77.85864149100824,360.0
92.84055004277684,400.0
76.93524339627032,342.85714285714283
65.67857997889853,360.0
69.52121401013525,360.0
86.92674486453728,423.52941176470586
74.26134191905275,378.94736842105266
75.75684759251766,360.0
99.91622024755469,450.0
81.27755242832107,378.94736842105266
81.66533206651809,378.94736842105266
78.76287509187664,400.0
80.18397777229293,378.94736842105266
76.03517832207956,378.94736842105266
81.19917875398916,378.94736842105266
111.74982010590212,423.52941176470586
77.52899425159819,360.0
72.81052357307934,360.0
90.0937936800311,400.0
76.59479074518481,400.0
74.44892338660678,378.94736842105266
91.03342180946544,450.0
77.29553878065566,450.0
79.76932487330798,378.94736842105266
75.14103279488972,423.52941176470586
87.67979987283894,378.94736842105266
61.14040644970347,342.85714285714283
81.91931223816117,378.94736842105266
90.36546415859783,378.94736842105266
78.25815880446015,360.0
75.6580931125954,327.27272727272725
64.12597716663151,313.04347826086956
77.77368737614796,327.27272727272725
89.58266324131846,378.94736842105266
79.68510806178851,342.85714285714283
85.13918213189521,400.0
71.78281188308185,360.0
81.13414394902796,360.0
74.35689993060615,400.0
82.65094025901493,360.0
93.33143564717726,480.0
95.66933212239984,360.0
83.93707853825485,342.85714285714283
77.87075133877863,360.0
76.68795130078136,342.85714285714283
81.93004206232442,342.85714285714283
86.09623047579626,342.85714285714283
70.87380615207529,313.04347826086956
99.11904732633846,423.52941176470586
88.45029866477333,360.0
82.10364398132442,360.0
74.33559765792226,327.27272727272725
87.02771430739946,400.0
72.34419870754178,342.85714285714283
76.43239951836603,327.27272727272725
76.1760292864197,342.85714285714283
69.89633164129329,327.27272727272725
55.70446892193181,327.27272727272725
67.00214248493332,327.27272727272725
68.95803934497474,327.27272727272725
69.60222780135886,327.27272727272725
75.89786497106903,378.94736842105266
76.42206708630547,342.85714285714283
75.0175814136054,342.85714285714283
79.85026922232277,342.85714285714283
83.5407476188591,378.94736842105266
75.41316147699577,313.04347826086956
67.34028863061647,342.85714285714283
82.87121613668047,360.0
71.84422022842733,342.85714285714283
76.35949243989424,360.0
81.00056737114897,400.0
75.45688248675417,360.0
77.1740877023454,342.85714285714283
81.28702163897742,342.85714285714283
76.77293620259614,313.04347826086956
80.80490177027166,400.0
71.52468367851218,327.27272727272725
82.99330874114136,342.85714285714283
71.14736545837505,360.0
77.72826688415599,378.94736842105266
79.66415001614683,327.27272727272725
73.9795574491621,342.85714285714283
67.68144041506481,313.04347826086956
100.96123951719547,400.0
92.09822571862242,450.0
77.71848282255996,342.85714285714283
77.571155086904,327.27272727272725
70.36651458605132,327.27272727272725
72.93779717824697,327.27272727272725
77.4344465760461,378.94736842105266
81.2209639748644,327.27272727272725
76.40215665530518,378.94736842105266
91.79295647164162,378.94736842105266
65.57664361025711,327.27272727272725
75.02271715567628,360.0
99.0112027590521,378.94736842105266
58.573297638757,342.85714285714283
81.71525714371134,423.52941176470586
60.34509851369767,400.0
51.46336671817519,360.0
66.65163580929725,378.94736842105266
56.668229756640194,342.85714285714283
66.54896529063566,400.0
51.04230261625691,400.0
50.155660995636424,313.04347826086956
62.554355652818884,400.0
53.82802987262098,327.27272727272725
84.83077762907669,400.0
60.69599798424351,360.0
53.92708292245544,342.85714285714283
66.98407501796758,360.0
67.80932078835943,327.27272727272725
52.101824811521084,327.27272727272725
58.02101343485069,327.27272727272725
78.958528358436,450.0
45.68964516260915,360.0
73.47844406481624,423.52941176470586
68.80910067177653,378.94736842105266
70.78993573637662,360.0
56.38747426140454,360.0
74.23929469694042,400.0
55.24631898204709,360.0
48.61841657474112,360.0
71.39142745055695,378.94736842105266
59.85030028039823,423.52941176470586
62.5645199237907,378.94736842105266
62.75955465542188,378.94736842105266
70.86992866286944,400.0
61.33466468531994,378.94736842105266
58.83663997318549,378.94736842105266
71.5005261387691,450.0
62.70566182786244,450.0
58.668897061750116,342.85714285714283
62.32181261880211,313.04347826086956
62.73130005127789,327.27272727272725
66.47682751972316,342.85714285714283
62.22626943663769,423.52941176470586
60.974675448258175,360.0
69.19244665583273,378.94736842105266
52.283843613881324,342.85714285714283
69.54132949745913,378.94736842105266
60.34925213651606,423.52941176470586
53.81111691281113,400.0
63.57357577443738,378.94736842105266
54.08947971773745,360.0
60.852041142242356,378.94736842105266
70.42416777159264,400.0
60.21093110267516,342.85714285714283
59.05261704644868,400.0
64.55680746652078,378.94736842105266
50.34697809693848,313.04347826086956
64.08675611029108,360.0
69.81035724844568,360.0
62.77594862141766,360.0
69.68738046601928,400.0
58.86274412253074,360.0
55.13796177145305,360.0
59.481966839967676,360.0
62.88573482386273,378.94736842105266
55.72489084355043,327.27272727272725
52.626514176864944,360.0
62.67659466133748,342.85714285714283
70.42072143630332,378.94736842105266
44.279148772851016,360.0
68.4133655831071,378.94736842105266
51.930378447325744,342.85714285714283
61.5096181941615,342.85714285714283
57.72740871282466,342.85714285714283
67.05535013628489,450.0
57.11891524765964,360.0
62.093569128215805,342.85714285714283
61.317140100338975,360.0
45.22810773325136,313.04347826086956
60.22830598767892,342.85714285714283
53.49225065984024,342.85714285714283
73.40506069647769,360.0
41.0598982830577,378.94736842105266
71.85208995500878,360.0
59.928573405213456,360.0
51.07227818677724,360.0
57.354221273513446,378.94736842105266
47.50083824543304,360.0
63.65129132028425,378.94736842105266
58.99437984301412,378.94736842105266
58.7977709279472,342.85714285714283
49.3366561921205,313.04347826086956
60.75951788296667,360.0
58.60991238798544,378.94736842105266
53.48623621614529,327.27272727272725
63.402555199396616,342.85714285714283
67.67289736841013,378.94736842105266
58.266195256019095,378.94736842105266
84.36028809736692,423.52941176470586
67.93284026183032,378.94736842105266
52.714634537607836,378.94736842105266
51.92099232918187,327.27272727272725
66.76471825394003,342.85714285714283
54.10346944881406,342.85714285714283
52.65634709666953,300.0
61.61005845065975,327.27272727272725
58.443932476473904,360.0
55.809804984376655,342.85714285714283
54.337025906439955,327.27272727272725
56.45591392976682,327.27272727272725
70.16242565507639,342.85714285714283
45.89082883945793,378.94736842105266
57.315995323843325,360.0
54.45782461799695,327.27272727272725
60.60354691821764,360.0
62.969155213905154,327.27272727272725
63.24155118475927,342.85714285714283
60.60749210999407,378.94736842105266
56.06434523543976,342.85714285714283
45.409114909091834,313.04347826086956
56.39065304818374,342.85714285714283
49.87576411134363,342.85714285714283
51.774482445118615,313.04347826086956
67.56573812088048,360.0
59.17221682892811,342.85714285714283
65.34168526997318,360.0
80.0071709978958,400.0
55.59709595405248,327.27272727272725
59.93253133296883,342.85714285714283
64.33857551049428,360.0
58.46929623380272,360.0
48.66340348212136,313.04347826086956
59.809674186548406,327.27272727272725
62.73953869499752,342.85714285714283
60.00489597739849,327.27272727272725
65.743873535261,342.85714285714283
68.51613061677463,360.0
57.17285603647388,378.94736842105266
50.69165720506228,342.85714285714283
83.87159786738306,450.0
78.99295482987237,378.94736842105266
56.933594917476775,342.85714285714283
64.0034533104751,378.94736842105266
51.33685534057872,327.27272727272725
73.7866315803221,360.0
62.127371099146124,327.27272727272725
72.53486827746202,342.85714285714283
53.00668116809756,342.85714285714283
57.657426693282616,378.94736842105266
55.687676546139926,313.04347826086956
70.64859082745109,342.85714285714283
58.74907976385513,360.0
54.54056421477075,360.0
62.45914533451315,342.85714285714283
61.26593969221588,400.0
56.6413640998282,378.94736842105266
57.4395232114696,342.85714285714283
49.689931363522945,313.04347826086956
59.22075496130701,360.0
50.1061971093316,360.0
65.27764182589405,400.0
65.03996879657517,342.85714285714283
52.47297660186027,327.27272727272725
59.56231628093528,378.94736842105266
42.04404954701518,300.0
49.15443289581661,342.85714285714283
54.379182112228975,327.27272727272725
54.49245350957312,327.27272727272725
50.40805339669448,342.85714285714283
64.83006344989735,313.04347826086956
45.86323211408358,300.0
58.151659732738196,360.0
48.19715284375415,288.0
57.05133873303161,327.27272727272725
53.59898891416626,327.27272727272725
52.39585124248515,327.27272727272725
50.376071369215914,360.0
41.40286409296309,327.27272727272725
40.55230859292448,327.27272727272725
60.015901227947985,360.0
47.98434516980252,342.85714285714283
63.45183262741484,313.04347826086956
57.88052065652077,360.0
56.75550219316795,327.27272727272725
50.54463198289861,327.27272727272725
59.28533023436189,342.85714285714283
59.50649606297057,342.85714285714283
56.79729845474534,342.85714285714283
52.09970195586141,342.85714285714283
58.27085231894961,378.94736842105266
65.04311879381805,327.27272727272725
60.634874657669485,342.85714285714283
78.04883580519542,378.94736842105266
52.573376626027105,313.04347826086956
61.09836473028008,313.04347826086956
56.38608995536081,360.0
58.906271818635,327.27272727272725
61.35952865560848,327.27272727272725
68.37645780397955,378.94736842105266
64.82904185037893,378.94736842105266
52.77128327504205,360.0
65.82324513984383,378.94736842105266
51.29126977207307,327.27272727272725
53.17755363298477,360.0
51.64095132055006,360.0
69.51470146316923,378.94736842105266
59.83380164647912,342.85714285714283
53.188295935239005,327.27272727272725
56.796298800479164,360.0
61.33560440834294,400.0
54.986714716837284,327.27272727272725
61.92851964673846,360.0
57.49637521297744,342.85714285714283
66.44282822655853,360.0
62.28859201760307,423.52941176470586
71.5057897560347,378.94736842105266
48.77662446516005,342.85714285714283
54.77745901774448,360.0
50.85169960407913,327.27272727272725
62.850440549141624,378.94736842105266
64.12333548872087,378.94736842105266
68.0907047506747,327.27272727272725
73.94309750863489,360.0
73.3308508355913,360.0
56.78378725687253,378.94736842105266
62.166087317841416,400.0
58.874168006941616,378.94736842105266
58.27472991673773,342.85714285714283
57.48647708724576,378.94736842105266
51.25616977073938,342.85714285714283
53.96264948576992,327.27272727272725
58.99794454952627,360.0
50.364340463158946,378.94736842105266
71.69661426849376,360.0
58.30841403759444,327.27272727272725
65.76210242633877,378.94736842105266
58.55986577813704,327.27272727272725
66.88954238134275,327.27272727272725
63.86329993374759,360.0
45.10500501591454,327.27272727272725
49.847073135231334,313.04347826086956
62.7530584614666,327.27272727272725
65.19866725349577,360.0
62.02008453120218,360.0
65.04058401805419,360.0
49.903265985893405,313.04347826086956
52.55309373108245,342.85714285714283
54.71630843498417,327.27272727272725
63.43885182612579,360.0
62.55110039304456,360.0
62.559070873097596,342.85714285714283
64.55800260279642,313.04347826086956
74.59010300663289,400.0
56.55168659452173,342.85714285714283
66.98067536763789,360.0
57.297332738116054,313.04347826086956
67.50729754529127,342.85714285714283
64.36920077610947,342.85714285714283
46.55965932017072,300.0
63.6099803841579,378.94736842105266
74.22811019858926,378.94736842105266
73.83054042860451,450.0
66.45367793373218,360.0
63.32471226976444,378.94736842105266
58.08731256707209,378.94736842105266
49.88348502347531,327.27272727272725
53.20108955521666,360.0
72.75600816439615,378.94736842105266
61.85962187415862,378.94736842105266
66.49309152671762,342.85714285714283
58.14326736733735,360.0
60.96254462416209,378.94736842105266
76.4088533337524,423.52941176470586
57.184666351445905,327.27272727272725
54.14519131415618,327.27272727272725
64.5300773548817,360.0
65.39573320969906,400.0
62.165647413615275,400.0
61.452379800308506,342.85714285714283
63.956360888833025,360.0
54.13918015637639,300.0
57.15857045913766,342.85714285714283
61.05107362965663,360.0
55.03750155340986,313.04347826086956
62.22883210792163,360.0
41.1767760172212,327.27272727272725
55.12712492754824,313.04347826086956
65.83393467074347,342.85714285714283
52.34260952679963,360.0
58.36911079194233,360.0
58.34686898707058,342.85714285714283
59.72728539421677,327.27272727272725
63.08824325414331,400.0
65.6044849056795,423.52941176470586
62.755380439034184,400.0
59.8193633030199,378.94736842105266
46.79014330366683,313.04347826086956
52.46709342900961,360.0
56.50819780297179,327.27272727272725
63.521113085218936,378.94736842105266
62.96539103793189,360.0
60.44097317083018,342.85714285714283
61.14056799747554,342.85714285714283
58.727884853856104,342.85714285714283
68.57619797589187,342.85714285714283
59.600830260690635,360.0
62.24308664400295,400.0
54.97141631231453,360.0
73.04189155579377,342.85714285714283
54.052470168592556,378.94736842105266
63.87628863529367,378.94736842105266
44.706797655797644,360.0
63.59245059438932,360.0
54.15729217328552,360.0
49.03688516693321,313.04347826086956
45.258164049847025,313.04347826086956
56.62189749984347,327.27272727272725
54.18148630543389,327.27272727272725
55.89761802935404,327.27272727272725
56.33615776022366,342.85714285714283
54.47076131225642,342.85714285714283
52.029932620801496,313.04347826086956
49.53177072867103,288.0
49.707867458135155,327.27272727272725
48.91388774804164,313.04347826086956
54.26148321403101,342.85714285714283
61.88890561397575,360.0
64.61268788499623,378.94736842105266
48.05341712597205,313.04347826086956
55.75190271441623,342.85714285714283
62.91546547755492,360.0
59.831852511785094,342.85714285714283
54.936130665102404,327.27272727272725
65.23762638064656,400.0
46.56079246701854,342.85714285714283
49.893814074462426,327.27272727272725
53.39757434293815,313.04347826086956
55.39976270826843,313.04347826086956
51.98282925365069,342.85714285714283
57.161739552192955,342.85714285714283
55.080975247736674,378.94736842105266
54.143385646414984,327.27272727272725
68.37415277142676,342.85714285714283
59.32400347603832,378.94736842105266
52.77437120080159,378.94736842105266
46.878992357209526,342.85714285714283
66.16557749345964,342.85714285714283
55.85248475380435,313.04347826086956
55.72341498811683,313.04347826086956
59.0221649457041,342.85714285714283
71.36187120485481,400.0
60.055913960265535,423.52941176470586
61.83009912027213,360.0
64.41317030066914,360.0
55.27084993261282,313.04347826086956
52.63443344773838,342.85714285714283
55.99250357459587,327.27272727272725
44.56065198241019,288.0
53.166586769832826,342.85714285714283
52.251449364111046,342.85714285714283
61.28862540744131,378.94736842105266
53.73798532147401,327.27272727272725
51.454098251674694,313.04347826086956
72.77459928318285,450.0
57.31649825141054,342.85714285714283
50.23694839556652,327.27272727272725
49.65562278423994,342.85714285714283
57.71717480151966,378.94736842105266
42.91771589849283,342.85714285714283
52.31873591983495,327.27272727272725
70.14505778962113,378.94736842105266
58.923222489907246,360.0
48.93497914833361,342.85714285714283
48.39378606508767,313.04347826086956
50.0303439327378,342.85714285714283
59.87576886543634,342.85714285714283
65.23962946663978,378.94736842105266
60.59060843786657,360.0
46.16977114061325,313.04347826086956
57.79220593626141,342.85714285714283
52.73694121701047,342.85714285714283
39.369026168164304,327.27272727272725
51.77344923153011,342.85714285714283
51.85730133322466,313.04347826086956
59.71136707353143,378.94736842105266
58.2354108347825,378.94736842105266
56.664866312428444,360.0
44.98706455407104,342.85714285714283
56.52003999816372,327.27272727272725
49.80899955795274,342.85714285714283
48.717976887866655,313.04347826086956
56.864999997784096,313.04347826086956
49.39277347811293,342.85714285714283
55.594136856646855,342.85714285714283
58.82019634512414,342.85714285714283
55.72409253249155,327.27272727272725
61.903109513284726,342.85714285714283
69.3375741691297,378.94736842105266
69.13059600519733,400.0
54.14829226840915,342.85714285714283
54.84381986072825,342.85714285714283
67.82309654784284,378.94736842105266
58.95724470289898,342.85714285714283
70.4585435422002,378.94736842105266
56.53184244047578,342.85714285714283
60.402539400405935,327.27272727272725
53.453450942289685,313.04347826086956
57.33468156503163,360.0
72.2687127700094,378.94736842105266
48.91971053878105,313.04347826086956
65.94532184891514,378.94736842105266
48.94665765091854,360.0
48.9992919821758,342.85714285714283
71.81038741584378,378.94736842105266
50.2890484884131,327.27272727272725
54.65471059091702,360.0
46.90486714549799,342.85714285714283
64.78576955151513,360.0
56.9935806185353,327.27272727272725
55.08703627105045,342.85714285714283
50.059730554936756,313.04347826086956
51.25375257217365,300.0
55.231173082111006,313.04347826086956
42.44413126335793,313.04347826086956
59.42200553525425,313.04347826086956
54.413259145656205,327.27272727272725
49.4665751500065,300.0
63.44137290049114,360.0
53.79377177868759,327.27272727272725
50.68848634065187,327.27272727272725
60.86421391349892,342.85714285714283
58.10349613353886,360.0
47.53438663843151,327.27272727272725
49.89642355804552,313.04347826086956
49.200236132769525,327.27272727272725
58.74431561474614,327.27272727272725
53.27837980206498,327.27272727272725
51.589220182417016,327.27272727272725
53.9425368568054,342.85714285714283
51.81926129047319,327.27272727272725
57.59998552041174,313.04347826086956
56.73444878331635,342.85714285714283
49.49075275352758,313.04347826086956
47.52452707492823,327.27272727272725
62.50926986048326,342.85714285714283
47.95427799743912,360.0
65.98349990500222,360.0
60.09274678429773,342.85714285714283
45.88021416723285,288.0
50.68147162637331,327.27272727272725
57.21995250167121,342.85714285714283
44.66333490506553,288.0
51.190668851994076,342.85714285714283
63.166884363722836,327.27272727272725
66.6123382716161,360.0
55.3172429630983,313.04347826086956
50.75749316018852,300.0
59.010946643161766,327.27272727272725
69.36362162837054,342.85714285714283
74.63245842233688,378.94736842105266
53.00138478473179,342.85714285714283
49.473034819525765,327.27272727272725
70.54881993516875,378.94736842105266
58.97535610744494,360.0
49.4335396965572,288.0
51.59617843183215,342.85714285714283
58.3555284420528,342.85714285714283
62.141457761107134,327.27272727272725
58.121436074052646,327.27272727272725
54.676092515410595,313.04347826086956
55.39017139568027,327.27272727272725
68.19867884045689,360.0
60.76208197127911,360.0
39.3987133068386,300.0
54.02672874454677,313.04347826086956
53.538916748197764,313.04347826086956
51.970584399644174,313.04347826086956
61.46379710468687,378.94736842105266
50.46072545398962,300.0
63.1910425538271,360.0
63.4898448282904,360.0
58.515081951351206,360.0
67.433858905406,360.0
72.16479792814957,360.0
56.759640149191775,300.0
47.445604333912605,300.0
65.44476313099872,360.0
53.8582835348645,360.0
57.60179260592151,342.85714285714283
56.380154026110574,342.85714285714283
69.22388396809176,360.0
57.00170384831328,313.04347826086956
58.888777029845045,342.85714285714283
60.904944066443335,342.85714285714283
75.76754444934099,423.52941176470586
66.63658699934611,360.0
44.48852193611695,360.0
61.72780343465762,327.27272727272725
46.490618633620926,327.27272727272725
61.82009782012886,423.52941176470586
53.78827627501306,360.0
59.34312761606314,342.85714285714283
82.6863756343881,450.0
71.29934535481638,378.94736842105266
83.75850858310959,400.0
50.200525209149205,342.85714285714283
59.77766042748861,342.85714285714283
53.23913340084889,300.0
70.32740704781716,400.0
67.13735469466852,360.0
55.067170192134235,342.85714285714283
53.01463876720146,300.0
73.84167275263403,450.0
60.98271466957906,342.85714285714283
64.0965551716378,327.27272727272725
46.495574754272226,360.0
54.71814311451366,342.85714285714283
46.41619097248229,327.27272727272725
50.872860556799154,313.04347826086956
65.8421648510489,378.94736842105266
57.45043057771158,327.27272727272725
43.83557580411397,300.0
50.28350495741781,300.0
54.20542618541349,360.0
61.38368738743903,342.85714285714283
74.58259644856999,360.0
78.77798055647844,378.94736842105266
56.83564336864772,313.04347826086956
49.713605021339156,327.27272727272725
62.191286835323,360.0
61.97568962391665,400.0
53.027325906755735,327.27272727272725
66.53051546689393,342.85714285714283
63.020305059309216,360.0
53.00578131069194,342.85714285714283
57.316405136219686,327.27272727272725
57.387016970135555,327.27272727272725
56.807828591797744,313.04347826086956
55.60130637204555,327.27272727272725
59.50308466323031,400.0
52.050772988620714,300.0
46.444575034488295,313.04347826086956
49.96331358357753,342.85714285714283
48.30949768390643,313.04347826086956
52.736889198827576,342.85714285714283
51.10278233306273,313.04347826086956
62.609536882537235,378.94736842105266
45.74163076410076,342.85714285714283
58.66033629217286,360.0
56.074207567685825,342.85714285714283
66.31946310247352,360.0
51.65644620480714,327.27272727272725
44.648749910210036,342.85714285714283
55.08364596132164,360.0
65.17987794166555,360.0
59.847077079228505,378.94736842105266
66.43315231535452,342.85714285714283
66.187084821218,360.0
61.961395046676955,360.0
64.01359807402321,360.0
73.68035048837282,378.94736842105266
59.45021188969444,342.85714285714283
62.3218330667008,342.85714285714283
65.140544320477,360.0
57.227147610728196,360.0
45.73696485927284,327.27272727272725
72.16831191503837,360.0
54.145524800752455,342.85714285714283
51.33845579501272,342.85714285714283
60.37910109921001,327.27272727272725
56.07341638273371,313.04347826086956
51.631781453578576,342.85714285714283
63.70786569757344,360.0
60.24769808045617,360.0
49.83074681024749,300.0
44.94561868203709,313.04347826086956
60.77091262251298,342.85714285714283
54.52057254205774,327.27272727272725
51.4417648400719,300.0
58.00741225913754,342.85714285714283
53.62237128048663,342.85714285714283
53.21677765178618,327.27272727272725
70.04711786904481,360.0
60.850457693094754,360.0
57.183572862804645,360.0
52.695269564379956,342.85714285714283
65.00596057701883,360.0
57.67152938255526,400.0
49.54619578462908,342.85714285714283
59.97960355517931,360.0
74.13108748238771,400.0
53.09678885615542,313.04347826086956
49.75744958926319,313.04347826086956
51.27962599401487,342.85714285714283
51.12609672382007,327.27272727272725
46.95173459244118,300.0
54.592323162781895,313.04347826086956
43.397194431964124,327.27272727272725
47.42226947640727,327.27272727272725
45.81254339670682,300.0
49.77765752974314,360.0
59.32013170506944,342.85714285714283
60.35744115514296,342.85714285714283
58.45773666487388,342.85714285714283
71.47575610242909,378.94736842105266
70.16149365566851,400.0
48.68908003660537,300.0
56.89660041366366,327.27272727272725
69.12964237104701,378.94736842105266
48.47604482214711,313.04347826086956
57.28668804394861,313.04347826086956
43.390459386943206,313.04347826086956
49.383110675470405,313.04347826086956
52.95752377410583,327.27272727272725
53.611459726759584,327.27272727272725
58.85819074953779,360.0
54.729067088892215,342.85714285714283
73.7819625265842,360.0
57.9994542418662,342.85714285714283
51.8632660889761,327.27272727272725
79.67952882763647,423.52941176470586
54.87025356246123,342.85714285714283
61.39943053853629,360.0
58.348865986633946,342.85714285714283
61.588488752679,327.27272727272725
52.34693091787122,300.0
68.31961591719686,360.0
61.11482323481988,360.0
55.10058466438891,313.04347826086956
62.01947640110096,378.94736842105266
53.71885763749495,327.27272727272725
40.5820879706734,313.04347826086956
54.4331598066797,313.04347826086956
52.23559841787048,327.27272727272725
51.90512193706879,300.0
53.48882783531863,342.85714285714283
48.07219735242786,342.85714285714283
67.98412631454268,378.94736842105266
55.17847696390379,360.0
43.90551609237937,288.0
60.03046628102536,342.85714285714283
58.46036103214865,360.0
63.88848850360373,378.94736842105266
66.8560949298201,327.27272727272725
53.88745767712056,342.85714285714283
72.49730701771222,378.94736842105266
70.566027389961,400.0
51.09235317388041,313.04347826086956
76.72601658782187,423.52941176470586
57.62770779698812,327.27272727272725
62.9995599042141,327.27272727272725
68.90310791853376,400.0
55.358487596704386,327.27272727272725
59.24122390380486,378.94736842105266
94.03848704502165,514.2857142857143
63.6126077824032,342.85714285714283
59.70889987727928,360.0
77.02529338293792,360.0
56.390933904489856,313.04347826086956
69.27110687852401,378.94736842105266
88.09593435871146,423.52941176470586
63.6070317033555,342.85714285714283
67.27064267208584,400.0
56.39374216073921,327.27272727272725
45.35921552231266,313.04347826086956
58.094431132896794,342.85714285714283
61.92309319273433,342.85714285714283
65.67014680174996,342.85714285714283
52.99267915782189,327.27272727272725
41.78558699164743,327.27272727272725
59.39031975489392,360.0
66.76858866832197,378.94736842105266
59.626076565202375,342.85714285714283
67.16146502416815,378.94736842105266
64.22517701656612,327.27272727272725
59.65171155121342,313.04347826086956
55.46255847847816,342.85714285714283
59.17558250324663,342.85714285714283
60.84799195425753,423.52941176470586
51.10238212116378,327.27272727272725
51.843861524313475,327.27272727272725
74.25125318000347,400.0
53.094888849491035,327.27272727272725
63.01513634384922,360.0
61.83731058446734,327.27272727272725
70.89314939525438,360.0
61.05808829106461,378.94736842105266
74.47394060499995,423.52941176470586
67.0540593755243,360.0
53.73975122180965,360.0
66.65487829308366,378.94736842105266
68.96855143322429,378.94736842105266
71.17653663663218,360.0
59.623482851137574,327.27272727272725
74.77421096430541,378.94736842105266
52.4848658052963,327.27272727272725
49.686009868220296,313.04347826086956
52.045869457271976,313.04347826086956
62.698851284076,360.0
62.54435945207484,378.94736842105266
60.24049897519405,327.27272727272725
62.70846487996438,360.0
70.1860142056608,378.94736842105266
66.04792968790606,378.94736842105266
66.14207165456322,360.0
58.6778455459182,360.0
62.88271559989503,360.0
58.4082258351834,327.27272727272725
66.0172945580818,400.0
64.33232289394662,342.85714285714283
72.33673798674388,360.0
60.63535465478519,378.94736842105266
69.66040449001427,378.94736842105266
60.91911822244418,360.0
64.46249730108092,360.0
45.8317087595586,342.85714285714283
50.98721957572332,300.0
55.04877781358242,342.85714285714283
53.276403007724575,342.85714285714283
62.22736480469144,327.27272727272725
58.95215794824941,360.0
65.6940566015022,400.0
51.27435071597076,360.0
54.0754714325009,360.0
45.64068752969557,313.04347826086956
70.67545070236562,423.52941176470586
50.91189305730231,327.27272727272725
60.780696587948974,327.27272727272725
60.56989393014403,360.0
51.008603067357505,327.27272727272725
78.17001438266524,423.52941176470586
64.73655628351413,360.0
61.26924942138006,342.85714285714283
61.9610352415148,378.94736842105266
59.75931569956108,342.85714285714283
55.08434780978876,342.85714285714283
71.32774165523703,378.94736842105266
52.64780647636755,327.27272727272725
66.38658130843248,342.85714285714283
61.411352370413034,327.27272727272725
52.413226737618245,342.85714285714283
76.15434045370041,400.0
69.50283165567171,378.94736842105266
56.74920269412172,342.85714285714283
65.15600389876965,378.94736842105266
63.798258787557884,360.0
73.69894947936515,400.0
37.15504141411654,300.0
60.088653336978744,327.27272727272725
64.92729535148322,342.85714285714283
71.7818191110681,378.94736842105266
64.64850333977964,360.0
61.9373551137215,360.0
59.51544465794402,342.85714285714283
50.520898560341465,327.27272727272725
72.59180004729832,360.0
61.67258882920566,342.85714285714283
61.70511119567715,360.0
72.4373011389456,423.52941176470586
54.09304098851576,327.27272727272725
53.18575117551065,342.85714285714283
62.86237663070379,342.85714285714283
68.16500830570247,378.94736842105266
101.46414741404733,514.2857142857143
62.351984812419786,360.0
71.73195792714763,400.0
68.2687521883268,360.0
56.05270292406726,360.0
62.389935595789225,360.0
58.91235645444128,327.27272727272725
68.22963352707397,378.94736842105266
63.76547585615155,360.0
57.600264156152875,360.0
62.68687834486417,360.0
69.8872380784688,378.94736842105266
70.38746734588796,423.52941176470586
50.123376268315276,300.0
67.64277847559738,360.0
50.74877891891241,342.85714285714283
60.99963949929629,360.0
50.58959856828721,313.04347826086956
40.43761840318934,313.04347826086956
58.41464800844956,342.85714285714283
62.738175202582816,378.94736842105266
66.8568385090402,400.0
68.3567190648535,400.0
58.156696064291104,400.0
59.72591315479758,360.0
53.98438763564193,360.0
48.27272357629882,342.85714285714283
69.77804245972541,360.0
49.584431153716714,327.27272727272725
51.934882743156,327.27272727272725
65.78895843714177,400.0
52.32036590718363,327.27272727272725
52.59546160151325,342.85714285714283
52.94437612626893,313.04347826086956
48.34793650696609,342.85714285714283
56.4047305485142,327.27272727272725
67.75066143420011,423.52941176470586
61.565107640173245,360.0
53.480933371299166,327.27272727272725
51.0910742329816,313.04347826086956
47.91006037987882,300.0
60.5924990438793,327.27272727272725
56.92163629758013,342.85714285714283
55.96578552901593,342.85714285714283
61.0322557416366,327.27272727272725
56.76128707881031,342.85714285714283
52.606611667370984,342.85714285714283
77.99904858493579,400.0
45.71007874515485,313.04347826086956
46.84922438223298,313.04347826086956
58.28076487757696,327.27272727272725
58.3756147425134,342.85714285714283
54.94938786103214,342.85714285714283
58.0985870155151,400.0
51.420907092077684,327.27272727272725
47.75630487690444,327.27272727272725
58.59105768821361,360.0
56.162787502730616,342.85714285714283
46.35154525119758,313.04347826086956
62.07464053256325,360.0
65.65450915188163,400.0
62.49493525712046,327.27272727272725
52.767546162016615,342.85714285714283
63.67404424551102,327.27272727272725
54.57906545073253,342.85714285714283
64.33938329877626,400.0
70.48733830542375,400.0
63.896363758384325,342.85714285714283
64.1837154596489,400.0
60.090461618092455,360.0
61.44879137739531,360.0
50.36188808706796,300.0
50.9349037977103,342.85714285714283
46.50568977320504,300.0
58.48073026850509,360.0
55.14960479701265,313.04347826086956
55.306015684760375,342.85714285714283
42.185663581553236,327.27272727272725
72.43337382146291,400.0
63.79070734518732,327.27272727272725
59.58859956150216,360.0
58.31555714724003,342.85714285714283
68.36633424055034,378.94736842105266
72.44921811410764,342.85714285714283
53.57722189129128,327.27272727272725
54.481162182624324,327.27272727272725
63.392518402999805,450.0
71.49098538969808,378.94736842105266
64.14301544817494,400.0
55.34879912936564,313.04347826086956
55.18437628541897,327.27272727272725
58.634276514438135,378.94736842105266
65.3987450282373,342.85714285714283
41.46803787488121,288.0
56.008188768966534,327.27272727272725
54.52468578848588,327.27272727272725
47.66974465025562,378.94736842105266
75.93259696195614,480.0
63.581959471421875,342.85714285714283
67.03635628199068,378.94736842105266
53.70591306671016,360.0
64.79075449949858,400.0
63.68428905823557,378.94736842105266
57.15638225009802,327.27272727272725
59.330257786297786,342.85714285714283
57.6895749456763,327.27272727272725
63.3647043804571,360.0
60.089320722578286,327.27272727272725
56.296393956603026,313.04347826086956
46.57810292269717,327.27272727272725
73.40690501120807,342.85714285714283
48.26090006302411,313.04347826086956
51.191106431297754,342.85714285714283
77.1856382995251,378.94736842105266
60.50627083441327,400.0
62.004737252560794,378.94736842105266
72.39687684536769,423.52941176470586
58.264728414062745,342.85714285714283
68.85310570199906,378.94736842105266
77.79404297166269,400.0
62.8790795529096,400.0
65.09635393638735,378.94736842105266
58.231642172535985,342.85714285714283
62.6767373234945,342.85714285714283
68.93829748407177,378.94736842105266
65.02290179043905,342.85714285714283
58.94471348179129,342.85714285714283
67.87252620028775,342.85714285714283
60.52642235357483,378.94736842105266
54.45551408429182,342.85714285714283
68.982132720154,360.0
67.33741035797108,342.85714285714283
55.01678508693638,327.27272727272725
59.928921900655865,378.94736842105266
58.289486553416076,342.85714285714283
48.28439392556524,327.27272727272725
53.90100375189716,313.04347826086956
54.55347307659606,378.94736842105266
62.182633787298116,342.85714285714283
67.51889852160645,360.0
63.13352559279849,327.27272727272725
58.37636522671187,327.27272727272725
65.45226734088696,378.94736842105266
67.35429860442899,342.85714285714283
52.3820414911099,300.0
52.657856836145115,342.85714285714283
56.9566389659347,342.85714285714283
57.00415820813625,342.85714285714283
69.316946531994,378.94736842105266
67.35169341450427,378.94736842105266
56.82041899132818,342.85714285714283
55.43383680614378,342.85714285714283
65.82125124868244,342.85714285714283
58.82678466810188,360.0
65.78004200448807,378.94736842105266
49.57466586790618,360.0
62.14745412562693,360.0
68.89475638519222,378.94736842105266
57.35114901255371,327.27272727272725
66.00725102717846,342.85714285714283
53.3169256373055,327.27272727272725
51.04225110066012,342.85714285714283
87.22662187429461,400.0
55.13587301659068,342.85714285714283
63.49042231526145,378.94736842105266
62.51883052641936,378.94736842105266
57.637842937042805,342.85714285714283
52.78087431609406,327.27272727272725
68.5338915163945,378.94736842105266
63.911913008408135,360.0
56.08270449090643,342.85714285714283
47.45337000846465,300.0
72.97889434192385,423.52941176470586
66.21946223168013,400.0
55.96075321681915,327.27272727272725
72.03762161134429,400.0
64.12594888032852,423.52941176470586
57.907229459544695,360.0
52.90626576734123,313.04347826086956
57.84789419914182,378.94736842105266
55.639777459694294,327.27272727272725
58.70767214645141,360.0
61.49369036185422,342.85714285714283
48.544132138945606,327.27272727272725
61.285455497200935,313.04347826086956
62.63111524228863,360.0
53.355252405536596,342.85714285714283
55.63044296336705,327.27272727272725
76.97461457032414,378.94736842105266
62.58663710792428,378.94736842105266
82.4074258009136,400.0
64.6490528050462,360.0
53.76725274645373,400.0
51.38129903314769,342.85714285714283
54.115157657438985,342.85714285714283
72.05921675525606,360.0
58.49929213410589,342.85714285714283
54.990967574100154,378.94736842105266
62.97380796233585,342.85714285714283
55.69259794230815,378.94736842105266
56.80297994479279,360.0
57.33604079271234,313.04347826086956
56.61126520686253,342.85714285714283
50.975621930782275,327.27272727272725
68.89273568520574,360.0
74.14899671287304,400.0
55.981842277112605,300.0
46.03581243890427,342.85714285714283
75.09251021532208,378.94736842105266
68.73780261783715,378.94736842105266
47.626058087586124,300.0
72.48552361889234,378.94736842105266
62.215584302022734,327.27272727272725
60.68961285278311,378.94736842105266
59.424629262112326,327.27272727272725
52.618479913445896,327.27272727272725
64.04713916604362,378.94736842105266
56.47702020796317,342.85714285714283
72.67411203321659,400.0
64.25116181184518,342.85714285714283
73.95797718637645,378.94736842105266
54.62002477838748,378.94736842105266
79.1050755573641,378.94736842105266
66.54184982604035,342.85714285714283
63.26559860235644,360.0
80.1904467186124,450.0
59.12978326368143,327.27272727272725
49.01514125634865,342.85714285714283
59.60509073831944,360.0
57.25909099752225,342.85714285714283
48.72026878583636,300.0
62.41246977685141,327.27272727272725
57.75849857208231,327.27272727272725
55.556610587798374,342.85714285714283
69.06997774027894,400.0
83.95035953436663,400.0
55.4820160727318,342.85714285714283
67.81903946355405,378.94736842105266
58.688287472161214,327.27272727272725
73.12480206832586,378.94736842105266
68.3024826706087,378.94736842105266
67.75632047139278,342.85714285714283
59.57653621183229,327.27272727272725
59.36376290380726,360.0
58.65889690636153,378.94736842105266
66.97844737872965,378.94736842105266
55.66953904899206,327.27272727272725
85.19092087372891,423.52941176470586
60.52965842061965,327.27272727272725
57.6993359898655,342.85714285714283
73.43337206692249,378.94736842105266
73.62661551065304,400.0
59.0153002266594,342.85714285714283
73.23998487548394,360.0
62.25414159330029,378.94736842105266
48.71451091498657,313.04347826086956
58.35055583258955,342.85714285714283
64.33107157741087,342.85714285714283
66.78390700738319,360.0
73.47233561008957,423.52941176470586
55.31706349517894,342.85714285714283
55.473363186957236,342.85714285714283
68.24080255996306,423.52941176470586
49.357792433755755,300.0
60.58084771328045,342.85714285714283
51.597898693839745,327.27272727272725
51.81450910908395,342.85714285714283
53.74721214945895,313.04347826086956
64.69350562099979,378.94736842105266
59.296768067581375,360.0
64.93507279971371,342.85714285714283
66.53594691541832,423.52941176470586
59.39069295391162,342.85714285714283
69.09135715509424,400.0
66.97489570510932,342.85714285714283
54.94777806074619,327.27272727272725
61.62020368825805,342.85714285714283
51.57113268500302,327.27272727272725
69.4617058713285,360.0
57.6470072514972,378.94736842105266
79.3743278371748,423.52941176470586
48.65637808390372,327.27272727272725
52.55755810850548,342.85714285714283
51.800546528154065,360.0
51.554343303953516,342.85714285714283
72.22154810054795,423.52941176470586
55.66376448053867,342.85714285714283
71.339578728958,423.52941176470586
62.69177104515341,342.85714285714283
58.88874649764648,360.0
56.89820700549244,327.27272727272725
