ep_returns,ep_lens
27.941793767057295,600.0
27.709553108252123,600.0
28.553775832415482,600.0
28.45383457311424,600.0
24.14158266185086,553.8461538461538
29.032634248840406,600.0
28.449286933442632,553.8461538461538
22.89289788538154,514.2857142857143
28.0253576814344,600.0
31.608816905139296,600.0
36.5533273254976,600.0
26.83574721827109,600.0
23.710125443678365,600.0
27.60482015901115,600.0
36.247750185570624,600.0
33.514274847788265,600.0
24.14682039774388,600.0
45.267346373611154,600.0
40.54598730319142,600.0
37.18694707081938,553.8461538461538
39.93642642773895,600.0
58.682985047792776,600.0
51.420114698337414,600.0
55.432885094618285,553.8461538461538
67.15380837814676,600.0
59.217669078594604,600.0
60.00220966664522,600.0
68.9324204603095,600.0
65.41312185025525,600.0
56.91612652521113,600.0
63.42367322247487,600.0
60.52522343359556,600.0
58.08760699193189,600.0
64.9510339501136,600.0
74.63701433865515,600.0
66.90635473722253,600.0
67.42118543697482,600.0
73.69394588135798,600.0
64.06725295098177,514.2857142857143
72.69014087876722,553.8461538461538
64.61859069173245,600.0
44.83516739558554,514.2857142857143
64.64035229014594,600.0
64.68650049165784,600.0
70.7969363743965,600.0
78.97308204891586,600.0
54.012113493838655,600.0
70.2142523201263,600.0
55.398631633400676,600.0
60.33410337139665,600.0
61.39776469501698,553.8461538461538
60.6851193979402,553.8461538461538
67.43700943727158,600.0
40.460635377628044,600.0
69.83996680534594,600.0
66.6653984059233,553.8461538461538
58.20750622830886,600.0
77.53038648068389,600.0
69.61802539002436,600.0
60.37787462697019,600.0
70.19090530495076,600.0
59.943084368713464,600.0
71.36427783440308,600.0
49.70838099809277,600.0
65.27120325731396,600.0
56.23060184528353,553.8461538461538
74.63107397871009,600.0
63.03584425394136,553.8461538461538
85.37653392171232,600.0
81.186029775197,600.0
63.38559788590885,600.0
67.14916192482299,553.8461538461538
86.260889592685,553.8461538461538
70.35463527779265,480.0
51.76358941799185,600.0
61.82539452416772,514.2857142857143
53.32021359840395,553.8461538461538
77.30341284979896,553.8461538461538
65.03525289215075,553.8461538461538
47.45604694396452,514.2857142857143
54.848005811182055,514.2857142857143
67.57216287185808,600.0
65.41705503005558,600.0
53.2038597616621,600.0
84.93528276171848,600.0
71.8211092636417,600.0
72.94978150802872,600.0
83.08205351349113,600.0
60.600981815683944,553.8461538461538
52.11633043930444,600.0
71.82643018676282,600.0
69.91150233083467,600.0
77.53257737586102,514.2857142857143
64.3733792599027,600.0
46.24902171544779,514.2857142857143
79.66984441542053,553.8461538461538
61.80547674094031,553.8461538461538
66.47604445156261,480.0
54.17573188167505,480.0
58.004348921320855,514.2857142857143
71.35013115327473,553.8461538461538
63.33270548916531,600.0
60.24986604385026,600.0
64.29134820408645,600.0
62.808840791707865,600.0
76.84606106623967,600.0
66.84312644536283,553.8461538461538
88.0577921145587,600.0
58.16717773946286,600.0
48.55053340718959,600.0
103.48881602951194,600.0
89.3517029054038,600.0
63.529655131789816,600.0
69.46930016212654,600.0
79.51946760730499,600.0
75.59668434965808,600.0
73.46671559338945,600.0
77.56294253302673,553.8461538461538
64.67072823810555,553.8461538461538
75.9852525589623,553.8461538461538
80.01756096622485,600.0
72.11742824720612,514.2857142857143
81.5742074251579,600.0
97.01639793573918,600.0
66.05721738417198,600.0
77.09645334064729,553.8461538461538
63.02389741749965,480.0
78.52114890311756,514.2857142857143
58.49649244037277,553.8461538461538
90.1625057961947,553.8461538461538
75.4811680598341,553.8461538461538
70.85978812964049,553.8461538461538
71.80789985729702,553.8461538461538
69.55870478805119,600.0
71.89770883664153,514.2857142857143
81.9298393219784,553.8461538461538
66.95548816682154,553.8461538461538
63.60665258988237,480.0
74.21016063651945,553.8461538461538
67.74798264817477,553.8461538461538
102.20984459641015,600.0
90.81318198420045,600.0
56.738076927380476,514.2857142857143
58.34545217733319,514.2857142857143
61.54215509820115,480.0
82.33200964434037,480.0
81.12006657425978,514.2857142857143
62.121488468502235,378.94736842105266
53.21230104879659,360.0
53.20926026014383,514.2857142857143
63.89271038073247,423.52941176470586
31.3321605164316,450.0
40.244923520033204,450.0
38.14507576387708,423.52941176470586
37.4722700836392,423.52941176470586
54.16870363061231,423.52941176470586
72.42961564509321,400.0
48.5113656924258,423.52941176470586
27.014402806191917,450.0
44.82356784239869,423.52941176470586
35.71275760449331,400.0
44.20606041736332,480.0
50.877531744746065,360.0
58.293262169154936,400.0
51.74048931891771,360.0
41.652448796725984,514.2857142857143
47.091863529902334,423.52941176470586
43.54441756599654,400.0
45.08392971762909,423.52941176470586
48.23658295209015,378.94736842105266
43.59299332143457,423.52941176470586
47.731401028522015,423.52941176470586
68.21283334522622,553.8461538461538
57.591786834661605,378.94736842105266
50.63508785722534,378.94736842105266
58.1026826357354,423.52941176470586
66.12615398001171,378.94736842105266
52.216484295901,342.85714285714283
54.64175286589062,400.0
45.7025705642781,360.0
58.2179322832179,360.0
52.89534358378034,342.85714285714283
36.146387661490266,400.0
41.42372251470383,450.0
42.70278596561424,400.0
68.5019522423354,423.52941176470586
53.9447177050886,378.94736842105266
39.28847373524939,342.85714285714283
66.53702097550659,450.0
43.11063424925959,360.0
46.64065219242694,360.0
49.694740083704225,423.52941176470586
47.49056872394446,342.85714285714283
70.78016851528633,480.0
57.133191337935585,553.8461538461538
39.77370341667699,378.94736842105266
48.464986293568245,514.2857142857143
77.41198719649833,450.0
63.31210418161977,342.85714285714283
62.80650926265415,400.0
55.03333812713099,450.0
67.97322019544552,423.52941176470586
52.93578043126081,400.0
71.2066155029162,450.0
61.17475678825917,480.0
72.64566584150772,450.0
69.0226142343873,450.0
49.567478306418266,423.52941176470586
54.54218685170181,360.0
55.81629043892025,423.52941176470586
61.56544386386637,400.0
60.00742540817047,400.0
51.71370757245713,423.52941176470586
77.21557696799418,450.0
63.52845220264488,423.52941176470586
72.21360415098313,480.0
56.84277896461338,450.0
74.68244482612398,423.52941176470586
66.04993479623943,450.0
61.28263610709151,378.94736842105266
69.96934516877062,342.85714285714283
61.78135118755784,400.0
85.40893818769496,480.0
69.5651791770113,423.52941176470586
51.77630301659908,400.0
64.0422741403366,423.52941176470586
73.4121489196944,480.0
78.7611202850604,480.0
70.06567794962163,514.2857142857143
63.41414178900728,400.0
54.59562323081591,450.0
83.28051986408457,450.0
58.614216960358334,480.0
72.60564726912308,423.52941176470586
78.48228549171282,480.0
57.86174872529104,450.0
66.63514724452504,423.52941176470586
62.773864736907186,360.0
54.1791570326206,423.52941176470586
55.82999656409605,360.0
50.30600865463657,378.94736842105266
64.71462835746114,450.0
71.99347472311902,480.0
69.31979157420332,342.85714285714283
60.770034333456195,378.94736842105266
57.09062848338681,423.52941176470586
65.24254306471686,400.0
76.71232619965753,400.0
52.86603727777389,378.94736842105266
63.19590883151068,378.94736842105266
66.33302520146125,378.94736842105266
53.93350110496455,450.0
50.38265516182924,423.52941176470586
60.691790657176035,423.52941176470586
63.98893710850825,423.52941176470586
86.74084755753799,480.0
95.32328919980057,600.0
85.57292122024164,480.0
56.272149325166126,450.0
77.16404608717698,514.2857142857143
67.33881437851278,423.52941176470586
89.38191246177671,480.0
68.75884500342768,480.0
51.22482846135894,378.94736842105266
57.51707184831195,480.0
52.17871970322645,480.0
66.29726992092345,400.0
52.32862172699142,450.0
54.086090890760545,423.52941176470586
76.58648878819167,480.0
63.780144423886966,480.0
60.01254736783933,378.94736842105266
65.22184177720135,423.52941176470586
46.74384702036399,423.52941176470586
68.76962047593192,450.0
68.45009694863553,423.52941176470586
67.24853145142535,514.2857142857143
36.31175604900855,423.52941176470586
57.302049634954905,423.52941176470586
59.424899325883075,450.0
46.916172355739484,360.0
48.92105236196258,400.0
82.88395482627332,514.2857142857143
70.91195435684266,450.0
64.08145731954426,378.94736842105266
64.44795064426884,450.0
64.46734792419538,378.94736842105266
65.28297929289869,450.0
61.69288266073755,360.0
70.89867184587239,378.94736842105266
65.89339671086023,423.52941176470586
79.07087433327224,378.94736842105266
52.8348838409623,342.85714285714283
66.58306992331542,480.0
76.77207676858285,450.0
51.51577343305322,400.0
54.702749491353124,480.0
49.645904699068296,514.2857142857143
56.721662465494745,423.52941176470586
69.53108022541292,378.94736842105266
63.295424659636,450.0
55.23153260370121,450.0
68.17318931437671,450.0
54.012278165197685,400.0
54.06976153664641,423.52941176470586
56.71198960290032,423.52941176470586
61.59436575503759,400.0
68.90551176793142,423.52941176470586
53.890525348221495,514.2857142857143
55.30452167678372,450.0
48.81467399252301,480.0
52.70221897928903,480.0
62.28389069471906,450.0
43.9582607760765,400.0
52.446940422839546,450.0
64.08145595389006,514.2857142857143
60.408702154207425,360.0
60.0586475180555,378.94736842105266
61.72052227716416,378.94736842105266
54.44229187431208,400.0
54.52585114757771,360.0
72.09352363879287,450.0
60.01464134650182,342.85714285714283
54.07353920166868,378.94736842105266
48.62847744684334,378.94736842105266
90.99951757578052,423.52941176470586
65.60455155089409,423.52941176470586
69.81719174181703,450.0
68.14011196252243,423.52941176470586
73.77299378309455,378.94736842105266
49.503207454683185,423.52941176470586
69.66148192481799,480.0
71.27522207877774,423.52941176470586
66.50695872980916,480.0
79.87915509548868,423.52941176470586
73.12475344509997,450.0
69.50870938610463,342.85714285714283
56.82083499930828,400.0
79.70513353674296,360.0
75.4511825279531,423.52941176470586
58.781311963569365,400.0
60.06780650990488,480.0
71.3340544570024,360.0
62.009647973007205,342.85714285714283
68.67983575598596,423.52941176470586
72.32241557828559,400.0
61.76929255709785,423.52941176470586
78.39729504967053,480.0
69.79642125456205,423.52941176470586
61.712180384022965,378.94736842105266
69.04973118406221,480.0
71.96581482845932,423.52941176470586
57.81474762563377,450.0
76.99953868104667,450.0
69.29501421311168,400.0
90.89578398832234,400.0
85.60539293226296,480.0
92.5066165542696,480.0
53.22791128328217,400.0
77.96943412282097,360.0
83.21236782703761,450.0
79.89597515916016,480.0
72.07336658199382,423.52941176470586
62.12708466195163,450.0
70.96581187264,378.94736842105266
61.41728527157327,378.94736842105266
64.83175660918961,423.52941176470586
36.97276635546494,514.2857142857143
76.8803225091575,400.0
100.00473371434367,480.0
108.53813080319473,480.0
73.36615884845591,360.0
71.28375929394893,450.0
71.97371897788604,480.0
84.40533489574207,480.0
76.73086368311564,480.0
58.570643527748224,400.0
61.588359406856114,450.0
89.82149795365405,423.52941176470586
73.44269901572608,450.0
70.84443957032185,313.04347826086956
67.14264194169431,423.52941176470586
64.22771516608854,423.52941176470586
82.0123596033796,400.0
89.12922107091613,400.0
58.62316580938989,400.0
80.16548053798093,423.52941176470586
62.358596674363696,378.94736842105266
66.73901277047939,378.94736842105266
75.18132718284969,360.0
75.56751347977333,378.94736842105266
88.07402886627403,378.94736842105266
71.62221819560527,360.0
56.77004540793151,360.0
72.54619882011289,360.0
65.86041356160344,342.85714285714283
69.59273978502192,378.94736842105266
63.68488827027183,360.0
55.86465173164674,423.52941176470586
58.002443651129305,360.0
73.23638971196755,423.52941176470586
63.00658929759548,360.0
59.648656890073916,378.94736842105266
74.05593353216746,342.85714285714283
54.58092671488895,378.94736842105266
64.64651289511593,360.0
89.70293150655083,378.94736842105266
50.743102474660255,360.0
51.147506123569464,342.85714285714283
58.47961486310162,360.0
68.19891853720142,360.0
58.243262616630986,378.94736842105266
52.27999223029327,378.94736842105266
77.65916901684291,360.0
59.25010585785354,360.0
58.51720534260846,327.27272727272725
66.78307410169776,423.52941176470586
48.72616814513973,423.52941176470586
52.168175819851506,378.94736842105266
60.93435559846917,450.0
66.67366505890583,400.0
61.94141266058195,378.94736842105266
75.37005450709704,423.52941176470586
77.37535594605623,423.52941176470586
84.94638999691152,378.94736842105266
58.13894385509791,378.94736842105266
56.03713388462589,400.0
64.30018739942325,400.0
51.99827022975689,423.52941176470586
70.19884262290725,360.0
82.13828604174871,400.0
88.95293113997978,480.0
56.80394674910924,342.85714285714283
74.32587358828958,378.94736842105266
62.358164586529654,423.52941176470586
70.72108895793751,423.52941176470586
76.30587959040247,378.94736842105266
68.99869414524461,450.0
71.3734180672017,423.52941176470586
66.60207950932896,327.27272727272725
75.08405115823247,450.0
70.16450808132667,378.94736842105266
54.94988220548559,378.94736842105266
70.49319040461332,400.0
52.310085866522414,342.85714285714283
69.14278942965456,327.27272727272725
71.5585973535049,360.0
65.91006135839721,360.0
76.06764002485815,360.0
87.75110841835706,450.0
43.07489381517704,342.85714285714283
39.60565889140202,400.0
42.45095404123595,400.0
39.723685997969234,378.94736842105266
41.47457255910466,360.0
72.69009484890077,400.0
40.24577062919502,450.0
58.5385269271835,400.0
47.04522195974411,327.27272727272725
57.941530380402305,400.0
48.19863829423003,400.0
52.49773990497987,400.0
58.473684454890005,360.0
46.2414321603369,327.27272727272725
46.58200035578268,378.94736842105266
39.02003272079341,400.0
47.403577067554835,360.0
42.36543881394677,378.94736842105266
53.28146376747056,360.0
49.75929794470673,400.0
55.42459500770627,400.0
37.802725634630264,400.0
37.24807069391672,360.0
40.2648212706271,360.0
58.03629414225779,378.94736842105266
65.1855125788028,378.94736842105266
51.2631865457908,360.0
70.38148283903985,378.94736842105266
50.70382898124916,378.94736842105266
53.40515634250295,450.0
51.32432821891897,342.85714285714283
68.27416493478552,400.0
48.291291042257264,342.85714285714283
42.21908657564654,378.94736842105266
41.31128723417963,327.27272727272725
51.55720324947758,450.0
56.285511551922625,360.0
40.81103644197688,342.85714285714283
56.20019073679778,423.52941176470586
54.7935311288968,378.94736842105266
47.791215812172524,360.0
50.6770768983496,360.0
46.15075086469999,360.0
48.34247718392495,378.94736842105266
38.34230246336709,378.94736842105266
55.03025577556912,423.52941176470586
55.084049800362195,360.0
33.119606515924204,378.94736842105266
44.25231388836464,360.0
54.783711533351415,378.94736842105266
38.03499786203385,360.0
45.244036719740606,327.27272727272725
37.574280349338544,400.0
49.7114533021233,360.0
60.78389892160408,423.52941176470586
59.61346466006769,327.27272727272725
42.04795264695228,360.0
30.01572696558238,450.0
49.36534099841438,360.0
51.16226220654157,313.04347826086956
56.41321527313849,378.94736842105266
51.81843984819459,342.85714285714283
60.7272559630879,378.94736842105266
46.06202513667398,327.27272727272725
49.49372923861498,400.0
51.03413113350356,400.0
49.07912472438574,400.0
45.553664035527845,423.52941176470586
47.41446980336853,342.85714285714283
54.73727474338925,400.0
52.484789359192646,360.0
51.72382236248367,342.85714285714283
49.64706422051635,360.0
62.82517621884576,423.52941176470586
45.71861263365797,450.0
60.98173651745158,450.0
50.75869230585198,378.94736842105266
71.19967977690283,360.0
53.719988087850815,342.85714285714283
60.86399584402186,378.94736842105266
62.70894602761151,360.0
60.40040235005669,400.0
47.478792994713395,327.27272727272725
53.97791154640097,378.94736842105266
45.75954774129934,360.0
44.628755838014385,342.85714285714283
58.04808985543557,342.85714285714283
54.25737146732638,400.0
51.574570911235526,300.0
33.93069062230402,378.94736842105266
50.50005011162343,378.94736842105266
62.76655824232529,378.94736842105266
48.02700026497802,360.0
60.43435253708187,378.94736842105266
45.9218627861354,288.0
42.58673438456489,360.0
62.22258859747946,423.52941176470586
48.32071429650246,342.85714285714283
58.18072773024615,342.85714285714283
60.372424177278866,378.94736842105266
48.3090639755246,327.27272727272725
61.59165104285222,450.0
43.15755511085129,400.0
63.46592930562453,400.0
46.64750939671539,342.85714285714283
54.232422638188325,400.0
55.236018784638986,400.0
44.27557033384824,400.0
47.58224968125252,342.85714285714283
38.09427002428943,342.85714285714283
49.66358270284639,342.85714285714283
50.115857176667895,327.27272727272725
48.72357073221239,313.04347826086956
57.470685732578296,378.94736842105266
38.335532837982626,400.0
58.33285632426512,400.0
54.776200343190304,342.85714285714283
46.32028360111409,378.94736842105266
38.37195838349732,327.27272727272725
56.13407737770461,342.85714285714283
53.987162946069674,400.0
38.392691803507795,360.0
57.961893758146985,450.0
36.393099016455906,342.85714285714283
58.43426495015524,378.94736842105266
44.78491690438788,360.0
49.80687187472714,300.0
47.28231185290613,378.94736842105266
39.50039060379562,342.85714285714283
56.51783528228744,400.0
64.46376297801062,360.0
47.81741909030583,360.0
48.247737757521215,360.0
44.03591779210541,360.0
57.85455039946805,342.85714285714283
51.58849515336822,342.85714285714283
45.68526558363934,342.85714285714283
55.95155175079914,423.52941176470586
44.80879887432756,342.85714285714283
52.51417390549901,327.27272727272725
46.77767652086053,423.52941176470586
56.87599731438762,378.94736842105266
54.32038995421494,327.27272727272725
53.94765414948443,378.94736842105266
54.531604530298935,313.04347826086956
47.094693275356775,327.27272727272725
62.74728044396846,342.85714285714283
44.90678099928413,360.0
76.08113690923567,400.0
49.93840759436015,300.0
65.02135791114266,400.0
51.68328817442025,327.27272727272725
51.62401233384392,400.0
55.592524989722925,342.85714285714283
57.80205846322183,378.94736842105266
53.65919266151756,378.94736842105266
75.3122903116353,360.0
35.43645547637542,342.85714285714283
54.471649006262446,378.94736842105266
45.72591834599183,400.0
34.66613346175337,360.0
60.83990024307474,360.0
50.33025126269329,327.27272727272725
62.528026918910115,378.94736842105266
46.129886482683936,313.04347826086956
60.57942713422671,400.0
67.86547360766407,342.85714285714283
78.39463437347007,360.0
48.82603671908893,400.0
64.81266030139062,342.85714285714283
51.68238027542188,378.94736842105266
56.957366865169725,342.85714285714283
48.75097571133847,423.52941176470586
63.19042352749471,378.94736842105266
64.1581000791762,342.85714285714283
47.6264295080096,300.0
58.692925625802154,400.0
50.12304655935933,342.85714285714283
60.009057103584205,400.0
65.57616438435704,342.85714285714283
64.70029751205043,423.52941176470586
63.06138284453358,400.0
33.52843805730757,378.94736842105266
55.46009695169319,327.27272727272725
50.50332160590431,342.85714285714283
51.5592922522361,400.0
54.542136639416206,342.85714285714283
53.99731997249518,313.04347826086956
52.3287153658557,400.0
55.444276632677855,327.27272727272725
64.63504600322767,360.0
53.415978336998215,342.85714285714283
79.58112980586368,400.0
74.19879944806686,400.0
87.4629821332577,423.52941176470586
68.44649817821204,360.0
63.47822558611822,327.27272727272725
55.02356925623371,423.52941176470586
60.05412722193099,342.85714285714283
54.848866766475865,327.27272727272725
59.241847768075594,360.0
52.791601085154134,342.85714285714283
66.11060010649418,378.94736842105266
60.76417186461152,378.94736842105266
46.23057393265386,300.0
67.31345837349924,378.94736842105266
61.34610311249511,360.0
56.75421112600223,342.85714285714283
53.61396254439298,300.0
65.37608540312586,400.0
55.088356237849354,327.27272727272725
82.16691996841418,378.94736842105266
57.78718431113623,360.0
61.893001575281154,342.85714285714283
74.44942506064001,360.0
57.297241120219745,360.0
72.0191538205907,342.85714285714283
49.08533278022609,342.85714285714283
57.7239679160308,327.27272727272725
64.60239189820983,342.85714285714283
55.07136357292804,342.85714285714283
48.68574574564042,360.0
65.53696242470987,360.0
63.54539920856923,400.0
45.90659494513801,342.85714285714283
60.03788014768654,327.27272727272725
50.20510330935734,342.85714285714283
66.33288888760364,400.0
53.23503201952001,327.27272727272725
46.950090919947804,342.85714285714283
50.31256029469166,342.85714285714283
60.52719746848859,342.85714285714283
56.61373515887053,360.0
56.04988895510604,423.52941176470586
50.99249359891617,327.27272727272725
68.23758035886324,360.0
57.22819551769351,327.27272727272725
52.85423988668787,342.85714285714283
35.98580201623208,327.27272727272725
48.1562044365367,313.04347826086956
48.044717696930775,327.27272727272725
69.30781739796089,400.0
45.0212604808563,360.0
52.314978782151826,342.85714285714283
47.50745360582378,313.04347826086956
73.43662669045118,342.85714285714283
62.493252550351194,378.94736842105266
52.88196928238112,342.85714285714283
66.30039038742447,360.0
55.84958017746757,378.94736842105266
54.31153213979019,313.04347826086956
76.40250785630879,423.52941176470586
67.99526712925199,327.27272727272725
78.66708497513768,400.0
57.2782162296049,342.85714285714283
60.88032176255474,313.04347826086956
79.11338943454452,423.52941176470586
57.574407870021844,342.85714285714283
48.14446774333295,400.0
63.80796329309221,480.0
52.66689454637268,300.0
49.79987624011964,342.85714285714283
71.32280090982452,400.0
51.13626837066889,360.0
64.52041714395791,400.0
45.8127141391173,378.94736842105266
67.39672993860664,360.0
60.10329357724809,360.0
65.23471015682621,360.0
57.85234835719387,327.27272727272725
75.63773955468365,342.85714285714283
61.575074696380135,360.0
79.69719879911754,400.0
51.930244899129264,313.04347826086956
56.8812824873295,400.0
64.84721146012892,342.85714285714283
56.30189843652866,342.85714285714283
53.53130835424409,342.85714285714283
64.9302442770438,313.04347826086956
55.90878249156394,327.27272727272725
49.396359675650864,378.94736842105266
66.72799345903185,327.27272727272725
64.35130351115146,360.0
54.730478681763465,342.85714285714283
71.95541074884592,378.94736842105266
53.747443241287,342.85714285714283
50.46329338369983,378.94736842105266
70.1540222886243,378.94736842105266
60.43267152963125,360.0
60.87932847918037,378.94736842105266
69.984911663119,360.0
59.0822901343962,327.27272727272725
55.81510558571529,360.0
51.386276614989356,313.04347826086956
53.412050689979026,378.94736842105266
62.85470444378457,342.85714285714283
52.08408045741816,313.04347826086956
52.304583536005616,327.27272727272725
53.50911646703965,480.0
40.936105799580965,378.94736842105266
55.621541647960456,360.0
65.80109174806655,400.0
55.23571139311184,360.0
50.566038075089324,342.85714285714283
56.01472597461791,342.85714285714283
47.91719130064209,342.85714285714283
38.3014295045683,378.94736842105266
47.47432547421097,360.0
54.693871597821456,400.0
61.02198362493046,378.94736842105266
64.24054948095294,400.0
53.0493600962699,327.27272727272725
50.81290216981619,327.27272727272725
57.66040344770983,327.27272727272725
57.57451263126873,400.0
55.7926645711815,327.27272727272725
60.58707889556926,342.85714285714283
51.95567613652054,327.27272727272725
71.50572756436723,400.0
44.550169002907225,327.27272727272725
55.85291558181971,378.94736842105266
68.0063605776747,360.0
73.39485182675902,378.94736842105266
69.7540098311312,342.85714285714283
84.07322930696678,378.94736842105266
61.57900312098437,342.85714285714283
51.60755209111315,313.04347826086956
50.52404577665901,360.0
50.45614520733809,327.27272727272725
53.53230198672879,423.52941176470586
49.38877732476603,327.27272727272725
79.91827686448936,378.94736842105266
59.38780548751198,360.0
65.88678625973438,360.0
46.47093692898667,360.0
53.368192056047825,360.0
75.56698827101998,360.0
55.32634164944872,313.04347826086956
70.35454133290345,378.94736842105266
49.007815067241324,300.0
63.468938404664826,360.0
59.50217037196291,327.27272727272725
51.609556288270646,313.04347826086956
60.73768271556827,360.0
46.45366790063719,327.27272727272725
66.73905005048547,342.85714285714283
66.94666576990772,327.27272727272725
56.83413106769268,313.04347826086956
72.75224340632585,400.0
74.26558651117335,378.94736842105266
90.98572025885544,400.0
68.66853171906361,327.27272727272725
71.18227137838869,342.85714285714283
68.4995439513585,360.0
58.94434740408108,378.94736842105266
68.12929397565927,400.0
75.07312228076664,514.2857142857143
59.43261973253791,327.27272727272725
45.74700480681382,360.0
50.05443921650062,378.94736842105266
51.032114603282835,360.0
43.24052040600565,342.85714285714283
61.95397287434481,327.27272727272725
50.68729141530699,400.0
44.558769559012646,342.85714285714283
70.2199958100851,342.85714285714283
70.0207900421781,400.0
48.072907582545604,342.85714285714283
64.8471105207833,378.94736842105266
74.23272757184637,360.0
68.32557617294239,360.0
51.75707257192693,313.04347826086956
58.14690427710764,360.0
63.69458029395249,342.85714285714283
41.296888171392176,360.0
51.1858611986215,342.85714285714283
72.0265637307497,378.94736842105266
64.97886757262407,342.85714285714283
46.96001286442773,342.85714285714283
56.62903132613404,378.94736842105266
59.958988697327946,360.0
82.80697676371581,400.0
36.33466838318949,342.85714285714283
92.22039851134427,400.0
71.68688352565104,342.85714285714283
48.413564822286475,360.0
53.08471684417158,313.04347826086956
47.776067806884896,300.0
60.39286198862324,342.85714285714283
40.75476077947636,300.0
55.9634182639332,342.85714285714283
61.871900005729735,313.04347826086956
74.81049851813091,360.0
58.514819805354975,327.27272727272725
52.50085290491751,342.85714285714283
74.49661445324139,378.94736842105266
58.025538949487206,313.04347826086956
74.80278790247087,360.0
60.53043655490013,327.27272727272725
66.32320776837422,327.27272727272725
56.33584472261148,313.04347826086956
47.14907795876824,300.0
69.38967471222979,342.85714285714283
42.92746784411404,300.0
50.08458663418938,342.85714285714283
55.05378654551764,313.04347826086956
80.01915444502907,378.94736842105266
68.9631298619278,360.0
57.760473300248385,342.85714285714283
63.14154214020367,342.85714285714283
73.48198758177699,360.0
66.10148163689999,342.85714285714283
49.17042560368919,313.04347826086956
57.64678915092703,327.27272727272725
64.81235300864046,327.27272727272725
85.23832914853898,400.0
56.0855312483448,327.27272727272725
70.24419147579307,327.27272727272725
54.54136472049431,327.27272727272725
65.8293859266177,327.27272727272725
57.28171302948977,327.27272727272725
53.63899836811981,313.04347826086956
74.0840034575076,342.85714285714283
58.01666872678345,327.27272727272725
61.28201090434624,342.85714285714283
70.25560815213298,342.85714285714283
44.307343369242666,313.04347826086956
65.10056012152087,360.0
62.96688959167937,327.27272727272725
58.211041431734635,327.27272727272725
62.2802775753572,360.0
56.06966819799809,327.27272727272725
42.013216642445116,313.04347826086956
50.91225713430456,313.04347826086956
65.54805569422149,378.94736842105266
64.47891128136015,360.0
40.53360946830341,300.0
46.815327626388985,327.27272727272725
46.087100377600976,327.27272727272725
51.58151079856773,327.27272727272725
54.145183375604205,327.27272727272725
52.82540053400128,342.85714285714283
54.11497692933652,342.85714285714283
36.815770910949546,300.0
52.95287368350955,342.85714285714283
67.11084861604685,360.0
60.12196035017599,313.04347826086956
65.40600167149084,360.0
56.503102787858374,327.27272727272725
65.24078386976319,327.27272727272725
62.50176437335955,342.85714285714283
50.51911710224005,327.27272727272725
47.43724696284623,313.04347826086956
64.80879779031746,313.04347826086956
48.4380217088407,313.04347826086956
66.24228967153276,327.27272727272725
54.79317627737778,276.9230769230769
55.5865106646325,342.85714285714283
64.34753466664895,342.85714285714283
55.321923370979476,313.04347826086956
67.11566648438063,342.85714285714283
58.86779030878102,327.27272727272725
77.81292408202238,360.0
66.48191042030503,342.85714285714283
50.55501305732611,300.0
59.18026878615473,313.04347826086956
57.768332850719595,342.85714285714283
70.99018206968805,342.85714285714283
64.94026136959467,360.0
50.16455771191264,313.04347826086956
59.27396703378991,313.04347826086956
53.28077800765817,313.04347826086956
64.99836801829798,342.85714285714283
56.30914757697292,327.27272727272725
64.6262329133966,342.85714285714283
51.70005739798943,300.0
51.33229748531237,313.04347826086956
64.87492809368379,378.94736842105266
49.06903836040012,300.0
57.63913575226423,313.04347826086956
60.76669518737074,313.04347826086956
59.34543564893292,288.0
68.1086819330858,327.27272727272725
61.9508406673757,327.27272727272725
55.66086148275112,313.04347826086956
74.00557537919991,327.27272727272725
52.677386655231025,300.0
72.6213914657397,327.27272727272725
63.60812611821782,327.27272727272725
56.304218673433596,313.04347826086956
54.122456441338166,300.0
59.93806614517643,313.04347826086956
60.44512449042546,327.27272727272725
56.35668545573944,327.27272727272725
57.96496097714648,313.04347826086956
43.0687548099748,288.0
70.92267275026799,327.27272727272725
52.314512366581965,313.04347826086956
66.53635370618325,360.0
46.68577169585854,300.0
69.0456194350935,342.85714285714283
43.35420155237371,288.0
73.99008668006799,342.85714285714283
74.83966693708183,378.94736842105266
63.72305631438898,342.85714285714283
49.99969039754885,300.0
65.6397497331956,327.27272727272725
67.59317322448716,342.85714285714283
45.608302770062004,288.0
72.84137840018637,342.85714285714283
63.814323217101396,313.04347826086956
70.68138611973025,342.85714285714283
55.961875133266446,327.27272727272725
69.54132992976517,342.85714285714283
44.83399734776554,300.0
62.55298691991391,327.27272727272725
55.40705208944026,313.04347826086956
48.58012306943419,300.0
39.347925353853604,288.0
45.198958767961706,313.04347826086956
49.91549715614813,300.0
49.91054531913044,288.0
58.25577304260241,313.04347826086956
45.01071575905322,300.0
56.8620354374283,313.04347826086956
49.7730954297548,300.0
50.02227953831321,288.0
67.96746155817424,327.27272727272725
57.41929875992549,313.04347826086956
46.80977388154197,288.0
73.7293326473385,342.85714285714283
60.210474601597646,342.85714285714283
52.41993199060961,313.04347826086956
61.414829247557535,327.27272727272725
80.30024107876075,360.0
63.191718385304355,327.27272727272725
54.77903744344482,327.27272727272725
61.86888419511304,327.27272727272725
67.12623812343509,360.0
56.533335886660936,313.04347826086956
54.01029416171435,313.04347826086956
54.222042615596955,313.04347826086956
52.64490626980446,313.04347826086956
61.76834432263391,342.85714285714283
69.19454147029701,327.27272727272725
45.54163248413085,300.0
63.72086103840427,327.27272727272725
58.21231726366886,313.04347826086956
72.46455830782469,342.85714285714283
57.6309155604416,313.04347826086956
56.823877405315336,313.04347826086956
37.39151748185369,313.04347826086956
74.6751819870286,342.85714285714283
67.29136335096945,342.85714285714283
55.83929064749964,300.0
86.10622235358373,378.94736842105266
64.97778663145147,342.85714285714283
52.17395118638321,300.0
52.65407213410265,300.0
55.64395432160344,313.04347826086956
77.15479149319204,378.94736842105266
76.16143096833338,400.0
55.257886578394924,313.04347826086956
64.00877876009726,342.85714285714283
57.47571880087882,313.04347826086956
56.607976400730855,342.85714285714283
67.50778351645688,360.0
47.87669416430101,300.0
62.82964233790035,342.85714285714283
59.4579191446013,327.27272727272725
45.01351992153689,300.0
48.41820118352396,313.04347826086956
39.937288964865374,276.9230769230769
46.15124820101141,300.0
63.68733417508188,378.94736842105266
53.341037125580414,313.04347826086956
51.44089209456731,313.04347826086956
59.73609517612407,342.85714285714283
55.65949853488578,327.27272727272725
38.82483689541257,288.0
43.966801045157204,300.0
60.811138160780025,327.27272727272725
59.74243454013609,327.27272727272725
41.049118428417536,300.0
40.39183523656076,300.0
54.99358359758627,342.85714285714283
47.38120390215659,300.0
49.18728903513561,313.04347826086956
53.596340310916865,327.27272727272725
67.06001313800961,360.0
54.376470892633094,313.04347826086956
53.96011169482095,313.04347826086956
54.83292464060135,327.27272727272725
51.01271310714532,313.04347826086956
50.91528513997468,327.27272727272725
70.07773608671826,360.0
49.03942689927347,313.04347826086956
54.9219857094973,313.04347826086956
52.96424438085346,327.27272727272725
68.66065816429597,378.94736842105266
61.21508898538312,327.27272727272725
58.423791638560644,327.27272727272725
64.21392597684451,342.85714285714283
50.66530308033336,313.04347826086956
48.83678368634705,300.0
58.381687372151006,327.27272727272725
62.218069663405984,327.27272727272725
41.20129843158185,288.0
67.54000068896104,360.0
65.47904374305932,327.27272727272725
62.416084896053114,313.04347826086956
60.62654417497722,327.27272727272725
57.191282818233205,327.27272727272725
60.93356963397471,327.27272727272725
67.43361820415477,342.85714285714283
63.035068867477754,327.27272727272725
58.9447909720479,313.04347826086956
56.007825825826664,327.27272727272725
54.40100519866382,313.04347826086956
67.38334214388466,342.85714285714283
49.39312565092999,300.0
73.89993750455196,342.85714285714283
39.48192794291026,276.9230769230769
61.534328151205976,313.04347826086956
60.898321881510036,327.27272727272725
60.958537412632374,313.04347826086956
52.87009252070891,300.0
57.12743696578617,327.27272727272725
83.09781136891336,360.0
77.99475671092085,400.0
71.16065281744945,342.85714285714283
49.8020059558454,300.0
52.05878494149503,300.0
53.610032432701466,300.0
74.93738242527117,360.0
52.68009329276574,300.0
88.5236974132622,360.0
63.17884925672578,342.85714285714283
53.914975819701496,313.04347826086956
57.50800948447168,313.04347826086956
69.12806121569653,342.85714285714283
59.79337874236101,342.85714285714283
66.17276340061947,313.04347826086956
56.86586264247051,327.27272727272725
62.09128211311486,327.27272727272725
64.65041510090376,313.04347826086956
77.98331996050527,360.0
62.63135489877288,327.27272727272725
69.93664258256815,313.04347826086956
76.61244536125002,342.85714285714283
48.84135601007195,313.04347826086956
49.44729379582437,300.0
48.996120745576036,300.0
48.84695075953738,300.0
64.11025773875392,360.0
68.50596855562264,360.0
56.905311117410264,313.04347826086956
50.84696319302347,288.0
68.38480933261933,342.85714285714283
65.52231431252837,327.27272727272725
54.0003504425646,327.27272727272725
65.74327455444178,327.27272727272725
70.4571096826405,342.85714285714283
78.21930158980905,342.85714285714283
62.47664049751975,342.85714285714283
57.77064965582597,300.0
85.69964307668971,360.0
59.26151214269387,313.04347826086956
63.88973802041687,342.85714285714283
58.68575751103738,360.0
48.18417001396747,300.0
81.85415231723024,360.0
53.744980313732384,288.0
61.02646447101635,360.0
61.55472568097861,327.27272727272725
59.6412124425686,313.04347826086956
61.77965223666305,360.0
71.15705263256966,342.85714285714283
52.13896434271657,327.27272727272725
73.00521231826703,378.94736842105266
62.05786795607708,313.04347826086956
50.488839350596855,288.0
40.50256344496568,288.0
69.57014766236306,327.27272727272725
70.46570450217891,342.85714285714283
65.43841534781393,342.85714285714283
48.514930469003765,288.0
59.892028840607004,327.27272727272725
72.3802951623085,360.0
43.256993021455166,288.0
59.06370992948934,327.27272727272725
41.007935905705665,288.0
58.07616552841806,360.0
61.4926647196309,327.27272727272725
48.968382781523495,300.0
49.21737037056972,313.04347826086956
69.11737596496566,342.85714285714283
41.053793978296135,288.0
58.98858709811573,327.27272727272725
64.26002789116357,342.85714285714283
56.608809341602374,300.0
86.33740988431039,378.94736842105266
74.14104568607422,342.85714285714283
50.57402808923251,313.04347826086956
63.228679998311904,360.0
57.36789488979193,327.27272727272725
51.8160990535846,313.04347826086956
50.699113855847735,300.0
53.70274241914805,327.27272727272725
65.71808042008149,342.85714285714283
51.16297506375529,300.0
75.56261044826499,378.94736842105266
56.01736654031587,300.0
71.49114198881523,360.0
50.58371330737583,313.04347826086956
47.13259549403805,300.0
55.37716109101913,313.04347826086956
48.72470855123515,300.0
68.00561681736221,342.85714285714283
62.81365161910773,327.27272727272725
64.47071098568924,342.85714285714283
44.69531563981831,266.6666666666667
53.234158404457084,300.0
60.80842682684729,327.27272727272725
41.99146074191576,276.9230769230769
51.161283625286465,300.0
47.54729322866511,288.0
59.543542660966594,327.27272727272725
62.74020849247399,327.27272727272725
59.61336507704036,313.04347826086956
67.37863035432227,360.0
52.36604879462683,342.85714285714283
58.3433103001612,327.27272727272725
47.351363792409735,313.04347826086956
45.08254748735905,288.0
63.92991199493322,342.85714285714283
62.50499866674779,327.27272727272725
54.90162632305391,327.27272727272725
49.37677682004626,327.27272727272725
55.992115169153706,313.04347826086956
70.88106230629182,360.0
56.82996724727202,313.04347826086956
63.683413765758424,342.85714285714283
49.81193992745873,300.0
44.91863095755947,288.0
52.57492945312554,300.0
45.79066863570739,300.0
75.70238513875037,360.0
48.45196160707034,300.0
63.868342620479,360.0
63.161708221915845,342.85714285714283
39.760348642690126,300.0
45.55401029493711,276.9230769230769
45.40802414283934,288.0
49.09862446937941,300.0
67.42997073060616,378.94736842105266
49.436867222551705,300.0
46.76952625225025,288.0
51.88846820790989,313.04347826086956
55.34812529068434,327.27272727272725
44.8169392255964,300.0
58.20957592944478,342.85714285714283
62.09937350641046,378.94736842105266
47.02171681657742,327.27272727272725
45.400848327340405,300.0
52.7578555154153,313.04347826086956
51.80268571774294,313.04347826086956
37.7926243115046,288.0
45.43611528293235,313.04347826086956
56.07588791664527,327.27272727272725
45.06229994916683,288.0
43.45037964255051,313.04347826086956
40.99551028882651,276.9230769230769
43.251913847785175,300.0
56.685798114679685,313.04347826086956
58.07358647861384,327.27272727272725
70.96967846806227,327.27272727272725
56.93508159343109,327.27272727272725
49.49737188637915,313.04347826086956
54.92782523580178,300.0
48.28225239080951,313.04347826086956
61.17346162511587,327.27272727272725
50.24269723191881,313.04347826086956
58.06754652019729,327.27272727272725
46.219022170065436,276.9230769230769
56.97780560477269,327.27272727272725
40.0915751736542,266.6666666666667
42.499554403539,276.9230769230769
52.72242445301612,300.0
58.50281267360848,313.04347826086956
53.150394263348026,288.0
74.91635822057222,360.0
52.81211231478684,300.0
45.715997965198596,288.0
52.44927369701163,300.0
40.66310507065736,257.14285714285717
63.710127112235796,342.85714285714283
63.83220523925811,327.27272727272725
48.9243569581469,313.04347826086956
51.73240143617906,313.04347826086956
47.28229354231595,288.0
39.933261665402625,266.6666666666667
45.11097970096596,288.0
88.74043421210074,378.94736842105266
50.70481686984265,327.27272727272725
52.49400448794291,313.04347826086956
62.09823935319537,327.27272727272725
46.700000294071955,276.9230769230769
69.27190777540025,360.0
73.93947872950118,342.85714285714283
53.91458426444468,327.27272727272725
45.82147504723652,288.0
57.235381372594446,313.04347826086956
57.50909450196359,327.27272727272725
64.16273121866944,327.27272727272725
58.388244158746645,327.27272727272725
76.41103375413253,342.85714285714283
72.7562238113435,342.85714285714283
46.88671025489348,300.0
62.46124437513304,313.04347826086956
70.60498502931243,342.85714285714283
73.17230145297893,360.0
40.035007591037214,276.9230769230769
51.85736297386438,313.04347826086956
62.51100485502872,327.27272727272725
49.7358813341721,300.0
44.501805512614986,300.0
45.837895065602,276.9230769230769
41.598087807336285,276.9230769230769
70.93444980711519,327.27272727272725
57.3288438858342,327.27272727272725
55.71477690089464,300.0
57.07889504850764,313.04347826086956
58.66558508971233,300.0
63.81610708257845,327.27272727272725
78.34836678852639,378.94736842105266
56.324463836151565,327.27272727272725
62.80303922156984,313.04347826086956
57.918426867932794,300.0
64.79431454695056,327.27272727272725
75.07202587177937,342.85714285714283
76.85195069823199,360.0
59.39913858093049,313.04347826086956
55.86353666775897,300.0
50.02118113210794,313.04347826086956
44.100860354037,288.0
56.456815382184956,313.04347826086956
58.149291453166775,327.27272727272725
57.499594690100054,327.27272727272725
64.2995078315362,360.0
46.01756062198293,300.0
75.4254424526325,342.85714285714283
46.586960408609464,276.9230769230769
67.48979545631602,327.27272727272725
101.52242630214171,423.52941176470586
66.17362756996312,327.27272727272725
45.308129429882285,288.0
64.03832491781756,327.27272727272725
61.448035143047534,313.04347826086956
77.93576149400312,360.0
71.11055856874727,342.85714285714283
50.691716690393804,288.0
63.2398427384549,327.27272727272725
60.42349532432946,313.04347826086956
68.54774163763197,327.27272727272725
67.72164525384567,342.85714285714283
57.74138448734832,313.04347826086956
65.21116641704721,313.04347826086956
54.54580236313973,313.04347826086956
47.632193728790675,300.0
50.04288803800053,288.0
78.84361014523793,378.94736842105266
76.38716354313657,360.0
61.27830801728254,342.85714285714283
65.76246107415328,342.85714285714283
49.16843954673025,313.04347826086956
88.23741471590589,378.94736842105266
55.44455311385339,313.04347826086956
56.33151233282254,313.04347826086956
75.67483540198378,360.0
62.19940972345413,313.04347826086956
52.22291795247119,300.0
62.98707622180221,342.85714285714283
76.03707657171876,360.0
66.8200690113379,327.27272727272725
88.73449600823449,378.94736842105266
56.61594127682882,342.85714285714283
59.76555299861609,327.27272727272725
57.26051691048706,313.04347826086956
51.903309893549114,313.04347826086956
53.2632200316398,300.0
72.58601592761163,342.85714285714283
64.95596607529555,327.27272727272725
62.987022148727505,327.27272727272725
65.21052899330594,327.27272727272725
68.71437889975135,327.27272727272725
79.71948801124138,360.0
49.04372315810867,288.0
69.41434178411342,313.04347826086956
56.23252869952217,313.04347826086956
61.10684328925454,313.04347826086956
65.40230248732652,313.04347826086956
64.08883074813656,313.04347826086956
66.87234105296358,342.85714285714283
81.29593491606902,378.94736842105266
60.87995886872163,313.04347826086956
49.129869791802136,313.04347826086956
53.10549921788107,288.0
67.11907650937458,360.0
68.63253312829755,342.85714285714283
73.18733434224978,360.0
53.44020434581571,288.0
67.1169843293919,342.85714285714283
57.98555606782248,313.04347826086956
45.07531979302769,327.27272727272725
58.06232146039488,300.0
74.42649613318471,342.85714285714283
58.62750526875006,327.27272727272725
89.16946504189096,378.94736842105266
55.49454601799018,327.27272727272725
81.0359495485657,378.94736842105266
70.7444611045822,342.85714285714283
63.23308064228827,342.85714285714283
72.76295131417032,360.0
80.5171106662921,378.94736842105266
71.88488077480555,360.0
64.63811563601118,313.04347826086956
66.45167635448408,327.27272727272725
78.63560888316894,378.94736842105266
76.62736087865845,378.94736842105266
52.584543038920515,300.0
56.9252522299985,313.04347826086956
63.65412500744626,342.85714285714283
55.66525744332093,313.04347826086956
71.65359616102724,360.0
66.26715574264317,360.0
52.10475964194703,300.0
60.62482368699173,327.27272727272725
65.61475605471243,342.85714285714283
60.431133459390416,327.27272727272725
57.21904467949452,313.04347826086956
63.530309694638134,327.27272727272725
54.086987303790046,300.0
61.485835155338386,342.85714285714283
64.17422519653284,360.0
62.268024978168036,313.04347826086956
58.48275428989501,313.04347826086956
54.30910454892182,327.27272727272725
52.59890679601046,327.27272727272725
72.84879998723169,342.85714285714283
87.34604132538865,378.94736842105266
54.55853773161231,313.04347826086956
57.40585832783841,313.04347826086956
62.21567981807549,327.27272727272725
52.57392510888027,288.0
45.85971118950208,276.9230769230769
56.2115035690998,313.04347826086956
67.12418990801255,342.85714285714283
86.6917552661885,378.94736842105266
58.20501313777672,327.27272727272725
54.487270625439905,313.04347826086956
79.59845068444233,378.94736842105266
60.04372238460396,327.27272727272725
49.945636530556385,300.0
60.04913248997764,313.04347826086956
67.7753643468084,342.85714285714283
55.88383008409215,300.0
58.36238852866379,313.04347826086956
75.71028755742702,378.94736842105266
69.72794141225341,342.85714285714283
69.87383492036574,360.0
64.98865730549213,327.27272727272725
80.50130380234437,378.94736842105266
59.81842138634094,342.85714285714283
73.69982456616555,378.94736842105266
56.27882603684283,342.85714285714283
66.01678548466427,313.04347826086956
68.48996365623591,342.85714285714283
72.8284880926938,342.85714285714283
49.87835823760207,300.0
51.05558995465466,300.0
75.20097747454952,342.85714285714283
67.56283259161799,327.27272727272725
58.61715131457459,313.04347826086956
60.51174851448199,360.0
70.37074395461471,327.27272727272725
56.332390724255845,288.0
54.55194538457519,313.04347826086956
44.86484027500538,300.0
72.26223687103922,342.85714285714283
68.1840928948933,360.0
67.08325758190222,342.85714285714283
52.99314410394465,300.0
45.22924588830688,288.0
64.51181002014773,327.27272727272725
44.79639475469689,288.0
57.894186995517124,300.0
63.7264167132385,313.04347826086956
68.20213346901365,313.04347826086956
71.21427216620567,360.0
68.99584293510247,342.85714285714283
75.21388681901335,360.0
51.31343015603886,300.0
68.63564450031113,360.0
60.18169164268082,327.27272727272725
52.86214257434006,313.04347826086956
53.749757158218294,327.27272727272725
66.07979111268656,342.85714285714283
49.71110526305925,313.04347826086956
66.31429471434967,327.27272727272725
66.1896058650092,360.0
53.613211676402166,313.04347826086956
45.56000569019954,300.0
54.70104959161984,342.85714285714283
64.14640771835657,378.94736842105266
42.641958752088804,276.9230769230769
56.5558678116779,313.04347826086956
62.700662215980145,327.27272727272725
60.55300709534875,327.27272727272725
47.23260767008833,300.0
66.38097580750289,342.85714285714283
59.37524074837004,327.27272727272725
76.65248383333747,360.0
60.34254676330358,327.27272727272725
54.17878548238166,327.27272727272725
91.28135454065082,378.94736842105266
73.2076815803087,360.0
71.14134940120773,342.85714285714283
44.924583580688726,288.0
77.05133443345862,378.94736842105266
79.20960237928436,378.94736842105266
66.77893244339002,327.27272727272725
71.1801412705676,342.85714285714283
80.65886962358846,360.0
57.84244009972244,327.27272727272725
63.672841703540385,360.0
60.98514684843967,313.04347826086956
62.64902607446353,342.85714285714283
50.43327880059201,313.04347826086956
76.02506354209852,360.0
63.07326782389521,360.0
65.25811139534122,327.27272727272725
68.29017361226451,342.85714285714283
75.51605232705876,360.0
70.79137172688525,342.85714285714283
70.63556302904209,360.0
67.49786477162372,342.85714285714283
52.08300143604577,342.85714285714283
57.06218678052489,327.27272727272725
83.08025823314398,360.0
67.81736624571917,360.0
56.42009391361182,327.27272727272725
82.37277479615861,378.94736842105266
57.51593720544371,327.27272727272725
63.55187105013412,342.85714285714283
60.3956027310656,342.85714285714283
67.51124579168177,342.85714285714283
41.299902310615266,276.9230769230769
60.97411881380105,342.85714285714283
66.35841930828069,342.85714285714283
56.942179123679416,288.0
54.62382844138883,300.0
73.2283567745887,360.0
69.24730756455926,360.0
57.48226322615803,313.04347826086956
52.15628242408534,300.0
71.66008528750073,342.85714285714283
63.88214744042908,342.85714285714283
79.91885079365811,360.0
77.577411522984,342.85714285714283
53.96876496139594,300.0
63.83749326606405,313.04347826086956
59.30558727231597,313.04347826086956
75.06564021271623,342.85714285714283
63.69730441944619,327.27272727272725
58.96513156649586,313.04347826086956
46.240838585054746,300.0
48.538455580909364,300.0
49.875117377684255,300.0
63.892429317167256,327.27272727272725
68.30505703638204,342.85714285714283
56.11479366859147,327.27272727272725
80.09340309166322,378.94736842105266
65.3090924801008,327.27272727272725
60.84902915667916,313.04347826086956
52.00093629035455,313.04347826086956
56.25199708691896,288.0
49.03293635914,300.0
60.682225867561165,342.85714285714283
50.808454893031886,300.0
62.130109967503444,327.27272727272725
64.41535008060465,327.27272727272725
55.355297229668174,288.0
78.16191688679248,360.0
70.29566526682726,360.0
55.54436510599618,300.0
81.76959334811245,378.94736842105266
57.221591314048844,313.04347826086956
72.04865548568866,342.85714285714283
58.093648577889404,300.0
55.86740687108649,313.04347826086956
68.94768179360706,342.85714285714283
51.70115470838178,300.0
52.64514020970159,313.04347826086956
64.7847295910701,327.27272727272725
59.533678467459055,342.85714285714283
50.80350146764525,300.0
64.31168496846371,313.04347826086956
67.21993326094712,342.85714285714283
50.85162618660095,288.0
70.61406881184122,342.85714285714283
68.76078410088066,342.85714285714283
69.82791125964643,342.85714285714283
77.95386421761302,360.0
60.325408958237965,327.27272727272725
61.00411573436552,327.27272727272725
70.07770652405112,327.27272727272725
65.72426957057642,313.04347826086956
63.729728531564994,342.85714285714283
68.98705633242955,342.85714285714283
54.85375092388818,313.04347826086956
80.02609246124426,378.94736842105266
53.1932398208201,313.04347826086956
62.154150137340025,327.27272727272725
52.75810663819347,313.04347826086956
57.426031205975136,342.85714285714283
63.70365949876227,313.04347826086956
51.79452511683989,313.04347826086956
65.90446584220393,342.85714285714283
79.65500679729249,360.0
61.29788465207426,327.27272727272725
67.42962513631551,360.0
57.51286163540726,313.04347826086956
76.40471770253511,342.85714285714283
62.954628514724064,342.85714285714283
65.16347283517939,313.04347826086956
70.84699448070057,342.85714285714283
72.17834922823286,360.0
60.49553843883758,327.27272727272725
65.37062611593056,327.27272727272725
63.48888638533966,342.85714285714283
53.224602234002276,327.27272727272725
73.88253597070394,360.0
59.4469255250449,313.04347826086956
55.63657271424512,313.04347826086956
65.58461297834101,342.85714285714283
57.87002033764912,313.04347826086956
66.25359337688033,327.27272727272725
73.96867730919817,360.0
48.920094618429765,300.0
60.32226171746388,327.27272727272725
79.40906802471527,378.94736842105266
60.32324685893451,313.04347826086956
57.88943411420926,327.27272727272725
70.89956161410227,360.0
48.22846028784057,288.0
79.54383865725006,360.0
61.37545703234675,327.27272727272725
62.55761295348215,342.85714285714283
80.17274058928963,360.0
82.30572334323674,360.0
56.48467952482902,342.85714285714283
49.42065036911462,300.0
82.5126101332902,378.94736842105266
67.47456071514164,360.0
62.974234265713854,327.27272727272725
69.98337593092633,342.85714285714283
74.17328630652291,360.0
35.230972444931034,276.9230769230769
57.82916596177909,327.27272727272725
71.39258479400884,342.85714285714283
64.25349825928687,327.27272727272725
70.68999742909642,327.27272727272725
61.907065605958195,327.27272727272725
67.27559080140925,342.85714285714283
54.745159277203776,300.0
72.41558955606857,360.0
45.090754673589124,276.9230769230769
56.04905983742683,313.04347826086956
62.132749750996766,342.85714285714283
52.569402483994956,313.04347826086956
52.58067987777819,300.0
71.68911696581142,342.85714285714283
58.00144752654362,327.27272727272725
59.384451614591605,327.27272727272725
65.684837511824,360.0
53.57709535512923,313.04347826086956
61.198594509669746,342.85714285714283
57.62562323665279,313.04347826086956
57.27970758278616,313.04347826086956
85.88758674606254,378.94736842105266
43.472779625680374,288.0
61.19965240810135,342.85714285714283
60.29311257508077,313.04347826086956
59.4332977418713,327.27272727272725
66.16253047259274,327.27272727272725
62.53885787799788,342.85714285714283
50.289370092821514,327.27272727272725
54.80466792587522,313.04347826086956
57.1711133390553,327.27272727272725
53.488763046144406,313.04347826086956
54.97516677059977,327.27272727272725
81.48624406970916,360.0
51.375452872232266,288.0
48.75618895923199,300.0
53.14545310003994,300.0
57.639320292715574,327.27272727272725
69.83650495252253,327.27272727272725
56.74626464179998,327.27272727272725
63.300820559135715,327.27272727272725
51.89224135589259,313.04347826086956
62.62410459545362,313.04347826086956
95.00029567480375,423.52941176470586
63.029509369052015,327.27272727272725
45.889420858435955,327.27272727272725
58.25588567075867,313.04347826086956
57.80274673415765,327.27272727272725
45.87389470923848,313.04347826086956
73.41673794821367,360.0
59.65365110571437,313.04347826086956
67.99017841240337,342.85714285714283
72.62180818334146,327.27272727272725
72.66425798261308,360.0
76.77215040130348,342.85714285714283
75.4726985389975,360.0
62.92689785019707,327.27272727272725
49.92271582806861,313.04347826086956
65.11001493860918,327.27272727272725
60.08071161963892,327.27272727272725
58.57791655755509,327.27272727272725
78.83725949801399,360.0
78.71023667688516,378.94736842105266
56.01230158936465,327.27272727272725
78.34842376032543,378.94736842105266
62.26430651891864,342.85714285714283
51.76524275917267,327.27272727272725
52.05255439213991,313.04347826086956
60.22844285350643,327.27272727272725
47.01764948652445,288.0
53.52420964796598,300.0
61.00040949160243,327.27272727272725
57.807119845878454,342.85714285714283
54.53159983830232,327.27272727272725
47.244172652950404,313.04347826086956
54.34094949379073,327.27272727272725
67.24446359350492,327.27272727272725
63.12691155299091,342.85714285714283
49.733810782165705,288.0
74.16357626643928,342.85714285714283
69.71383548716959,342.85714285714283
59.72223861171157,313.04347826086956
41.29591428994915,288.0
62.31497246918973,342.85714285714283
52.87948643059111,313.04347826086956
47.833807544022136,313.04347826086956
56.74302019159623,342.85714285714283
51.31238356721004,313.04347826086956
71.30054866942555,342.85714285714283
45.47497960587075,300.0
52.315191877685805,327.27272727272725
70.79384421573049,360.0
78.47726503245572,360.0
64.90283144744443,327.27272727272725
57.11948663077951,313.04347826086956
74.50142658393911,360.0
64.25439174621269,342.85714285714283
59.35736010746031,342.85714285714283
76.42491360258293,378.94736842105266
69.68906288131335,360.0
65.31678284646769,327.27272727272725
60.17245394477897,342.85714285714283
60.084410855425524,327.27272727272725
75.07535061865826,378.94736842105266
58.90696402205105,342.85714285714283
53.560748702349045,327.27272727272725
57.92263815501569,327.27272727272725
57.8596809493778,313.04347826086956
65.11390038966016,327.27272727272725
66.05593035095093,360.0
64.84177228263064,327.27272727272725
63.9406347542076,313.04347826086956
63.51656223065867,327.27272727272725
70.73767626305458,360.0
72.4965146505849,360.0
67.67408082645855,342.85714285714283
64.17899507894143,342.85714285714283
67.51427115003727,342.85714285714283
53.39701532869188,300.0
43.17229749826251,288.0
59.36792050284226,313.04347826086956
55.28994961628123,300.0
66.32181041176325,378.94736842105266
69.55966931479718,342.85714285714283
62.5629246982415,327.27272727272725
52.471278416222255,313.04347826086956
63.68754802424855,327.27272727272725
38.59860333456573,266.6666666666667
58.27351398921175,313.04347826086956
73.6678658551808,342.85714285714283
52.47163788150092,300.0
62.36665691351051,342.85714285714283
59.652080228112744,342.85714285714283
45.18509472114635,300.0
69.28000121290583,327.27272727272725
48.183999920584846,300.0
63.29620628124677,342.85714285714283
56.35170719019467,300.0
62.155058119343884,342.85714285714283
67.91685876382367,327.27272727272725
74.27916140824668,378.94736842105266
63.245606043234496,313.04347826086956
68.57509453039992,342.85714285714283
57.6239258460173,327.27272727272725
56.53772852374645,327.27272727272725
84.74401834785093,400.0
67.90675371886769,342.85714285714283
61.43187496040977,342.85714285714283
69.65790130996596,342.85714285714283
56.85073348203628,313.04347826086956
73.90842707309255,342.85714285714283
77.60303325015809,360.0
74.91095151010889,342.85714285714283
83.58904052378502,360.0
60.96357811448279,327.27272727272725
83.52079103129935,360.0
61.813389251713076,342.85714285714283
57.10510668410477,327.27272727272725
58.053109643374285,300.0
57.04456499388137,300.0
50.797208759124736,300.0
56.702218480364074,313.04347826086956
61.22632869483207,313.04347826086956
55.981437804332366,300.0
62.0832603377875,313.04347826086956
49.56366921695481,288.0
78.37286956672784,360.0
56.359589366112914,300.0
65.93988060674032,327.27272727272725
50.162866612856845,288.0
54.89027069714621,300.0
90.10064606092753,400.0
52.54642094558668,313.04347826086956
65.76187668359337,327.27272727272725
66.36377780711965,327.27272727272725
50.12942064761214,300.0
47.2179587347307,300.0
55.511139592559914,300.0
59.480194133691406,313.04347826086956
68.68498019635103,360.0
82.53134106850659,400.0
61.81971230510982,313.04347826086956
57.6744544270463,327.27272727272725
82.35848624775856,360.0
78.63073853451046,342.85714285714283
63.18461936801945,342.85714285714283
53.8477171465641,327.27272727272725
83.28929225619885,400.0
50.48024906838954,313.04347826086956
51.41605040260088,300.0
50.464587129500075,288.0
63.40660857313546,327.27272727272725
79.63130669997928,378.94736842105266
54.39302702505785,313.04347826086956
60.44094272659174,327.27272727272725
64.62457706698908,342.85714285714283
45.289924604246124,300.0
46.94034849439162,313.04347826086956
71.89764841799467,378.94736842105266
67.02080003047405,342.85714285714283
59.7450048192511,313.04347826086956
64.26105530659768,342.85714285714283
56.896369630943305,313.04347826086956
53.34333591759953,288.0
79.58964900465975,360.0
49.2937231661224,313.04347826086956
46.611934778439014,288.0
54.971426087139754,313.04347826086956
44.85874688386466,300.0
57.023632674909884,327.27272727272725
48.38694116558315,300.0
62.357141426530795,327.27272727272725
64.86478408632875,360.0
66.79276581968301,360.0
62.854857270342855,342.85714285714283
57.50238868780241,327.27272727272725
38.08020956790829,288.0
50.483217718660725,313.04347826086956
59.246366171769,327.27272727272725
52.28542381483311,300.0
69.36214078951917,360.0
72.38755253910857,327.27272727272725
59.349225688985854,300.0
78.25381530287991,378.94736842105266
69.64660317065538,342.85714285714283
66.79046317050462,342.85714285714283
46.85707275014744,288.0
78.23750942447754,360.0
54.84543969797823,288.0
80.40279731322975,360.0
51.04596984000559,300.0
63.21904185833354,342.85714285714283
55.03417594184331,300.0
63.151230794763904,327.27272727272725
73.23605703603828,342.85714285714283
53.505663497044175,313.04347826086956
67.3761310604359,327.27272727272725
71.18351031441473,342.85714285714283
78.36474404016194,360.0
57.43499871856566,327.27272727272725
49.352369003600565,300.0
57.38987162479601,313.04347826086956
58.54901409523881,313.04347826086956
49.94732079654556,300.0
68.84197031393037,342.85714285714283
81.77896001014123,378.94736842105266
54.13924936304839,313.04347826086956
57.96149513215771,313.04347826086956
51.94160518522042,300.0
63.55213501683168,360.0
61.030442092583435,327.27272727272725
75.94152007546082,378.94736842105266
66.47135979171419,342.85714285714283
65.7956070266559,327.27272727272725
51.55518994398057,300.0
55.250505809602224,313.04347826086956
44.62730156153868,288.0
57.79290067359814,313.04347826086956
52.288096884361174,288.0
64.10497109306779,327.27272727272725
55.734689888489285,327.27272727272725
71.45386799240835,342.85714285714283
57.69787576405883,313.04347826086956
64.73006331861795,342.85714285714283
58.2784382638697,327.27272727272725
49.11893707905623,300.0
74.68355119205283,342.85714285714283
72.85541755214143,342.85714285714283
55.489037862207745,300.0
56.40051982989771,300.0
56.79002434750492,313.04347826086956
63.262703423982806,342.85714285714283
44.72419337279959,288.0
55.27354917710013,313.04347826086956
63.483038748993515,313.04347826086956
67.76194876158846,342.85714285714283
84.54119132867133,378.94736842105266
77.22466135316074,378.94736842105266
70.56501698113115,360.0
55.278088910155226,313.04347826086956
60.076333842854616,327.27272727272725
66.95720788474893,342.85714285714283
72.45703013372182,378.94736842105266
69.04938335084368,342.85714285714283
67.13040613711551,327.27272727272725
54.09417293321671,313.04347826086956
85.25314953646811,378.94736842105266
77.82822560323648,360.0
71.50472867366017,342.85714285714283
58.544320249162666,313.04347826086956
58.786940141590215,327.27272727272725
56.10987719312953,327.27272727272725
57.657857688437055,313.04347826086956
57.85676246266118,313.04347826086956
53.06319504842127,300.0
61.39076844880501,327.27272727272725
61.72114804745743,327.27272727272725
65.90564256684439,360.0
67.61207537686005,360.0
55.4041578450008,300.0
58.17814456461404,327.27272727272725
56.13690801913114,313.04347826086956
47.44406051003906,300.0
67.29976476814207,342.85714285714283
62.32867518369285,342.85714285714283
52.54050386548518,313.04347826086956
76.54580958535647,400.0
83.83003780791904,378.94736842105266
54.365173366563496,327.27272727272725
57.18898856128954,313.04347826086956
48.09877579878286,300.0
52.80663614136568,327.27272727272725
44.0766655484434,288.0
49.68566072971374,300.0
66.58779350408007,327.27272727272725
58.19455222956162,327.27272727272725
77.74013841104149,360.0
57.848096149389676,313.04347826086956
69.39987792762408,342.85714285714283
54.80655708970496,288.0
57.731512111957954,300.0
60.56057076255938,327.27272727272725
84.52250573825016,423.52941176470586
59.38553954579631,313.04347826086956
63.693648894792,360.0
67.48186252160764,342.85714285714283
61.07169287730628,342.85714285714283
69.89551759048582,360.0
51.87265054585818,313.04347826086956
50.960715653929846,300.0
52.246204558578796,327.27272727272725
57.61345563394056,300.0
63.26225242654641,313.04347826086956
64.14819285277153,342.85714285714283
71.054451906885,360.0
66.43310765482902,342.85714285714283
65.39855973285073,342.85714285714283
44.67832563472541,300.0
56.48610715160638,342.85714285714283
65.21456293408347,342.85714285714283
62.68578922404755,313.04347826086956
49.66795923513131,288.0
61.74393221540298,342.85714285714283
57.41349944176137,313.04347826086956
59.332047455077934,327.27272727272725
46.66799627260017,300.0
39.20197100681562,288.0
46.23251599273622,300.0
49.68820943610058,313.04347826086956
46.261941847430094,276.9230769230769
87.14300971823955,400.0
57.16281583826033,313.04347826086956
70.2674698190301,342.85714285714283
63.9495587129419,327.27272727272725
62.7906522205207,327.27272727272725
64.37214987543557,360.0
67.8869318432983,360.0
47.12395048379137,288.0
56.200331457953155,300.0
58.300497151224896,313.04347826086956
58.22371610714183,313.04347826086956
63.70052598462879,342.85714285714283
54.828130553019044,327.27272727272725
48.62872016041983,313.04347826086956
50.29701369246105,313.04347826086956
62.298165362239665,327.27272727272725
66.27200817678585,342.85714285714283
66.33566366164446,327.27272727272725
50.095050520910036,313.04347826086956
65.93492281927463,342.85714285714283
71.53877591022986,400.0
72.42654477539284,360.0
55.49165192555557,313.04347826086956
59.3854380251072,327.27272727272725
51.3508885549476,327.27272727272725
50.8553127085145,313.04347826086956
52.48784780567157,300.0
70.85816487554439,378.94736842105266
44.02513858808824,276.9230769230769
55.796550742533285,327.27272727272725
53.229148543524396,300.0
