ep_returns,ep_lens
30.256736181375928,480.0
19.128475661831867,360.0
27.08373170522782,360.0
53.146184285592014,553.8461538461538
29.90234296740018,360.0
37.07593580860925,423.52941176470586
44.865735340880114,400.0
60.813345516249576,480.0
90.16527648262233,553.8461538461538
91.2567741150335,553.8461538461538
109.23010463324921,600.0
77.7099090364528,480.0
81.21666522225404,423.52941176470586
60.178806562605224,327.27272727272725
68.41277993069716,342.85714285714283
63.363306432903826,327.27272727272725
75.26275473786995,400.0
63.69062844784418,327.27272727272725
66.91250329075861,327.27272727272725
69.97960320734666,313.04347826086956
66.33416747828139,300.0
64.10425231713657,313.04347826086956
73.56544954445066,300.0
65.42532926128253,300.0
80.9741255978207,327.27272727272725
66.55414996374965,300.0
65.30128433809743,300.0
61.986872616219536,300.0
62.799309093198794,300.0
60.675798070429174,300.0
51.22615231068591,300.0
54.222549086609654,288.0
62.33928756137774,300.0
64.278351294757,300.0
57.8688759557373,300.0
59.77461828022189,300.0
62.19394417125371,300.0
61.42853754870063,300.0
62.55130449320258,288.0
58.926358974663756,288.0
59.17246451460314,300.0
59.18780802623047,300.0
58.46438849598709,300.0
66.43946764276004,300.0
61.62367169620621,300.0
67.29553044878153,300.0
62.72483735676868,300.0
68.8210409847441,300.0
68.58461080228392,300.0
65.50040293536851,300.0
66.66331563674858,300.0
74.49954125828152,300.0
83.77983130061132,300.0
78.66817229670467,300.0
82.42984974595791,313.04347826086956
82.19215660170376,327.27272727272725
83.56509966302117,342.85714285714283
74.05966290264263,300.0
86.1636021833516,300.0
79.09229052685862,313.04347826086956
82.62009423211099,342.85714285714283
75.69884180233541,360.0
70.30675522206415,342.85714285714283
81.86871401570829,450.0
100.05501709644227,450.0
78.14896250773056,360.0
89.58162739119376,400.0
100.39567607267465,378.94736842105266
124.96729745662154,480.0
148.68165722274256,553.8461538461538
144.93801636366123,553.8461538461538
152.8188136549433,514.2857142857143
179.11181342199174,600.0
168.14887039777236,553.8461538461538
175.5551844223221,600.0
163.64119953389127,600.0
165.54117186230266,553.8461538461538
170.70796198722746,600.0
168.94277587799982,553.8461538461538
168.3995263535751,553.8461538461538
183.88103639990075,600.0
164.21103368149926,600.0
173.33095497784532,600.0
171.4151854708371,600.0
175.94725446954791,600.0
189.50563908833712,600.0
147.1071416539189,600.0
177.30791731944524,600.0
166.46211138727432,600.0
159.9480931619728,600.0
179.59131264874358,600.0
197.61675206540804,600.0
193.89754282926333,600.0
194.47908979391198,600.0
200.40698426960935,600.0
191.83232205061108,600.0
202.6504735113649,600.0
197.9809079365825,600.0
175.19392078957617,553.8461538461538
196.38087665087656,600.0
194.60800650974008,600.0
172.1493605949222,553.8461538461538
192.81819754937337,600.0
186.79909424542268,600.0
156.0453534238891,553.8461538461538
195.81425325488385,600.0
183.3739860732016,553.8461538461538
196.48532444151127,600.0
192.02823167249167,600.0
187.98039064478056,600.0
188.2274714736067,600.0
206.3108899427634,600.0
188.10666865185294,600.0
198.44116016295894,600.0
185.92180960961835,600.0
194.3002868083911,600.0
191.94953480118383,600.0
160.080477465814,514.2857142857143
197.32612888326886,600.0
199.37212621028706,600.0
182.1495573452747,600.0
171.75078621679222,553.8461538461538
143.51168377264221,480.0
189.14074215621952,600.0
200.18176528830247,600.0
200.3997450559937,600.0
193.4881596931519,600.0
145.69478812012025,514.2857142857143
159.1971766659197,514.2857142857143
131.72759751872735,450.0
108.93719382730734,450.0
106.24155163077971,423.52941176470586
116.91537557978258,400.0
123.90956632179714,450.0
90.22032469794652,378.94736842105266
116.56355349592707,423.52941176470586
111.37188338512654,423.52941176470586
104.95936047901834,400.0
136.9332526032386,514.2857142857143
149.07944322889077,514.2857142857143
136.60381885969167,480.0
143.97902324458045,553.8461538461538
153.62470135425386,553.8461538461538
76.04861264894392,342.85714285714283
159.94567505337724,600.0
154.8085085578992,553.8461538461538
134.16455441767462,514.2857142857143
87.56420519371218,378.94736842105266
135.8845266739277,514.2857142857143
107.58399001256493,480.0
120.07308452939832,514.2857142857143
132.4116566456635,514.2857142857143
139.11776301211586,600.0
126.94997812920838,514.2857142857143
136.9138839212092,553.8461538461538
156.92125390451943,600.0
165.5763372896378,600.0
137.1887051699892,553.8461538461538
144.57450495799094,553.8461538461538
139.15809009276828,514.2857142857143
172.81665907095328,600.0
173.5300467727576,600.0
161.90717579454085,600.0
172.39905404886602,600.0
172.18332456802497,600.0
151.09977544939542,553.8461538461538
148.32444386866126,553.8461538461538
152.2443433040777,553.8461538461538
133.42431698279853,514.2857142857143
149.89481234396678,553.8461538461538
160.79793586723716,600.0
117.8015335282182,480.0
178.14947621192593,600.0
171.15634633751847,600.0
179.51714279699942,600.0
156.2970405671451,553.8461538461538
175.5073054133807,600.0
168.02203396365852,600.0
173.36288029969458,600.0
175.52875400563346,600.0
152.85035741917648,553.8461538461538
154.299893094632,553.8461538461538
155.56278099144208,553.8461538461538
177.95185091596306,600.0
159.04669221165992,553.8461538461538
131.58424275765302,514.2857142857143
145.9263077744741,553.8461538461538
177.78477065842,600.0
172.55877540184804,600.0
170.02523856877522,600.0
145.24099665974634,514.2857142857143
159.7212737555354,553.8461538461538
146.52316197768684,480.0
102.88915728266917,400.0
140.12415453831198,480.0
105.86330939486841,400.0
113.27753447008801,423.52941176470586
106.08295885540902,423.52941176470586
114.32939627913963,423.52941176470586
112.53559018799129,423.52941176470586
110.36892635960042,400.0
96.80217641908291,400.0
88.54108753109168,378.94736842105266
114.74981561311208,450.0
123.94917189388275,450.0
106.70631424426766,400.0
139.3343471987187,480.0
150.6566525589623,514.2857142857143
149.87203676093523,514.2857142857143
153.93219125996143,514.2857142857143
134.05727884090473,480.0
175.40813917266524,553.8461538461538
181.7877040406865,553.8461538461538
130.55415713286095,480.0
156.88585564032115,514.2857142857143
193.3538062567634,600.0
151.37411329258234,514.2857142857143
118.8034858910998,423.52941176470586
90.14371242092923,378.94736842105266
162.18825118632802,553.8461538461538
170.97415894708868,553.8461538461538
179.62660505919033,553.8461538461538
204.35236124015003,600.0
147.4349123887376,514.2857142857143
180.74706418752774,553.8461538461538
189.49662151266185,600.0
170.74625791152616,553.8461538461538
145.11231779005195,480.0
157.20968708751784,514.2857142857143
148.8016805117024,514.2857142857143
148.81992883143448,514.2857142857143
186.31717408219913,553.8461538461538
181.87770535770989,553.8461538461538
193.97502497715087,600.0
212.0251033055283,600.0
192.5881661176146,600.0
191.3333683304525,600.0
173.76230638791162,600.0
183.72786983166915,600.0
199.013895574544,600.0
195.00112010767984,600.0
199.41650353714093,600.0
182.7903130625601,600.0
203.91823028012365,600.0
189.45064658485612,600.0
204.54052124100932,600.0
177.2121853803471,553.8461538461538
177.50440232681703,600.0
181.7858209685588,600.0
189.34160939508232,600.0
185.61723911446458,600.0
182.2590811849996,600.0
180.89135924597065,600.0
175.80317664645221,600.0
189.8191032396933,600.0
198.94849581066225,600.0
194.2824548240169,600.0
194.2798159064848,600.0
207.71487650509405,600.0
193.40678337250844,600.0
192.463311818783,600.0
185.6982098026026,600.0
206.9448571943484,600.0
178.6039124603924,600.0
189.06195122835877,600.0
205.09959664308408,600.0
184.44903081266497,600.0
166.98014468327997,600.0
172.52973058008868,600.0
162.19475719761874,600.0
180.01407461368572,600.0
179.87349142083994,600.0
178.1325561310742,600.0
176.79907625109112,553.8461538461538
201.38139962744472,600.0
191.78006834600853,600.0
206.95132141930273,600.0
204.41458190781506,600.0
195.78095628128986,600.0
212.32301960307734,600.0
181.55782899503467,553.8461538461538
186.0659378196103,553.8461538461538
196.80538630477668,600.0
175.80971293036194,600.0
195.4900874094552,600.0
200.66107465059522,600.0
176.34269024014145,600.0
193.46433278290328,600.0
194.26833048921182,600.0
191.71822093513572,600.0
186.35590007562087,600.0
205.15432841423603,600.0
196.20908462173767,600.0
211.60983415126984,600.0
220.75799616562531,600.0
196.8704924526077,600.0
211.96954671843062,600.0
193.39108239963696,600.0
196.65348458203502,600.0
192.99181831659317,600.0
211.25393412546796,600.0
189.78878600710632,600.0
211.6371830322432,600.0
211.11476946990524,600.0
202.41289461743187,600.0
200.0821892733518,600.0
175.9873262640986,553.8461538461538
207.12923917667692,600.0
189.20355763483266,600.0
202.19411875458187,600.0
192.53190979737406,600.0
209.1995032945348,600.0
208.96134928702114,600.0
214.05081482563844,600.0
186.109509381612,600.0
180.7806679606689,553.8461538461538
200.20120209364964,600.0
206.04146237056887,600.0
211.29868596054985,600.0
220.93529787860393,600.0
189.6395561928242,600.0
222.88644442372558,600.0
194.4638135447175,600.0
188.04750766392883,600.0
190.12793215957788,600.0
214.5443567282825,600.0
204.23591950964683,600.0
205.42873912130656,600.0
183.70159802027393,553.8461538461538
147.18441379266656,514.2857142857143
155.2168606087425,514.2857142857143
194.41111172103774,600.0
184.3717781995499,600.0
199.93460436652583,600.0
201.76441501288733,600.0
197.05916141835448,600.0
205.61546731221333,600.0
180.47736393035117,553.8461538461538
193.96717136605264,600.0
212.083444387153,600.0
214.96266107379122,600.0
200.192448203243,553.8461538461538
201.82500591008716,600.0
201.99078933455277,600.0
210.54550401397356,600.0
181.43524764425885,553.8461538461538
202.65285693951606,600.0
214.27010594551254,600.0
214.84331192814886,600.0
225.71307663783753,600.0
195.5307207465477,600.0
207.8589980517543,600.0
199.20169903546267,600.0
218.02786102014883,600.0
224.67454077346818,600.0
208.45216311093148,600.0
214.33430417881144,600.0
225.41123669246235,600.0
209.96059941297992,600.0
205.84617260981898,600.0
177.55884513227815,553.8461538461538
210.45586334824074,600.0
218.95604450710428,600.0
208.10169025200275,600.0
190.82722183782565,553.8461538461538
212.79724109963843,600.0
216.56710130644817,600.0
216.8184366337731,600.0
180.72618341542753,553.8461538461538
214.8281086064467,600.0
207.650032268974,600.0
205.89309543473493,600.0
196.10163880304842,600.0
195.08071793672923,600.0
168.92517969212503,553.8461538461538
206.6656023643147,600.0
212.96517325306044,600.0
201.95779508060036,600.0
194.19659472005733,600.0
205.21120205737103,600.0
177.49541361456744,553.8461538461538
185.02242431013167,553.8461538461538
167.5970334995515,514.2857142857143
212.8512145025799,600.0
203.52944118242124,600.0
221.34703581922142,600.0
213.75128798206924,600.0
190.07694096849022,553.8461538461538
221.30757423969217,600.0
207.98104448583013,600.0
218.00292305020147,600.0
225.26032783516757,600.0
212.7671289888211,600.0
182.72245322740602,553.8461538461538
202.38209759906886,600.0
214.84058927787552,600.0
209.36017124498912,600.0
209.28009248192555,600.0
203.55163859947456,600.0
202.46753816815303,600.0
205.38332212797545,600.0
201.85535125359965,600.0
213.19076399146334,600.0
201.90303435263237,600.0
198.0229899371528,600.0
198.17259010995204,600.0
206.43888836608858,600.0
208.8725590117609,600.0
205.23305038800507,600.0
197.00738208000521,600.0
183.88916708252944,553.8461538461538
194.05950988182425,600.0
193.3244340043145,600.0
199.73221920873155,600.0
205.6348037110806,600.0
207.70271622411596,600.0
205.5369576004388,600.0
217.4374887347703,600.0
208.32357069609375,600.0
219.84325674781442,600.0
226.75528199668906,600.0
197.0238945339926,553.8461538461538
198.34975601196746,553.8461538461538
202.9297319549739,600.0
219.96399217027957,600.0
211.69602535269874,600.0
216.9644716264511,600.0
215.81554119093573,600.0
166.39263210341335,553.8461538461538
189.51349107586174,553.8461538461538
182.39952930289786,553.8461538461538
195.41179673139848,600.0
172.91728310661347,553.8461538461538
161.75472393154575,553.8461538461538
174.64355798979173,553.8461538461538
190.01540476189612,600.0
198.90809239052555,600.0
160.58777192776324,553.8461538461538
181.4586393349831,553.8461538461538
183.68246706299365,600.0
197.4614114036241,600.0
198.51715731837194,600.0
200.65573279427238,600.0
217.96699961391585,600.0
175.78223893336184,514.2857142857143
194.25185742937782,553.8461538461538
184.13828086969758,553.8461538461538
204.4772371713964,600.0
198.92650232898868,600.0
215.88430615817575,600.0
134.249230339376,553.8461538461538
143.31627052287712,553.8461538461538
142.0235881880903,553.8461538461538
155.38181575923986,600.0
126.56997874166979,600.0
143.27783048305795,600.0
166.9139840431317,600.0
143.54503042548905,600.0
134.11810664954103,600.0
143.06596722840072,600.0
164.3871282304552,600.0
142.15268935286198,600.0
168.9596152044504,600.0
156.83447068296667,600.0
160.41652227372757,600.0
166.2819585875084,600.0
162.16680921734607,600.0
171.6702521846686,600.0
134.91618895726864,600.0
164.90159798784723,600.0
151.3976459308482,600.0
153.42799229681407,600.0
156.99084697786614,600.0
139.49260866216997,553.8461538461538
162.7528242219977,600.0
147.19280680829476,600.0
149.12141325879256,600.0
147.61495706329924,553.8461538461538
111.67116671118762,514.2857142857143
185.8694770875601,600.0
123.09223631237366,553.8461538461538
137.94100355684415,600.0
159.3102810571178,600.0
152.23334443627886,553.8461538461538
164.682216504707,600.0
162.19500214402206,600.0
159.5765600380953,600.0
132.39452327821718,600.0
146.19457359198677,600.0
180.7628745163539,600.0
142.09663324119867,600.0
168.8852630169119,600.0
170.47414388173118,600.0
136.8286560301525,600.0
162.25086504062367,600.0
154.07824989404136,600.0
134.69318285558072,600.0
143.16513978839825,600.0
151.18149602333665,600.0
165.97457624073334,600.0
129.99688499581362,600.0
174.34759465306817,600.0
187.4711920562951,600.0
136.53946758395693,600.0
158.93602701765298,600.0
159.93635852817863,600.0
160.3847114482675,600.0
166.70301862419697,600.0
171.73963223683953,600.0
146.74723646038265,600.0
132.4038507241555,514.2857142857143
161.3755132465956,600.0
160.04218671627643,600.0
170.9499998557268,600.0
139.82024265379476,553.8461538461538
167.347411326363,600.0
171.16705518457317,600.0
163.0012301201086,600.0
124.74546926773122,553.8461538461538
150.00220488877508,553.8461538461538
137.18079752183155,553.8461538461538
139.53849491118095,600.0
139.7386792187711,553.8461538461538
164.85231296389037,600.0
151.38000382644,553.8461538461538
141.54334904277397,600.0
156.9963278257918,600.0
155.37455112035374,600.0
139.12987286560886,600.0
169.6830906180321,600.0
181.5351422876715,600.0
139.90187074762989,600.0
128.87433817632225,600.0
179.62489659495262,600.0
178.78550811843868,600.0
186.23795918930395,600.0
171.60652843297143,600.0
158.61867103431786,600.0
172.56959136415108,600.0
139.526925554352,600.0
180.12624491926,600.0
132.79222387847506,600.0
144.6709351791612,553.8461538461538
157.3580335704228,514.2857142857143
134.63673335734674,600.0
128.9666819037009,600.0
163.04126044982132,600.0
137.44135071482603,553.8461538461538
156.29720882803178,600.0
150.62997862000068,600.0
172.60547849931243,600.0
153.31005395323777,600.0
173.6585144131558,600.0
152.38850320609762,600.0
125.99246934089668,553.8461538461538
135.35758292249133,600.0
132.9321829027624,600.0
168.82862622678564,600.0
163.16290307395954,600.0
164.9718893157767,600.0
140.6580275496357,600.0
148.0617451357201,600.0
165.61645967294373,600.0
146.46898752327112,600.0
134.822424969036,600.0
121.9578376052272,553.8461538461538
147.26479980924134,600.0
162.16431978399362,600.0
144.9852849903291,600.0
170.21457424663006,600.0
145.89175478042395,553.8461538461538
152.9462318527852,553.8461538461538
163.80200157726085,600.0
113.07720584008511,600.0
191.9253830792384,600.0
134.38277490667983,600.0
150.19278119583402,600.0
160.14829963144032,600.0
122.15410052837288,553.8461538461538
148.73062571766098,600.0
170.88849283895422,553.8461538461538
126.84574188146014,553.8461538461538
159.85895390332854,553.8461538461538
140.46867343435142,600.0
118.04290931336956,514.2857142857143
137.0634285484004,553.8461538461538
132.75585378722312,514.2857142857143
142.01106293293043,553.8461538461538
143.00301618092877,553.8461538461538
127.27187651447079,514.2857142857143
139.9764500090704,553.8461538461538
195.09318281851594,600.0
137.27874175097824,514.2857142857143
163.26781184074878,553.8461538461538
147.5726702261304,514.2857142857143
103.92237975541295,450.0
163.43508889219459,600.0
129.73379634643314,514.2857142857143
187.87160080889132,600.0
158.96007409771954,600.0
164.55377334788986,553.8461538461538
140.22341847771335,514.2857142857143
125.52013635499995,514.2857142857143
166.73128493983265,553.8461538461538
129.27368666284755,514.2857142857143
161.1816326805,553.8461538461538
151.2687879443429,553.8461538461538
150.4318306200732,553.8461538461538
161.5710175946971,600.0
154.42546589749958,553.8461538461538
175.24201265918933,600.0
151.84017283622032,600.0
191.52795295323912,600.0
132.6681252190783,514.2857142857143
170.006122530579,600.0
126.6617866460488,514.2857142857143
150.35984267282257,600.0
155.5450912210346,600.0
155.75762557245804,553.8461538461538
144.30661158746594,600.0
175.49773291030556,600.0
142.70303228070992,553.8461538461538
144.63583913608542,553.8461538461538
170.94888149141084,600.0
161.04679369942372,600.0
159.62975659254127,553.8461538461538
159.06769495403466,553.8461538461538
162.7932896778651,553.8461538461538
140.38522471122826,553.8461538461538
145.41165895266425,553.8461538461538
148.5051600233373,553.8461538461538
180.83120714748225,600.0
179.7828850172547,600.0
183.05900832406448,600.0
193.35016287803865,600.0
186.41305321338461,600.0
147.09795510364825,514.2857142857143
168.17545718488572,600.0
147.6275921154518,600.0
162.66382398539375,600.0
153.1200533698293,553.8461538461538
165.9113739820458,600.0
161.3783179942005,600.0
173.67848937432936,600.0
165.21808974105107,600.0
126.4263494340407,553.8461538461538
160.12138159756628,600.0
149.56172021048394,553.8461538461538
138.82154788034364,514.2857142857143
178.99170620674235,600.0
171.27266087526755,600.0
141.17406122052876,514.2857142857143
159.6446818787307,553.8461538461538
171.44362882856547,600.0
178.4400392954382,600.0
178.75648770829415,600.0
184.60522824872007,600.0
156.16455057223914,553.8461538461538
159.58699795534713,600.0
188.16454897005758,600.0
175.89506458049857,600.0
161.86455398399474,600.0
191.99194274693912,600.0
176.8020823351591,600.0
163.61437746125975,600.0
172.21454668915166,600.0
178.38236063455406,600.0
163.22963573183753,553.8461538461538
178.8018078917648,600.0
168.85516481793655,600.0
188.32904544390468,600.0
183.81144241259025,600.0
179.1088119792433,600.0
189.63529201717753,600.0
161.98253762039363,553.8461538461538
186.96378085362144,600.0
172.19427704448398,600.0
129.32690720955333,480.0
178.68360731837694,600.0
170.661388891578,600.0
155.61636723443635,553.8461538461538
167.61576291381022,553.8461538461538
191.57906959051434,600.0
161.16234306775078,553.8461538461538
188.66877147708826,600.0
186.1533607047845,600.0
180.7741327965932,600.0
190.76313525754736,600.0
169.69316221733445,600.0
132.21847219396565,514.2857142857143
178.17200855794133,600.0
158.38041688806652,553.8461538461538
167.60534350735216,600.0
183.24119697172364,600.0
182.34920738610177,600.0
182.00899671111674,600.0
158.73964613804645,553.8461538461538
199.22001247150683,600.0
198.98520200216612,600.0
175.15004055964894,600.0
193.20836992256318,600.0
181.20417006863445,600.0
195.74054921986524,600.0
203.4797693192139,600.0
185.7048723493459,600.0
195.79983728860495,600.0
186.35272179874536,600.0
206.74466021435487,600.0
171.63042359130853,553.8461538461538
158.06129625739797,553.8461538461538
167.01230139636644,600.0
197.88595520522372,600.0
178.48245444319485,553.8461538461538
181.78895959635796,600.0
172.82482280206986,600.0
191.3538310094057,600.0
195.91602980737036,600.0
205.3985534769462,600.0
182.11412593066223,600.0
172.41476305826393,600.0
187.26572343296831,600.0
188.8270958528747,600.0
182.68680432634503,600.0
167.45104249302116,600.0
188.7104711113311,600.0
176.25692625873668,600.0
204.0263341171334,600.0
182.75388512946185,600.0
186.2766883434626,600.0
188.5079279722424,600.0
186.54857468099877,600.0
162.0494277038183,553.8461538461538
188.2730487588285,600.0
180.86896056853558,600.0
173.48933115217358,600.0
174.07213719533718,600.0
176.7261779096054,600.0
180.7140774930294,600.0
165.38415814892403,553.8461538461538
193.81145172024947,600.0
200.19948256700934,600.0
178.82025378965218,600.0
194.6386628678971,600.0
192.76194649635087,600.0
186.93544600755618,600.0
183.72148980649408,600.0
178.68782719217415,553.8461538461538
185.65133513875813,600.0
172.42529491750466,600.0
190.71504214001348,600.0
204.47550638681287,600.0
175.29084036413195,553.8461538461538
177.31197884854546,600.0
183.48223140216535,600.0
191.0204374284056,600.0
198.22260100414294,600.0
162.24419917648754,553.8461538461538
182.84248070261586,600.0
181.11427344298568,600.0
190.142312206956,600.0
194.1294048233341,600.0
181.83307468321672,600.0
193.30440829735267,600.0
185.8308550779819,600.0
182.6997745572121,600.0
178.53818794333404,600.0
179.09043020097306,600.0
168.98170831160797,553.8461538461538
194.4062896451707,600.0
187.2191446694853,600.0
181.8781312556933,553.8461538461538
191.39709755426972,600.0
193.69225682952876,600.0
196.67660114696363,600.0
193.04952833146024,600.0
178.55034864105156,600.0
177.58159646566838,553.8461538461538
196.91986460304432,600.0
187.47959887957037,600.0
201.10645546453125,600.0
205.67154843486287,600.0
188.6333457204346,600.0
200.65608738348192,600.0
191.60659866348738,600.0
183.96534985916574,600.0
179.86740688964565,600.0
185.5970161161696,600.0
182.17480080873833,553.8461538461538
178.49088368914784,600.0
181.87045249357598,600.0
186.73569542649406,600.0
197.70731453608573,600.0
176.48770803865105,600.0
177.43226226723831,553.8461538461538
182.0712230223917,600.0
189.2665874189141,600.0
186.85505037872144,600.0
184.30587715714364,600.0
186.8009672649115,600.0
185.38499846506156,600.0
187.59792305958297,600.0
192.99018175987547,600.0
188.1714585196837,600.0
180.2015857396914,600.0
198.92011152674914,600.0
196.58499613498316,600.0
195.17457805995676,600.0
190.36825672341365,600.0
202.41177179939405,600.0
185.25394622685994,600.0
191.08197251278014,600.0
172.83320506080588,553.8461538461538
203.7967615256296,600.0
183.0422404308197,600.0
188.96324272435962,600.0
165.93662103097387,553.8461538461538
173.1878746789862,600.0
183.68667471765343,600.0
171.10634093631234,600.0
172.53202950852952,600.0
161.92658801992638,553.8461538461538
169.64438353684614,600.0
166.55966940616705,600.0
177.96096618812172,600.0
180.4790371324502,600.0
184.66417763352192,600.0
161.78864638145134,553.8461538461538
186.42823976181373,600.0
170.29584664571908,600.0
159.0844325022119,553.8461538461538
185.6760053691224,600.0
168.5461835637816,553.8461538461538
181.44045847660834,600.0
186.06883221817137,600.0
181.5545170128149,600.0
172.88563262468605,600.0
164.2322173560295,553.8461538461538
182.25646332285046,600.0
181.1664579495933,600.0
185.87128392049,600.0
187.4735655680955,600.0
192.51506235641872,600.0
199.43204084438665,600.0
178.86395560285044,600.0
174.86187407732567,600.0
202.30587788612908,600.0
172.77365445181795,553.8461538461538
147.47661466913794,514.2857142857143
197.41943843233685,600.0
189.62621093637586,600.0
174.526826996746,553.8461538461538
186.59327889885876,600.0
155.52882099900947,553.8461538461538
174.65706500414848,553.8461538461538
171.12683933219563,553.8461538461538
177.51435063280428,600.0
183.46313441582924,600.0
148.07829978450008,514.2857142857143
171.38225786332748,553.8461538461538
146.79532301530196,553.8461538461538
162.34300662260193,553.8461538461538
168.84308858582423,553.8461538461538
140.09536520914352,514.2857142857143
152.2837089099561,553.8461538461538
200.2074863143805,600.0
182.38604107877475,600.0
183.63985552001986,600.0
177.48545694705865,600.0
201.24081145007594,600.0
190.6877990602297,600.0
175.26556819302394,600.0
163.31465295949735,600.0
162.09063607166567,553.8461538461538
148.7209854479957,553.8461538461538
170.32613436757728,600.0
163.503868728216,553.8461538461538
146.29940071293302,514.2857142857143
181.36505355255017,600.0
179.41776139466808,600.0
175.3773330056432,600.0
182.52759969531272,600.0
178.2923919590747,600.0
172.09988377672036,600.0
178.91885811449413,600.0
188.7442587406997,600.0
192.45997215349692,600.0
189.63319925519102,600.0
192.93247822642343,600.0
178.44247679577123,600.0
154.56366880135096,553.8461538461538
163.3829347292994,553.8461538461538
192.20335973789213,600.0
180.62283338691512,600.0
183.84091199080783,600.0
181.9069208887773,600.0
184.57668138986708,600.0
171.92735524607335,553.8461538461538
190.34940350560385,600.0
179.30939297043741,600.0
191.28087845949472,600.0
186.56305938063554,600.0
195.00461526033428,600.0
185.31098428081748,600.0
175.22029894164706,553.8461538461538
187.80347660134768,600.0
173.1672996524788,553.8461538461538
199.72721099311332,600.0
181.13284333803094,600.0
194.2915755243888,600.0
188.8163978288644,600.0
183.1668002149841,553.8461538461538
190.8653202348245,600.0
187.92059316044654,600.0
180.85300093695136,600.0
181.10546535087678,600.0
165.77097316931906,553.8461538461538
188.98204395584537,600.0
156.81540130187093,553.8461538461538
187.82646283328413,600.0
185.8022887689302,600.0
174.9160874323816,600.0
159.94861629029796,553.8461538461538
183.08057501530027,600.0
175.2659932308429,600.0
176.39266332316865,600.0
177.2768478543886,600.0
188.25787172009987,600.0
182.74420545741734,600.0
161.12645960555525,553.8461538461538
185.03544862292134,600.0
186.68091722965826,600.0
168.8468654676995,553.8461538461538
174.89585742558026,553.8461538461538
189.6405188557185,600.0
179.32112818262814,600.0
189.79987639428225,600.0
191.162493727801,600.0
180.71211215039156,600.0
167.49659480549687,553.8461538461538
186.0813077620419,600.0
184.31323444915392,600.0
172.8152703405693,600.0
145.88918409355213,514.2857142857143
177.9843890730101,600.0
165.04471525421073,600.0
180.9463934975258,600.0
172.33629868900792,553.8461538461538
177.8030689604334,600.0
176.0053294271611,600.0
182.57819892363298,600.0
173.8704495354094,553.8461538461538
187.65115582787826,600.0
187.21257591484868,600.0
180.17086035909992,553.8461538461538
193.28484973421007,600.0
166.44592492315152,553.8461538461538
187.32135758050507,600.0
196.1648833695484,600.0
187.39860468058532,600.0
165.40367191603235,553.8461538461538
190.04062981881816,600.0
186.97297475436253,600.0
184.4884941201727,600.0
199.10257968792158,600.0
189.1910793866593,600.0
201.08582034830815,600.0
195.45482580424536,600.0
169.49608534215702,553.8461538461538
185.45258202340173,600.0
188.43771270755428,600.0
184.34569119598265,600.0
184.07776606988094,600.0
189.32107167663608,600.0
189.2342321559481,600.0
197.68610031764504,600.0
203.30360244829015,600.0
179.3392932988693,553.8461538461538
177.22412192446777,553.8461538461538
188.9938843448509,600.0
183.95599896112455,600.0
199.1168727271402,600.0
191.16122369602212,600.0
194.29128636817498,600.0
168.63620377421026,553.8461538461538
176.42145671689602,600.0
169.97944141433038,553.8461538461538
171.1245851673855,553.8461538461538
170.5715540283501,553.8461538461538
171.578782801208,600.0
194.30055563826647,600.0
195.6617165706575,600.0
196.61954911670657,600.0
165.01609355527222,553.8461538461538
187.65646276275285,600.0
200.64614275982908,600.0
195.6037531979339,600.0
155.06802051449,514.2857142857143
187.67815644350802,600.0
200.385918426046,600.0
190.88532365394028,600.0
187.98806123980145,600.0
193.31906637615023,600.0
198.95819524989588,600.0
164.84778582628175,553.8461538461538
195.8157473047784,600.0
201.3522026946433,600.0
169.0691073670047,553.8461538461538
195.03859654525934,600.0
191.04545619410212,600.0
193.07808664426318,600.0
204.9571079469397,600.0
196.82921566218715,600.0
194.8933480229549,600.0
193.801154502799,600.0
204.49421351075543,600.0
195.299114764631,600.0
195.4264373602516,600.0
183.061246421157,553.8461538461538
180.26355460731136,600.0
194.7121843240155,600.0
191.09335488640139,600.0
188.70247878406644,600.0
204.24866769721532,600.0
198.9362280187545,600.0
179.175097160684,553.8461538461538
190.22016987704635,600.0
206.76016620814855,600.0
193.97639462868474,600.0
185.77662616777758,553.8461538461538
194.4132174838645,600.0
177.29945873813205,553.8461538461538
195.7225418773046,600.0
204.21592683688607,600.0
201.25085567677363,600.0
200.49775972548414,600.0
193.59860415514675,600.0
185.4431583638341,600.0
193.7651851363934,600.0
198.44416985795183,600.0
174.28546891647431,553.8461538461538
200.74615330348254,600.0
190.19328092154888,600.0
160.22686182831472,514.2857142857143
175.67931694608967,553.8461538461538
198.52393133946146,600.0
189.56749210792063,600.0
210.3045172542344,600.0
203.08548295160702,600.0
200.88667975265776,600.0
197.3358909375231,600.0
197.5987306042828,600.0
195.95110081268524,600.0
192.70107477886575,600.0
191.13499148560265,600.0
169.5785531064632,553.8461538461538
171.58821378378065,553.8461538461538
189.36949575882682,600.0
178.2553216593154,553.8461538461538
195.96879666150448,600.0
194.74727370532307,600.0
198.45339701459474,600.0
206.62289281756432,600.0
190.800617050059,600.0
173.79661280585754,553.8461538461538
201.52861363671164,600.0
196.95182883070672,600.0
211.20457913605125,600.0
199.3162842338139,600.0
174.9139930662066,553.8461538461538
194.55892546768814,600.0
176.00282221813606,553.8461538461538
198.90386272293037,600.0
207.41565631266985,600.0
205.89063403800574,600.0
201.38537121868305,600.0
181.3859374737933,553.8461538461538
176.8735909526477,553.8461538461538
206.79204000715023,600.0
172.70382080787294,553.8461538461538
195.06864178357537,600.0
193.83888673879733,600.0
205.54307534429827,600.0
174.56466523380615,553.8461538461538
201.36357123805126,600.0
209.6610001534209,600.0
211.49135095083125,600.0
217.14627711547374,600.0
200.44221050197487,600.0
207.5895035780087,600.0
177.08305570715933,553.8461538461538
203.64028424077875,600.0
178.90362228951165,553.8461538461538
188.63155964191765,600.0
175.6372944978128,553.8461538461538
189.17814513649978,600.0
199.3215474151502,600.0
206.29348329297298,600.0
192.93929394340782,600.0
192.73568957389094,600.0
165.25122497828795,553.8461538461538
200.75800527096158,600.0
200.24206459251562,600.0
195.98545041023934,600.0
184.42845650715336,600.0
202.06263326287387,600.0
199.46572974129018,600.0
206.20593454054588,600.0
205.01220067104487,600.0
200.25890220631877,600.0
199.46645659851717,600.0
181.77787117609404,553.8461538461538
182.35831157181792,553.8461538461538
195.83537246414073,600.0
196.06040736420755,600.0
191.8209557074356,600.0
176.76749619907184,553.8461538461538
170.74981966090334,553.8461538461538
173.13496591857353,553.8461538461538
199.86001393574222,600.0
160.06778536407083,514.2857142857143
202.94539529066233,600.0
201.73625790010865,600.0
156.8543526723537,514.2857142857143
193.91741517119863,553.8461538461538
199.53291353284567,600.0
202.5801249943512,600.0
203.60206767785635,600.0
204.3215850010309,600.0
196.74304523387067,600.0
209.07931092239212,600.0
203.13213343874386,600.0
208.64942201729016,600.0
186.3853888728178,600.0
203.18770888477596,600.0
183.25864373283423,553.8461538461538
178.56516304479308,553.8461538461538
197.59421685553752,600.0
200.80209327591197,600.0
205.99622217209222,600.0
209.87499646637926,600.0
188.26506906186708,600.0
185.03532073452482,553.8461538461538
176.69316100565948,553.8461538461538
204.67132369061406,600.0
203.74970656999008,600.0
183.668724817012,553.8461538461538
184.40184447290133,553.8461538461538
181.90721464743527,553.8461538461538
206.40818894865188,600.0
206.2180277572286,600.0
156.4848951488756,514.2857142857143
176.13500578644243,553.8461538461538
206.55542253858098,600.0
197.70500317867763,600.0
184.48107032036174,600.0
196.99094960123332,600.0
182.44928027524287,553.8461538461538
194.33586577227268,600.0
169.69772790002057,553.8461538461538
176.34565312560733,553.8461538461538
174.2582914513241,553.8461538461538
194.97240102619193,600.0
177.47685938109274,553.8461538461538
179.53443140886404,553.8461538461538
211.8310858640749,600.0
158.37128358260708,514.2857142857143
163.93386297225285,514.2857142857143
178.09984456702642,553.8461538461538
176.93576979417114,553.8461538461538
212.7072001835971,600.0
212.68953979445624,600.0
164.08801168838838,514.2857142857143
184.46936280253718,553.8461538461538
205.9980531011869,600.0
201.70206706963066,600.0
196.7293168695662,600.0
191.33322023316688,600.0
193.75529412845881,600.0
203.2873568132136,600.0
163.06570410629942,514.2857142857143
161.04167679164198,514.2857142857143
179.9707000756647,553.8461538461538
183.83898041511173,553.8461538461538
177.30475116990576,553.8461538461538
195.0610455240026,600.0
214.37094120824432,600.0
196.24009500934702,600.0
177.79984629956192,553.8461538461538
135.27836935569823,480.0
191.35952727804954,600.0
154.55132033713258,514.2857142857143
161.11775219382656,514.2857142857143
128.9301824933323,450.0
167.53349556029204,514.2857142857143
188.90508224261865,600.0
195.0120740163492,600.0
155.86819865097564,514.2857142857143
176.63253203888496,553.8461538461538
195.489451050919,600.0
177.58955469411487,553.8461538461538
185.13523628723593,600.0
197.7285804022454,600.0
191.29116206869267,600.0
165.08965485473226,514.2857142857143
200.45747955145512,600.0
183.94281532512298,553.8461538461538
203.55726521797018,600.0
179.36701967973005,553.8461538461538
183.12340890440484,553.8461538461538
159.58434822117914,514.2857142857143
180.23264562974236,553.8461538461538
204.09976967286147,600.0
175.45474828497495,553.8461538461538
170.08797156658278,553.8461538461538
144.4024632952571,480.0
205.39002736960364,600.0
181.47830949345328,553.8461538461538
125.19919977814271,450.0
144.83712379103767,480.0
189.3886043521189,600.0
197.18475374179823,600.0
177.4172915105655,553.8461538461538
197.8785226608629,600.0
201.15097972956315,600.0
201.681993079445,600.0
201.26943228663083,600.0
175.13584905353747,553.8461538461538
183.55497435760483,553.8461538461538
134.0450764080942,450.0
195.90787306565377,600.0
186.42709020918633,553.8461538461538
206.39512687720162,600.0
145.6818152539358,480.0
178.56123167321402,553.8461538461538
174.52379158195006,553.8461538461538
209.09970914662657,600.0
193.82532706552857,600.0
203.38627250208697,600.0
186.97699368163484,553.8461538461538
213.34316725932,600.0
186.09098088539815,553.8461538461538
186.9041496632864,553.8461538461538
182.5166280842333,553.8461538461538
146.6480788546954,480.0
208.57730286296976,600.0
195.42960294641068,600.0
195.92869387767328,600.0
198.97972953882984,600.0
186.15246407793205,553.8461538461538
174.80529826928532,514.2857142857143
180.8720076638241,553.8461538461538
179.54376639524605,553.8461538461538
175.53039073112947,553.8461538461538
153.7571916218305,514.2857142857143
180.50650139081046,553.8461538461538
200.1314027284444,600.0
184.63866698244072,553.8461538461538
196.23841092699396,600.0
194.98738197043465,600.0
196.54329052557878,600.0
175.2886685830829,553.8461538461538
165.51932695325598,514.2857142857143
197.35259672476786,600.0
175.93961735069428,553.8461538461538
167.78141910866094,553.8461538461538
173.4970028128509,553.8461538461538
187.2522623154792,553.8461538461538
158.09748873578633,514.2857142857143
168.0699498572661,553.8461538461538
181.48182259734327,600.0
193.6247018917927,600.0
169.58423901722023,514.2857142857143
201.85970217544423,600.0
202.03449152776167,600.0
177.98660507394604,553.8461538461538
158.21814300652338,514.2857142857143
148.84888889371157,514.2857142857143
157.2192150878628,514.2857142857143
198.58837671082063,600.0
137.6404134647907,480.0
205.6013320104711,600.0
171.63957357424516,553.8461538461538
160.63909037623048,514.2857142857143
206.44245378822473,600.0
178.26774804259045,553.8461538461538
149.85434000056193,480.0
212.8041631736519,600.0
193.64501758908185,600.0
181.96538236689574,553.8461538461538
192.69680125929912,600.0
189.68504786280423,553.8461538461538
210.5178036086045,600.0
156.7871335301289,514.2857142857143
205.89903331457865,600.0
181.0691463220962,553.8461538461538
196.02291479516987,600.0
183.0265867508468,553.8461538461538
170.55448376178146,553.8461538461538
202.61141530311832,600.0
187.12185504788326,553.8461538461538
197.93412126990032,600.0
205.40647413546313,600.0
202.05107463337947,600.0
213.7307189923273,600.0
203.79158596638243,600.0
199.61851092058146,600.0
204.63808064258913,600.0
185.06159154343007,553.8461538461538
199.09459209029217,600.0
205.661089671805,600.0
153.9719510251328,514.2857142857143
211.25556800177048,600.0
177.79676602098925,553.8461538461538
189.63028836923016,553.8461538461538
204.5312415099487,600.0
215.1455199714359,600.0
197.88349513150558,600.0
199.79194603812843,600.0
160.81343023875476,514.2857142857143
183.20988402327384,553.8461538461538
208.91360958207198,600.0
167.2247444318081,514.2857142857143
201.6325058046481,600.0
180.7823738090883,553.8461538461538
208.03493071821194,600.0
194.80903798250154,600.0
172.67963511074802,553.8461538461538
194.74623417439594,600.0
170.2979997546108,514.2857142857143
186.6514211478796,553.8461538461538
164.58905212401245,553.8461538461538
200.8449946202371,600.0
181.95574938758273,553.8461538461538
193.8189757627698,600.0
164.45917293547123,514.2857142857143
166.8550069153275,514.2857142857143
205.51708113196432,600.0
181.5430302449906,553.8461538461538
193.20891231638186,600.0
174.96043097861138,553.8461538461538
165.48759465512862,553.8461538461538
201.18069318882692,600.0
203.23261914821538,600.0
194.5844274164424,600.0
189.4663925656482,553.8461538461538
195.57547834523916,600.0
172.56773814132808,553.8461538461538
182.97898044455863,553.8461538461538
196.99069012674158,600.0
187.11142710008946,553.8461538461538
196.5643728271309,600.0
205.3355687624098,600.0
196.57794457608907,600.0
183.09890613113464,600.0
207.47848189778873,600.0
190.1669901686455,600.0
202.9247655347763,600.0
201.07131634295956,600.0
206.03924127328528,600.0
212.21568606314392,600.0
197.54786654864066,600.0
212.46147153379033,600.0
210.7506358240719,600.0
193.8159809243448,600.0
179.58660306600297,553.8461538461538
203.5781980872672,600.0
195.5555507735322,600.0
177.2146067658772,553.8461538461538
184.45815025979692,553.8461538461538
174.70342678710117,553.8461538461538
207.31411655316626,600.0
202.0582532653417,600.0
180.83256487027953,600.0
179.83464302968457,553.8461538461538
210.10544392757495,600.0
180.42424883672504,553.8461538461538
208.78633382218086,600.0
160.00176906994565,514.2857142857143
206.66899270741945,600.0
204.48726997541556,600.0
188.6091836165419,600.0
180.97721340979695,553.8461538461538
204.25499769605062,600.0
196.33762312643012,600.0
201.12735878081585,600.0
154.86075168242274,514.2857142857143
207.74126570122098,600.0
198.3626901483061,600.0
169.75155360213526,553.8461538461538
209.63641232321007,600.0
202.0711110388695,600.0
204.9373047409716,600.0
196.67673472393042,600.0
211.5222055321983,600.0
202.98419178985012,600.0
183.69347932787826,553.8461538461538
178.55310037312452,553.8461538461538
200.46062130238917,600.0
201.70733587020413,600.0
205.5923127000212,600.0
207.85521436224278,600.0
201.45653597295754,600.0
209.3869311824095,600.0
203.0867254847632,600.0
194.89569004871055,600.0
184.65899760431617,553.8461538461538
210.10203741812737,600.0
208.69050132349162,600.0
203.6097106079022,600.0
209.34774964044152,600.0
208.89176835253707,600.0
201.83542666282247,600.0
192.23794430526664,600.0
204.29130574802514,600.0
201.26361757368306,600.0
208.6988819102647,600.0
209.47307394934776,600.0
213.1179841301499,600.0
208.72271257556363,600.0
206.84668167199365,600.0
205.79937346461827,600.0
207.57853600380122,600.0
200.35017275483074,600.0
205.2167730501791,600.0
201.64046166843727,600.0
205.19760916967024,600.0
198.00859799118402,600.0
207.8124771401697,600.0
213.54928110120304,600.0
206.37547809702062,600.0
202.60292351415958,600.0
210.29395458621505,600.0
203.78686959365768,600.0
205.015185965795,600.0
203.68042799826756,600.0
208.8933651104328,600.0
200.85254069021252,600.0
202.0509005262954,600.0
208.92631824909324,600.0
204.00660693010892,600.0
210.32622933737446,600.0
198.75073845033776,600.0
215.25707080589316,600.0
202.04806186759768,600.0
205.80033768181613,600.0
198.6392905206586,600.0
215.7666826678201,600.0
199.2112940455971,600.0
196.89482468215166,600.0
207.37925499234487,600.0
213.69660351315522,600.0
195.86246461997294,600.0
205.76583970483478,600.0
179.34064782741143,553.8461538461538
201.56507788626155,600.0
204.50402894201912,600.0
191.75812904130967,600.0
195.81308551143084,600.0
194.9667276821848,600.0
197.4575188574016,600.0
205.47348578100028,600.0
197.29524297937112,600.0
181.2803373938744,553.8461538461538
197.29135498837454,600.0
183.8252309729736,553.8461538461538
200.85991837226013,600.0
178.56249411391212,553.8461538461538
202.02938140032984,600.0
197.24689989361198,600.0
179.97856723142758,553.8461538461538
205.68004448880745,600.0
203.20558661388694,600.0
199.00026900792793,600.0
193.5195330625546,600.0
216.13092660609766,600.0
207.4258054229323,600.0
198.9076775332694,600.0
203.79312234097085,600.0
173.04154723435244,553.8461538461538
183.43074956258127,553.8461538461538
203.35747645246667,600.0
195.49396578912004,600.0
206.2050783049714,600.0
207.00431294886332,600.0
193.65048630031345,600.0
195.92473708361345,600.0
207.93301562519318,600.0
198.59238145762944,600.0
214.38071660385177,600.0
208.67214615211267,600.0
204.86960008956646,600.0
203.08649208318744,600.0
205.43377547952596,600.0
199.14860976676337,600.0
207.79302234339676,600.0
202.03652894892141,600.0
205.47023965855257,600.0
199.6952734908108,600.0
202.60758043096334,600.0
180.1844742358536,553.8461538461538
183.01663094290564,553.8461538461538
180.88473442709025,553.8461538461538
206.77108924867022,600.0
186.24775479031678,553.8461538461538
205.7825222547958,600.0
202.6331903301136,600.0
202.2087479615524,600.0
207.76323590064388,600.0
184.41278372694873,553.8461538461538
209.47927571746607,600.0
206.6359735511004,600.0
191.52925772957602,600.0
194.79358709387964,600.0
184.3493453421426,553.8461538461538
212.6877262887931,600.0
210.41950418896477,600.0
201.3215521119217,600.0
199.02976230715754,600.0
206.96121097964087,600.0
208.8058095450367,600.0
185.91305773717875,553.8461538461538
211.25105293432262,600.0
208.62655753570075,600.0
196.72762851753313,600.0
201.59052879307035,600.0
177.5332511900954,553.8461538461538
205.98217280851955,600.0
209.09798485593794,600.0
195.370729406823,600.0
215.6107513885137,600.0
200.23053217598218,600.0
196.7654312943231,600.0
202.49524385483963,600.0
203.3210028910845,600.0
215.01203546643924,600.0
208.39081216727837,600.0
199.30523643011136,600.0
198.41441489716775,600.0
206.6072096767103,600.0
207.20415228467846,600.0
204.72497085997023,600.0
213.89163503957732,600.0
206.3423889276484,600.0
205.88474972548053,600.0
203.71177370596243,600.0
203.38349024468837,600.0
202.95124560430156,600.0
178.8760318900054,553.8461538461538
199.95428380172459,600.0
207.61938201163517,600.0
212.33396968066097,600.0
209.5632300915889,600.0
203.9232010593745,600.0
204.08695049499315,600.0
207.00044663799602,600.0
196.56278134559375,600.0
203.51530073164122,600.0
200.61138438296055,600.0
178.00068640543125,553.8461538461538
218.71351690778798,600.0
211.99984670449942,600.0
212.58268049789987,600.0
206.20779775568758,600.0
204.60180513830304,600.0
208.81605541237846,600.0
206.0472011833458,600.0
211.92416115119173,600.0
200.88543954514776,600.0
205.37892500347905,600.0
202.02701446863068,600.0
207.6158608347611,600.0
209.81700092502362,600.0
183.2935881757347,553.8461538461538
206.61474771312962,600.0
213.83323334319402,600.0
204.49375471415638,600.0
200.54272220255245,600.0
205.56371607940946,600.0
197.52115874618957,600.0
194.88430129540654,600.0
203.54834718076236,600.0
210.9494469594883,600.0
211.23897683971734,600.0
201.87794878295924,600.0
193.57362337186473,600.0
199.84741733917485,600.0
193.96409658500568,600.0
201.82399481605114,600.0
205.22022217096193,600.0
186.05938470068548,553.8461538461538
213.75688383281025,600.0
189.55210911503025,553.8461538461538
203.43535322447568,600.0
205.304844534737,600.0
205.65083236436718,600.0
206.86542801389012,600.0
205.09857683825774,600.0
201.34276363923604,600.0
208.7530414932288,600.0
178.82391989668062,553.8461538461538
186.0557595113509,553.8461538461538
210.85852160825527,600.0
188.63536878084432,553.8461538461538
202.45433086043104,600.0
204.6594760618392,600.0
199.3527229778861,600.0
205.88749603064537,600.0
203.1640533141815,600.0
206.14038032604788,600.0
211.0793079361091,600.0
204.3632852826132,600.0
214.26369445984247,600.0
199.30032402486935,600.0
209.82889731670787,600.0
212.365240151796,600.0
205.89608849594117,600.0
210.99975560962085,600.0
209.09387294259832,600.0
215.23141609786595,600.0
204.80109056244112,600.0
203.80392597851778,600.0
205.35501450062225,600.0
202.72285181450627,600.0
169.5782790627248,514.2857142857143
202.90349468051974,600.0
209.93035386398734,600.0
212.5075776823186,600.0
198.75639630665373,600.0
206.95404683150252,600.0
195.83159885579676,600.0
211.19939898790895,600.0
203.8285051300413,600.0
205.93792799926007,600.0
207.80016564662955,600.0
207.55786373120068,600.0
211.239197853066,600.0
204.0130432403579,600.0
188.43911760280105,553.8461538461538
195.97867400202247,600.0
200.10030784242778,600.0
202.02755010855535,600.0
211.4432814644847,600.0
206.418148743925,600.0
206.30621619407074,600.0
216.4015619978707,600.0
202.60845720341342,600.0
198.0188505889305,600.0
202.18614381073982,600.0
202.91483822673158,600.0
208.73353006892614,600.0
206.45481596598677,600.0
209.57302623558485,600.0
214.03352651301194,600.0
209.2700260805132,600.0
189.22453952905468,553.8461538461538
185.588814285497,553.8461538461538
202.70287613679227,600.0
199.57592154288395,600.0
188.77033028680705,553.8461538461538
210.3088010582517,600.0
200.14976521822328,600.0
208.83112994588794,600.0
208.72821716517606,600.0
214.57932331427799,600.0
205.61377702186905,600.0
200.22175155255798,600.0
207.1192247492962,600.0
207.4552049182897,600.0
220.9273395127833,600.0
209.51442555443757,600.0
209.8447341072564,600.0
209.469123613487,600.0
215.2745990289428,600.0
206.23992743796984,600.0
219.728493653164,600.0
198.1394126578344,600.0
197.46392380820689,600.0
204.74642641442674,600.0
199.57331959197322,600.0
188.30230978351986,553.8461538461538
209.16414733293553,600.0
183.71136347551206,553.8461538461538
187.15770138005595,553.8461538461538
200.67572396276623,600.0
203.13820719862716,600.0
216.50956561746492,600.0
209.00477835147854,600.0
169.6607038937805,514.2857142857143
208.2245404561647,600.0
200.9685653687876,600.0
211.64143142011542,600.0
200.76323611943565,600.0
206.61928699435282,600.0
207.09900595575218,600.0
215.09098812139632,600.0
202.08750989562404,600.0
201.6104650481301,600.0
209.6202221056415,600.0
202.49246345942547,600.0
197.96406358042452,600.0
206.11807655350353,600.0
210.66923947053579,600.0
205.52586999500352,600.0
208.37674486261548,600.0
204.40974520740426,600.0
208.83645444152242,600.0
208.74721860059853,600.0
211.34618559183318,600.0
208.2461520762367,600.0
174.84020672567425,553.8461538461538
204.9173886818085,600.0
201.9429529681867,600.0
196.51685670566084,600.0
198.63629560081097,600.0
205.86923777353095,600.0
182.75421839555167,553.8461538461538
215.44796343168682,600.0
185.13953475343138,553.8461538461538
211.013081219378,600.0
187.75006032016168,553.8461538461538
198.97917558387314,600.0
209.07230635761826,600.0
206.72648051284168,600.0
199.85491671874328,600.0
210.381884743646,600.0
199.74301334257288,600.0
196.7851786680485,600.0
189.04388178231497,553.8461538461538
209.24279267229267,600.0
181.95560748550673,553.8461538461538
198.7541327888326,600.0
208.19331486146277,600.0
212.94747199073603,600.0
206.56877499281805,600.0
196.59928198159324,600.0
204.99240548369747,600.0
205.17476860745407,600.0
210.97291191377874,600.0
218.84390516294204,600.0
177.07810277633132,553.8461538461538
208.29054464141555,600.0
202.6517514845675,600.0
202.35550800331475,600.0
210.21266928066777,600.0
206.45591049796167,600.0
195.903543148238,553.8461538461538
203.59380463359415,600.0
208.65278486551202,600.0
210.63633045962436,600.0
201.36499213617856,600.0
209.02848749140375,600.0
186.99754567991405,553.8461538461538
214.28077740167888,600.0
207.86795406510976,600.0
208.91966660175157,600.0
209.93906782053432,600.0
205.3535908212202,600.0
194.2001735783897,600.0
208.6235796146832,600.0
207.12181073611654,600.0
203.2164007806173,600.0
192.9838638716782,600.0
205.72029428637302,600.0
199.5820076900303,600.0
177.96741500186997,553.8461538461538
214.70269417332455,600.0
175.81107899832244,553.8461538461538
201.26016549320832,600.0
193.0200066295544,553.8461538461538
198.96128955238308,600.0
213.51546494602198,600.0
202.40720227779116,600.0
204.18955046420797,600.0
210.02329647968043,600.0
197.54284300277206,600.0
178.65134652469825,553.8461538461538
188.959618044812,553.8461538461538
217.21231794527023,600.0
199.61447188889724,600.0
206.99137021138165,600.0
209.35489624888092,600.0
186.35306323314066,553.8461538461538
201.46797970484218,600.0
185.79222648525814,553.8461538461538
191.15690750492888,553.8461538461538
193.4178025499221,553.8461538461538
191.46682364258368,553.8461538461538
217.56166183343865,600.0
202.7054682850932,600.0
191.63804103622792,553.8461538461538
178.74167214565043,553.8461538461538
185.09681421295892,553.8461538461538
196.93119536116066,600.0
197.59733407110673,600.0
203.74345081131216,600.0
210.99623675055668,600.0
201.35716018734476,600.0
200.99712920445518,600.0
206.0714619699246,600.0
207.17654313952724,600.0
204.42063142891845,600.0
189.82683997979655,553.8461538461538
167.3278845681908,514.2857142857143
209.2394889665186,600.0
212.8147069886579,600.0
205.967096501166,600.0
208.07384669557464,600.0
205.51277753198363,600.0
210.43398051334407,600.0
213.03877921331195,600.0
207.06452076734635,600.0
201.98064058573027,600.0
213.4528329026197,600.0
217.4977985273051,600.0
198.80406048330352,600.0
206.33422231331167,600.0
207.86802220651057,600.0
177.21792182408748,553.8461538461538
201.5765881056407,600.0
186.60560736341944,553.8461538461538
204.14090332218782,600.0
203.95308461327497,600.0
199.21642555202618,600.0
189.86725383062347,600.0
205.8267199522968,600.0
204.41291015637216,600.0
206.93122011353444,600.0
179.94313176416563,553.8461538461538
207.8874519335545,600.0
215.89444927034535,600.0
200.89527847591668,600.0
199.0124902517871,600.0
201.1437631947562,600.0
214.11938929287518,600.0
210.7582497783266,600.0
211.10612903946438,600.0
188.0450927003997,553.8461538461538
204.83970733727028,600.0
206.5564831206262,600.0
214.4821619465437,600.0
205.77493341203316,600.0
201.1623569315046,600.0
211.59847172260945,600.0
195.3863996047353,600.0
197.24146835774533,600.0
180.85598740926574,553.8461538461538
204.66257350998436,600.0
205.91575215853513,600.0
203.74133622415079,600.0
183.30134012771921,553.8461538461538
204.99900359062005,600.0
196.83945728310007,600.0
206.89940211339191,600.0
209.03814666770154,600.0
210.28768051938025,600.0
202.19948839955518,600.0
202.38212159991278,600.0
183.0755566439241,553.8461538461538
201.0237087485309,600.0
192.85370488065533,553.8461538461538
211.79529879660757,600.0
202.57691450640536,600.0
208.6943404364233,600.0
212.85545260574278,600.0
209.22153596412446,600.0
207.9134155310645,600.0
203.69867685776057,600.0
209.4234081001924,600.0
208.16580849575007,600.0
205.30005743562018,600.0
217.65314998486448,600.0
209.42642857682085,600.0
208.44085688293833,600.0
207.8841568106676,600.0
209.80867368893394,600.0
216.28329528359552,600.0
210.05879040173122,600.0
212.73230846991422,600.0
206.08851352529578,600.0
213.37478256092263,600.0
195.06909547365217,600.0
207.397945893904,600.0
189.1021850856466,553.8461538461538
212.03231449334484,600.0
206.65519081837817,600.0
204.62569057475844,600.0
180.69199969035614,553.8461538461538
206.11168432242326,600.0
190.43498913338337,553.8461538461538
212.2374317748872,600.0
189.47593495968033,553.8461538461538
219.38764720547397,600.0
206.94127970423156,600.0
213.6305698507289,600.0
214.4665836656668,600.0
207.99925164491205,600.0
171.78851052001644,553.8461538461538
211.71807736526492,600.0
212.2911724953694,600.0
212.5100515927693,600.0
181.85479414528993,553.8461538461538
210.5828791144436,600.0
207.5257398440029,600.0
191.27372388886832,553.8461538461538
213.07494017816836,600.0
180.92196707024485,553.8461538461538
205.71270402961957,600.0
203.25869504434266,600.0
205.56467396617805,600.0
200.01828811552318,600.0
208.4214498284447,600.0
172.44990256018355,514.2857142857143
200.60241196277806,600.0
211.40455944174005,600.0
182.2096513595087,553.8461538461538
208.20853572645362,600.0
179.98527631058002,553.8461538461538
184.922080133221,600.0
161.4977831122451,514.2857142857143
208.98908257655603,600.0
200.44139360849624,600.0
205.40902126707184,600.0
205.7421028813973,600.0
202.2481952843054,600.0
202.3928755877588,600.0
208.77964834981003,600.0
201.29631144035253,600.0
202.1239088814657,600.0
203.30292131211522,600.0
172.27601183882118,514.2857142857143
212.03625983847544,600.0
178.05917398485929,553.8461538461538
187.75717994994505,553.8461538461538
204.52912579868152,600.0
203.66728080679619,600.0
222.94297125789728,600.0
207.22066987569823,600.0
205.6473000196534,600.0
218.79813870379905,600.0
208.5358221652086,600.0
186.67398921419252,553.8461538461538
209.37768916956725,600.0
204.23519764608514,600.0
201.1025263901497,600.0
190.28976703372203,553.8461538461538
216.79916112757113,600.0
210.1491530258927,600.0
208.06245402298887,600.0
208.696785276764,600.0
188.67129354176421,553.8461538461538
219.47750719764835,600.0
211.47283849373525,600.0
205.29309360769992,600.0
209.89923766496693,600.0
187.5165771518708,553.8461538461538
211.92538234452925,600.0
213.14810711337873,600.0
208.74685895727222,600.0
208.68598718168582,600.0
211.66854914307567,600.0
210.22264830649047,600.0
206.06509700418542,600.0
204.45413546809402,600.0
200.55457783043585,600.0
218.07082992955512,600.0
205.27087032305027,600.0
201.89432599213356,600.0
209.9777174055242,600.0
203.13516300883774,600.0
209.4652952933246,600.0
214.69432794430705,600.0
199.57420836480924,600.0
200.99463924384315,600.0
208.41582201269043,600.0
205.57965770761243,600.0
201.33126301633118,600.0
208.77020642584546,600.0
213.97875167055523,600.0
201.96775634412631,600.0
192.9398405907868,553.8461538461538
188.02273782476067,553.8461538461538
214.0229942693711,600.0
216.29804608992424,600.0
204.75470901544085,600.0
211.14904100724053,600.0
217.70411005167537,600.0
204.19629646002878,600.0
187.7202402429551,553.8461538461538
208.0566294812211,600.0
202.05435567340098,600.0
203.87389947590432,600.0
211.06899777076646,600.0
184.00099293809856,553.8461538461538
163.29619260329562,514.2857142857143
196.7980449206532,600.0
200.7194606570885,600.0
178.16428423345377,553.8461538461538
205.19105825966236,600.0
216.11960955717498,600.0
189.5967016386827,553.8461538461538
