ep_returns,ep_lens
18.258394555932952,480.0
16.236599395161342,450.0
15.465354573966229,378.94736842105266
33.39130572708733,514.2857142857143
32.33374650791111,514.2857142857143
43.27475987792009,514.2857142857143
51.188134773527445,600.0
53.777727776713554,600.0
62.26807396633134,553.8461538461538
56.49486256802953,514.2857142857143
49.98294667926616,378.94736842105266
58.43502600174491,400.0
53.53659038179278,423.52941176470586
50.87426489922324,360.0
58.19989892824494,378.94736842105266
59.414873959467165,378.94736842105266
61.20179764196078,327.27272727272725
65.48857821762783,342.85714285714283
65.71907083603153,342.85714285714283
62.411985679274125,342.85714285714283
59.325180671928976,327.27272727272725
59.563154486882,342.85714285714283
56.60913630711873,327.27272727272725
56.41649994354202,327.27272727272725
57.16976980461969,400.0
57.253543912034694,360.0
53.66167042871613,360.0
61.03168440105837,360.0
54.01907676481047,378.94736842105266
56.05270655313633,423.52941176470586
54.95012028893736,360.0
54.34527841140832,360.0
52.802182697817166,300.0
50.596467294387026,400.0
60.2655607515888,342.85714285714283
62.96921114481397,342.85714285714283
64.76290706104542,378.94736842105266
60.49321379963599,360.0
65.09822354266707,327.27272727272725
66.2342710883465,313.04347826086956
58.735045854435576,378.94736842105266
61.1834540100772,342.85714285714283
78.29823262897973,360.0
70.29476068083177,400.0
60.23887267269261,360.0
65.70555223079248,400.0
64.69634334031224,360.0
80.479810957041,423.52941176470586
86.46028714199993,450.0
80.51764165781157,378.94736842105266
65.58147529522151,360.0
60.71296810602383,378.94736842105266
65.0735896446566,360.0
75.0679666255426,450.0
85.82091869937551,423.52941176470586
75.37835899306813,450.0
57.44161391621714,378.94736842105266
105.79307210186512,514.2857142857143
71.00152970788886,514.2857142857143
86.701304193398,480.0
85.95051892209806,450.0
56.14978858603492,423.52941176470586
66.26901326050135,450.0
124.87832833888889,553.8461538461538
86.21224607450209,514.2857142857143
81.41496485772585,514.2857142857143
100.1871819656815,553.8461538461538
74.04014308014287,423.52941176470586
77.95726521251389,514.2857142857143
72.71684236602194,378.94736842105266
106.90291669995749,480.0
81.86437835138865,480.0
96.77383665216746,514.2857142857143
75.84764495254565,480.0
126.50397859035903,514.2857142857143
86.41467263150437,423.52941176470586
93.02050343952313,514.2857142857143
91.88640318029302,514.2857142857143
111.50305611742648,553.8461538461538
100.84380478580464,480.0
107.62464345695389,514.2857142857143
90.05091392932144,450.0
112.74566879264871,514.2857142857143
118.29231960297986,514.2857142857143
117.52966328349693,514.2857142857143
127.29902947663805,553.8461538461538
129.74485968617128,600.0
76.87863716721611,553.8461538461538
96.78675638022801,514.2857142857143
92.45667538091722,514.2857142857143
94.117544199058,600.0
85.69517427583692,480.0
137.687883962575,600.0
122.76207518332748,553.8461538461538
104.12474831070992,553.8461538461538
124.59239765481695,553.8461538461538
87.82632692775339,480.0
126.3973635311336,514.2857142857143
106.61678194966203,553.8461538461538
138.3723595632193,600.0
105.62963677132396,514.2857142857143
116.24007249332568,553.8461538461538
130.5648276382805,553.8461538461538
137.75950168305528,553.8461538461538
103.58189182158269,514.2857142857143
106.38169804051903,514.2857142857143
118.79482068016273,600.0
151.07047301112087,600.0
140.91724084320538,600.0
116.01707605700032,514.2857142857143
135.58968896736474,553.8461538461538
145.41029440887624,600.0
132.1671111487508,553.8461538461538
126.60054810089092,600.0
138.54197896831954,600.0
110.2795809792052,514.2857142857143
166.87189130108024,600.0
112.18424886115378,480.0
137.9610651358854,553.8461538461538
103.76594737612395,450.0
119.10408904646756,480.0
141.08825230733424,553.8461538461538
157.42989186342047,600.0
132.73083110407606,553.8461538461538
116.30603520716615,553.8461538461538
101.65750495978497,450.0
133.40153538777423,514.2857142857143
112.13051982912422,514.2857142857143
129.67517793755673,553.8461538461538
121.92353578520299,514.2857142857143
115.55255618455317,553.8461538461538
131.11540517897797,514.2857142857143
134.03254849867227,600.0
126.08536702129638,553.8461538461538
126.09595893333454,553.8461538461538
101.94963959563798,480.0
116.76934075450453,553.8461538461538
133.55085893888,600.0
136.39949108718014,600.0
126.22777864635502,600.0
128.1689599083341,600.0
114.98720435844572,553.8461538461538
104.38410105169014,600.0
90.90586624707998,514.2857142857143
66.79943226767419,514.2857142857143
90.31724563417899,514.2857142857143
74.51977722572059,480.0
86.5686365096324,514.2857142857143
104.7305661441374,514.2857142857143
117.74963118491041,600.0
101.71752269459346,600.0
56.62674066023936,423.52941176470586
78.1706927972293,480.0
85.4489290853521,514.2857142857143
81.71121459116559,514.2857142857143
122.77328654259539,600.0
122.09158986827612,553.8461538461538
93.69973649562031,480.0
124.08237805465522,553.8461538461538
92.6411528321836,514.2857142857143
73.2561160423562,423.52941176470586
90.77005908657992,450.0
110.91533620533424,553.8461538461538
92.05745495956236,450.0
100.20902935213856,514.2857142857143
123.98445255711749,514.2857142857143
131.83852508620038,553.8461538461538
104.36691813292308,514.2857142857143
122.53416529011871,553.8461538461538
119.03816011549517,553.8461538461538
75.07381303509042,423.52941176470586
87.61139471366027,450.0
116.3700059994674,514.2857142857143
113.15840247655817,514.2857142857143
76.03445964213759,450.0
130.28304965807905,600.0
97.12918641622034,450.0
93.2026085123512,480.0
86.41697249764634,480.0
103.35597005405796,514.2857142857143
93.50422475890349,450.0
77.29344836753339,450.0
98.07892246400826,480.0
94.03676854238617,480.0
91.8935454317316,480.0
92.21329121481087,480.0
103.56232923154167,514.2857142857143
117.5144427152047,553.8461538461538
85.38414444792835,480.0
103.4732769673375,514.2857142857143
86.48660303713339,450.0
118.7234654567353,553.8461538461538
115.52076089086594,514.2857142857143
97.53015184321383,480.0
108.16553250653745,480.0
109.81464897347814,553.8461538461538
109.22359592668434,514.2857142857143
76.72691292175234,423.52941176470586
87.25358498941095,450.0
76.90018547636123,423.52941176470586
88.00451490288637,423.52941176470586
91.34896767416583,480.0
84.08781266082691,423.52941176470586
76.9023353201995,423.52941176470586
97.07707974433315,480.0
100.07507424586598,514.2857142857143
107.8382469776593,553.8461538461538
106.81150041880078,480.0
105.61742567229497,514.2857142857143
152.94844606017088,600.0
89.34248650870916,423.52941176470586
102.16347583478031,450.0
76.69663415671035,378.94736842105266
99.27062681169056,450.0
81.1095329227842,423.52941176470586
84.1557776901071,400.0
129.0792839042137,514.2857142857143
84.38865088574657,423.52941176470586
68.85773744053125,400.0
115.28785367545925,480.0
109.12908121280769,480.0
114.18401493205106,480.0
87.84856430557883,480.0
136.7361460118422,553.8461538461538
155.29990178697133,600.0
141.8286059552663,553.8461538461538
99.48632578434881,450.0
113.8364023921986,514.2857142857143
97.97746614044468,450.0
99.06738611027214,450.0
119.14912311705508,480.0
102.65124739279216,450.0
115.6641554994891,480.0
91.48700161090673,400.0
103.28123509691888,480.0
122.81255616691556,480.0
76.99845468392223,400.0
150.6450286325432,553.8461538461538
157.36428293348925,553.8461538461538
152.63895737076692,600.0
89.72645609169994,450.0
122.95372692362677,553.8461538461538
111.29930260819178,480.0
99.70156668296073,450.0
123.06742442820986,514.2857142857143
100.82819780488116,450.0
150.143558080217,600.0
105.82058620334631,480.0
122.88218157361705,514.2857142857143
111.57381864600535,480.0
91.3990423998551,480.0
68.484596445803,378.94736842105266
92.71339201338259,450.0
76.31352423108903,400.0
60.20095502636218,400.0
106.776306854272,514.2857142857143
71.0195775279122,480.0
88.1154631320191,480.0
84.6677848914396,423.52941176470586
77.69952906506117,480.0
107.41124835384373,480.0
91.22717472273229,480.0
87.72195673706244,450.0
97.54469479116405,480.0
78.98380921197322,450.0
80.6880835718275,423.52941176470586
103.97155920049208,514.2857142857143
108.83080194813718,514.2857142857143
134.45719725547113,514.2857142857143
77.94253471192037,400.0
84.4797450579529,480.0
98.00397118839724,480.0
73.43764303802595,400.0
131.87224323892212,553.8461538461538
99.92073151173842,514.2857142857143
97.84173624793902,450.0
132.8036195191024,514.2857142857143
98.86220690144796,450.0
94.64128293210271,450.0
84.73670079456522,450.0
120.47156929026134,553.8461538461538
94.74265801487057,450.0
82.89571719490905,480.0
122.23484289741411,514.2857142857143
100.50775044723362,480.0
110.06830818273183,553.8461538461538
135.63279261477206,553.8461538461538
84.55433893444456,450.0
118.56471281328497,553.8461538461538
101.28132884241255,450.0
102.3312338365877,450.0
73.56075499273658,423.52941176470586
76.82968658685272,423.52941176470586
99.11736579458824,480.0
88.54080728074462,423.52941176470586
81.0314463577958,423.52941176470586
73.30525131349631,450.0
93.29066682653334,450.0
73.52314383720714,400.0
104.16188769594933,480.0
99.76895354139482,514.2857142857143
79.69098346916482,514.2857142857143
115.53507497420252,600.0
90.51790404022287,450.0
83.84199067771527,400.0
88.53481858494484,423.52941176470586
97.2945438907611,450.0
75.43976036774087,450.0
70.74312463872442,400.0
136.8456369061458,600.0
104.88220522927833,450.0
94.62337825715588,514.2857142857143
109.2547640820248,514.2857142857143
114.42925650726758,553.8461538461538
94.88010754193587,480.0
94.21323786385665,480.0
61.460813148169095,423.52941176470586
100.8886909432199,480.0
90.720922637254,514.2857142857143
84.10683405359026,450.0
69.70314697974234,480.0
73.75089587907013,450.0
98.13964214303473,480.0
88.47666296557347,514.2857142857143
88.44116491809055,553.8461538461538
95.65987549166431,553.8461538461538
85.846766208229,450.0
89.33719704284593,514.2857142857143
92.11690169380539,553.8461538461538
87.49658209823826,514.2857142857143
124.30619476630974,553.8461538461538
111.01908273812667,514.2857142857143
97.9270747432037,480.0
63.60794579688277,480.0
76.7183544094622,480.0
80.76624875786295,480.0
94.85625736380635,480.0
85.08933795671672,423.52941176470586
67.87034097827473,400.0
85.9888792473983,400.0
75.96987415902738,450.0
120.35716404444206,600.0
88.57212233895959,480.0
110.08947754309013,553.8461538461538
125.13343083994005,553.8461538461538
88.353462895456,514.2857142857143
85.93636124179592,480.0
114.07678375165058,553.8461538461538
106.64160535536301,514.2857142857143
115.99057651436267,553.8461538461538
133.5446090678499,600.0
78.89757813983572,450.0
103.48792796060829,553.8461538461538
104.42544517076033,600.0
108.36821221574957,553.8461538461538
99.04271967158137,514.2857142857143
103.94874202007438,553.8461538461538
81.9665183288921,450.0
95.09398828776342,514.2857142857143
69.67120742496436,450.0
86.99301241196238,450.0
74.92967993437308,423.52941176470586
71.70272758278263,423.52941176470586
99.92232268791273,514.2857142857143
110.76014501392515,553.8461538461538
72.9608252365671,450.0
129.25959611265313,553.8461538461538
92.31003823043234,514.2857142857143
113.38960637094509,553.8461538461538
136.52984405136232,600.0
76.62602689997993,450.0
108.46839865320975,514.2857142857143
74.15444228702934,480.0
84.74346136332275,480.0
71.92521408479062,514.2857142857143
117.0375817435118,553.8461538461538
101.45578647285949,480.0
101.77521372315368,514.2857142857143
113.57809564075146,514.2857142857143
106.93866582997381,514.2857142857143
101.1956570098232,480.0
98.64608878446515,514.2857142857143
98.86448664290924,450.0
98.30369831375562,514.2857142857143
117.33111581611148,553.8461538461538
87.06169033331446,450.0
109.47668077718541,514.2857142857143
88.02146337908044,423.52941176470586
78.26101703034507,423.52941176470586
116.94448906061079,514.2857142857143
106.26928221541714,514.2857142857143
79.00047294906273,400.0
70.71885940338981,400.0
104.94619538038891,480.0
74.60100044296168,378.94736842105266
63.31773873550396,378.94736842105266
76.82581363157995,378.94736842105266
87.41458573475781,423.52941176470586
101.81074732150628,480.0
119.86122398552719,514.2857142857143
126.03198284913627,514.2857142857143
106.00817438036268,450.0
94.51674122181572,450.0
74.18170795928701,400.0
86.39536094151563,450.0
106.34932634443743,553.8461538461538
76.69456549896438,400.0
68.44531791045955,378.94736842105266
65.18007173470147,400.0
87.6202182443471,450.0
78.12942217767909,423.52941176470586
83.82328351807048,423.52941176470586
77.2004376061494,423.52941176470586
77.12543570627611,423.52941176470586
89.23188673565109,450.0
105.09881095037974,514.2857142857143
106.99518184036985,480.0
129.79258889185124,553.8461538461538
126.90065292320918,553.8461538461538
110.7606109804781,480.0
128.8057910242299,514.2857142857143
128.10199960602105,553.8461538461538
133.43984628929306,600.0
112.52925077582772,514.2857142857143
120.05036725659473,600.0
101.52644607262776,480.0
114.92137600410938,514.2857142857143
118.16849549074452,514.2857142857143
101.50686845540363,514.2857142857143
93.4858765049393,450.0
104.7438732131739,480.0
113.25164479267765,553.8461538461538
121.5088041405264,514.2857142857143
112.48019872125012,514.2857142857143
159.05403800617412,600.0
131.60325854360326,553.8461538461538
133.13896988424742,514.2857142857143
112.94155725207953,480.0
131.9245378809131,514.2857142857143
126.48710749320941,553.8461538461538
145.30420248354832,600.0
133.9392480647895,553.8461538461538
133.5555627634319,514.2857142857143
121.70782368245843,514.2857142857143
125.29558798670749,553.8461538461538
147.22430695620054,600.0
109.13643804819863,480.0
101.44520948436902,514.2857142857143
125.89817720024666,514.2857142857143
129.0184238470616,600.0
67.39612880760431,514.2857142857143
112.47389824287393,553.8461538461538
115.918961431366,553.8461538461538
111.6679798279743,553.8461538461538
118.17694919169864,553.8461538461538
80.55551117080479,514.2857142857143
75.3002401238558,514.2857142857143
118.43625957198793,553.8461538461538
120.4420202488589,600.0
119.28188829557205,600.0
103.45996711761157,514.2857142857143
90.15516711453681,480.0
60.58512035100484,400.0
101.48963858188442,514.2857142857143
113.04344132989128,600.0
80.27098701756012,480.0
83.66997015832342,553.8461538461538
91.99936850182785,514.2857142857143
71.19354761082909,450.0
71.4449625611665,450.0
101.72684743747277,553.8461538461538
97.394583293666,514.2857142857143
91.17022502234022,514.2857142857143
78.44079785417583,450.0
105.18279439444467,553.8461538461538
71.30923407884355,514.2857142857143
95.79672549013331,553.8461538461538
82.70338062615112,480.0
100.51845633505631,600.0
113.13679292419634,553.8461538461538
67.07603892659573,480.0
81.44936489119624,480.0
84.77682293740757,514.2857142857143
43.361236492373024,450.0
98.25234061285907,514.2857142857143
62.42251245959674,423.52941176470586
104.87983492027668,553.8461538461538
75.38081060811695,514.2857142857143
87.26609117993992,514.2857142857143
63.393782149024695,450.0
77.17765291763841,450.0
113.07695682703981,553.8461538461538
94.59118603441779,514.2857142857143
119.80215090779257,553.8461538461538
63.13375245064373,450.0
65.28334509531864,450.0
115.80238175685646,600.0
79.33067815838642,450.0
75.68813168409831,480.0
84.47877925298705,514.2857142857143
79.76199329797055,553.8461538461538
90.66011235816492,514.2857142857143
98.42055426624209,553.8461538461538
89.77894681177267,553.8461538461538
119.335203313984,600.0
124.77694313978343,600.0
90.75715334405774,514.2857142857143
98.19229168733717,553.8461538461538
90.8553337729162,514.2857142857143
89.73912398918046,553.8461538461538
92.54070822496568,514.2857142857143
88.23129722328862,480.0
93.39041873681053,514.2857142857143
93.56633374223011,514.2857142857143
86.22971478204143,514.2857142857143
95.40245240661369,553.8461538461538
67.46755073642694,480.0
101.91951311142405,600.0
147.66474815903237,600.0
87.97267489261309,553.8461538461538
85.65838696708141,553.8461538461538
105.89163776850629,553.8461538461538
89.73859333537044,553.8461538461538
90.07492356043346,514.2857142857143
94.2021226213526,553.8461538461538
89.7254506831534,514.2857142857143
96.95294893601483,480.0
71.25520854871057,400.0
88.163324203196,480.0
77.44969523256528,423.52941176470586
99.25711621442846,514.2857142857143
98.08622865599513,514.2857142857143
87.2627373354624,480.0
106.37007028114031,600.0
84.26597253396159,450.0
104.8712053734462,514.2857142857143
93.47216536620306,450.0
89.02963544502015,514.2857142857143
108.80409985342348,514.2857142857143
87.15025691818234,480.0
99.1126049540569,480.0
99.92858069528765,553.8461538461538
113.43691922917131,514.2857142857143
97.56529586568566,553.8461538461538
56.19538141752954,360.0
89.54742510029484,514.2857142857143
122.4126821021719,600.0
96.24793206930849,514.2857142857143
74.15822390367069,423.52941176470586
65.93426021324834,400.0
94.77840376504601,480.0
103.71355415897972,514.2857142857143
92.47164014243255,450.0
97.52225309531481,514.2857142857143
77.5965180020716,480.0
84.30886412771521,480.0
80.05313444719349,450.0
94.50815814487397,514.2857142857143
87.60685798782968,480.0
81.34592271337851,480.0
101.31030232123706,553.8461538461538
115.85856328562117,600.0
87.72096995001122,514.2857142857143
103.53448136746435,600.0
90.2050174031999,480.0
81.9071300592191,450.0
96.92378774487793,514.2857142857143
75.66522534093909,514.2857142857143
96.14901990528881,514.2857142857143
95.2952056890578,553.8461538461538
88.39147383986646,514.2857142857143
96.04894775003699,480.0
94.71858207405643,553.8461538461538
113.56787923725952,553.8461538461538
117.2241943805913,600.0
116.02949168645473,600.0
95.30604290004908,553.8461538461538
93.35519719420577,514.2857142857143
117.45921111586132,553.8461538461538
87.24350475183319,514.2857142857143
65.49855776238519,423.52941176470586
69.94843853509744,514.2857142857143
90.42318368988708,450.0
77.43951192633361,423.52941176470586
76.60224353518072,450.0
86.26503102493407,480.0
75.64660363290592,400.0
68.60501040073629,423.52941176470586
59.63601680893204,360.0
83.57327360075888,450.0
92.05775837798907,480.0
80.79867002371881,423.52941176470586
64.78700848320153,400.0
71.8009074287064,400.0
68.24732372822375,400.0
78.71690035303108,480.0
69.27029983366067,423.52941176470586
75.03453765947216,450.0
95.65502445886955,553.8461538461538
87.73801462102436,480.0
88.81183289064181,480.0
93.50175685239995,514.2857142857143
98.81467417659123,514.2857142857143
123.42478404094201,600.0
106.51461217078548,553.8461538461538
75.70178164988901,450.0
105.33146744508197,514.2857142857143
104.91189604469739,514.2857142857143
91.89794861405421,480.0
92.56770720667905,553.8461538461538
114.50300897567078,514.2857142857143
121.39209078519677,553.8461538461538
116.96952272952119,553.8461538461538
107.16845698662084,514.2857142857143
96.12607874058394,480.0
87.46395203706943,514.2857142857143
135.73123983834222,600.0
132.1723116148602,600.0
105.43236115164393,514.2857142857143
113.11435368841005,553.8461538461538
96.58204270583629,514.2857142857143
101.88350885061651,553.8461538461538
69.98755401809657,450.0
113.76595258254775,553.8461538461538
105.5351554506999,553.8461538461538
134.5907615912814,600.0
118.00490485060692,600.0
106.6219507658132,514.2857142857143
103.07500889869854,480.0
97.56455017883746,480.0
102.78312177749329,514.2857142857143
63.18100446989222,400.0
127.96611154247255,553.8461538461538
107.84615114734252,514.2857142857143
126.85587111583352,553.8461538461538
102.88520304873552,514.2857142857143
122.58048105635591,553.8461538461538
109.3268513165829,514.2857142857143
111.60585144192096,514.2857142857143
101.87289585054052,553.8461538461538
104.70607028703026,553.8461538461538
104.57092243174772,514.2857142857143
127.74865917477105,600.0
114.82114954913216,553.8461538461538
142.00812667165445,600.0
84.70060918654006,450.0
98.19421672079604,514.2857142857143
74.24460550997051,423.52941176470586
107.9446853516366,553.8461538461538
115.38282936266795,553.8461538461538
110.48225975703403,553.8461538461538
132.68741242911062,600.0
107.91096116487827,480.0
115.82653604282632,553.8461538461538
88.25410335009659,480.0
112.05019969722346,514.2857142857143
103.27042605959875,514.2857142857143
110.28244799379026,553.8461538461538
118.70536223106957,600.0
121.74348650582404,553.8461538461538
83.94356378851657,423.52941176470586
107.4027571985188,514.2857142857143
107.30516297156571,514.2857142857143
99.00728818569539,553.8461538461538
80.65921603558573,450.0
80.1205209370697,450.0
129.43613796997283,553.8461538461538
79.07048362131616,423.52941176470586
112.38853148747761,480.0
76.83934349837813,378.94736842105266
91.25734653130836,450.0
118.99987912090015,514.2857142857143
105.01844953481637,480.0
107.48874695255566,514.2857142857143
118.43500397018937,553.8461538461538
85.59659877545164,450.0
100.33191734876193,514.2857142857143
111.67633506918702,553.8461538461538
100.2078233671532,514.2857142857143
97.21889444760848,450.0
72.51324488766983,423.52941176470586
121.95283802938576,553.8461538461538
113.5948904555537,514.2857142857143
98.41254619590035,450.0
98.07276594768766,480.0
89.27875030314256,514.2857142857143
103.46594331843177,480.0
70.7821617956467,400.0
121.31177728486989,600.0
96.79540691804192,480.0
108.002016102626,514.2857142857143
97.85217107113458,514.2857142857143
113.9029711464603,553.8461538461538
78.7268154655381,450.0
78.47328294607821,423.52941176470586
146.89456890178477,600.0
110.37924667061462,553.8461538461538
109.09786355892882,553.8461538461538
134.40482330908554,600.0
98.47321954220156,480.0
114.9766293608177,600.0
108.88061905959802,553.8461538461538
118.28627007746437,553.8461538461538
108.54424009151496,553.8461538461538
91.07265940657655,514.2857142857143
94.87881338152172,514.2857142857143
100.48665873865939,514.2857142857143
117.04596834504763,553.8461538461538
83.90250295205655,480.0
67.92244590355156,423.52941176470586
88.6291507195549,450.0
95.6300416462594,480.0
92.31198374347495,480.0
112.91381040974039,553.8461538461538
101.43507102668579,480.0
90.60589964313242,514.2857142857143
101.55694804860997,480.0
121.96752325311316,600.0
99.76943281626235,514.2857142857143
98.26198682718379,514.2857142857143
85.44421694868738,480.0
93.62913703765838,480.0
85.0255985084356,480.0
134.18008337202676,553.8461538461538
88.54457388768577,423.52941176470586
111.2861473000098,553.8461538461538
103.04186464308212,514.2857142857143
127.78220206570951,553.8461538461538
133.65396091946124,600.0
94.64201677224267,553.8461538461538
111.91308921528659,553.8461538461538
116.23489178628988,600.0
122.23978421779312,600.0
130.77689162321334,600.0
103.39284174952306,514.2857142857143
115.92337303597724,514.2857142857143
84.07431775711878,450.0
86.27058478292933,480.0
112.88200953193085,553.8461538461538
132.83038843510153,600.0
107.48666782392364,514.2857142857143
107.01202851347092,553.8461538461538
91.4717562656116,514.2857142857143
102.05089643866336,514.2857142857143
91.33028913905729,514.2857142857143
108.54204744703657,514.2857142857143
94.8740078707089,480.0
88.71654476681579,450.0
110.1148391546927,553.8461538461538
94.12571616134659,480.0
123.53560857392523,553.8461538461538
103.73540373304094,553.8461538461538
123.35938874713027,514.2857142857143
96.7100456902324,480.0
81.81535940864038,450.0
97.41841477222341,514.2857142857143
98.45489904543965,514.2857142857143
97.44172322536366,480.0
88.56372170818736,514.2857142857143
102.20544667014782,480.0
99.51477867750548,514.2857142857143
89.75357255594703,514.2857142857143
108.15233204253663,553.8461538461538
110.70557615844665,600.0
100.61001259412448,514.2857142857143
107.08069860174933,514.2857142857143
109.46482254297443,514.2857142857143
91.53265942696017,514.2857142857143
102.40568620457579,514.2857142857143
88.88605085626672,553.8461538461538
113.67672121310163,514.2857142857143
92.0924898610799,553.8461538461538
134.29847565663678,600.0
122.98579913950448,600.0
96.81502651864469,514.2857142857143
82.0127130390246,480.0
68.96990111605965,480.0
87.39130296288086,514.2857142857143
103.68985909875721,514.2857142857143
129.43729523520244,600.0
95.71764300972818,480.0
84.77058731855746,480.0
93.20847691870563,553.8461538461538
114.81968974038867,553.8461538461538
93.4459471221124,480.0
116.30315129626658,553.8461538461538
103.67658042889028,514.2857142857143
77.055233016925,450.0
97.5862378193641,514.2857142857143
107.11227916900285,553.8461538461538
114.15396573995265,553.8461538461538
106.92726649424016,553.8461538461538
121.29495112136446,600.0
96.63917944815364,450.0
105.50476732173388,553.8461538461538
97.93017998020653,480.0
128.3368373642649,553.8461538461538
77.99498304117256,450.0
86.24609595777103,480.0
103.71069225689794,553.8461538461538
108.9813826479953,553.8461538461538
100.30745991554812,553.8461538461538
118.41590097244298,553.8461538461538
91.52265712444566,480.0
106.61088503127174,553.8461538461538
91.29879357374784,480.0
103.63698998827795,553.8461538461538
114.4982850709884,553.8461538461538
103.27290679098095,553.8461538461538
116.75947337120266,553.8461538461538
137.01715247439896,600.0
123.11175342060103,553.8461538461538
104.74214736961855,514.2857142857143
122.9307872834563,553.8461538461538
115.01209354441059,514.2857142857143
94.55474229299271,514.2857142857143
104.4156230424496,480.0
101.87420632654009,514.2857142857143
77.25861814898123,480.0
116.7408948928067,600.0
114.76595142318274,553.8461538461538
109.56263732746255,514.2857142857143
112.83597169992429,553.8461538461538
109.01014552295399,514.2857142857143
115.00771717336458,514.2857142857143
117.24899836933459,553.8461538461538
102.23140227370105,514.2857142857143
108.32322121403716,553.8461538461538
120.2174290843518,600.0
109.46318775092656,553.8461538461538
112.65160578488212,553.8461538461538
106.06938972973042,514.2857142857143
115.60715712289024,514.2857142857143
142.51486264319257,600.0
97.66659544803696,480.0
108.50828040297266,514.2857142857143
98.69038140920925,514.2857142857143
120.37480634674613,514.2857142857143
120.02971685635045,553.8461538461538
122.12428039041086,553.8461538461538
101.04274829524168,514.2857142857143
131.62859651480684,600.0
102.73630915511768,480.0
82.40027649271644,450.0
112.27156850319952,514.2857142857143
100.47852923397126,480.0
95.92374168655495,514.2857142857143
88.63396740228221,480.0
105.97747420130912,480.0
76.09093350671205,450.0
66.28274348411026,423.52941176470586
82.51248251123106,450.0
101.78101091778929,480.0
111.70237424122507,553.8461538461538
108.40890833678318,553.8461538461538
115.86787458339676,553.8461538461538
101.19360613978667,480.0
101.68113436020663,480.0
118.15581251377317,514.2857142857143
111.83261480861947,553.8461538461538
83.61893437968276,423.52941176470586
116.55704784870743,553.8461538461538
114.9498873519846,514.2857142857143
83.73046928631337,450.0
108.11482843448205,514.2857142857143
148.31459222224382,600.0
120.45771556163433,514.2857142857143
113.95298107393292,514.2857142857143
110.22282702829416,514.2857142857143
112.4363117749806,514.2857142857143
86.290443822119,480.0
108.98114292237587,553.8461538461538
116.8089743053611,514.2857142857143
97.81367656317454,480.0
92.15685965665078,480.0
126.69273315903833,553.8461538461538
95.30581832797189,480.0
107.0859560684227,514.2857142857143
81.8125074803304,450.0
76.87799973929177,423.52941176470586
108.27209176180425,514.2857142857143
119.67845517293469,553.8461538461538
96.18016535350398,514.2857142857143
118.69662882515325,553.8461538461538
91.49616846569734,480.0
89.63522761813377,480.0
95.51632845733926,480.0
126.01974586312224,600.0
81.1082073848409,480.0
115.07622259207747,553.8461538461538
123.90034934019573,553.8461538461538
119.00910549071283,600.0
97.1205670485866,514.2857142857143
116.06069084032542,514.2857142857143
92.50217280307945,450.0
126.52223682036595,600.0
106.50790803193125,553.8461538461538
96.76270784519207,514.2857142857143
105.60198450253336,514.2857142857143
102.23386553694057,514.2857142857143
96.48091145613002,600.0
99.56704520980507,553.8461538461538
99.26251815223786,514.2857142857143
104.428638754428,553.8461538461538
101.97005686672709,553.8461538461538
145.58054671699816,600.0
100.71323700292176,514.2857142857143
108.63140278331569,553.8461538461538
135.54004183393675,600.0
82.88576462771363,480.0
105.28774989264045,480.0
108.58588928093101,514.2857142857143
80.46912153657213,480.0
108.94961346556785,553.8461538461538
90.99646280135873,480.0
90.37046536832047,514.2857142857143
108.94462185806941,480.0
96.59534571845782,514.2857142857143
109.82719986691768,553.8461538461538
83.13418647053297,514.2857142857143
83.30445070790606,514.2857142857143
123.07038299812255,553.8461538461538
74.66515723104048,423.52941176470586
105.35748120775774,514.2857142857143
126.16502638030127,514.2857142857143
108.06558634949141,553.8461538461538
79.82748954634219,450.0
138.88289254626076,553.8461538461538
106.98782502649298,553.8461538461538
117.07948499289607,600.0
98.59513773909357,450.0
109.24797549221827,514.2857142857143
124.39877213119136,553.8461538461538
112.59723436071381,514.2857142857143
89.40633400366286,450.0
107.85130503085485,553.8461538461538
96.95396386586005,514.2857142857143
112.68037380431669,514.2857142857143
120.3413421717323,553.8461538461538
116.17064672993703,514.2857142857143
122.60812401439632,553.8461538461538
109.82345569541657,480.0
111.06258935548938,514.2857142857143
92.04162049341566,480.0
102.83562776939345,514.2857142857143
123.46439257981484,553.8461538461538
107.78133787352775,553.8461538461538
113.17814047548816,553.8461538461538
141.32953516805472,600.0
87.84291755590871,450.0
113.57068048150064,514.2857142857143
143.26461397073265,600.0
94.00031902383779,480.0
130.24268010596822,600.0
99.30744227124386,514.2857142857143
118.23173284250838,600.0
97.7804250571807,514.2857142857143
91.05396814826706,480.0
152.0910957202292,600.0
132.8194241884408,553.8461538461538
140.3790068065291,600.0
111.04139184864022,480.0
92.73909154770682,480.0
108.53089060571001,514.2857142857143
120.60032799341691,514.2857142857143
95.55983942082322,514.2857142857143
123.50535565682262,514.2857142857143
104.71481525968018,480.0
86.17538981061838,450.0
123.02726889594663,553.8461538461538
108.3883183584115,553.8461538461538
95.2170683242728,480.0
102.9787206763995,480.0
131.62783805590428,600.0
103.82507320361982,553.8461538461538
107.67193251897416,553.8461538461538
132.62007733533653,600.0
79.24573209423161,480.0
117.05894644741478,600.0
107.44793076652975,553.8461538461538
111.13605399459854,553.8461538461538
112.09816276182531,553.8461538461538
114.3039898481834,514.2857142857143
107.66918726135238,553.8461538461538
122.03435542119081,553.8461538461538
137.26776078427565,600.0
97.84148755994458,514.2857142857143
87.76313452269115,514.2857142857143
103.7927627762599,514.2857142857143
109.05303736758255,514.2857142857143
118.31767480450945,600.0
87.58663056930894,514.2857142857143
109.78387341036888,553.8461538461538
98.42944794391792,514.2857142857143
95.65452961062249,514.2857142857143
101.47532526744115,553.8461538461538
101.02908632928617,480.0
124.9567182447511,553.8461538461538
132.46643445272318,553.8461538461538
100.50963538032715,480.0
114.52274496470078,514.2857142857143
108.98983569798904,553.8461538461538
130.21138319752268,600.0
111.46122637335587,553.8461538461538
117.90451499203947,553.8461538461538
126.44109280683823,553.8461538461538
147.39617628785567,600.0
119.77020758427679,514.2857142857143
138.95000430287217,600.0
133.83670123040704,600.0
88.03907076383672,450.0
94.03926587242904,514.2857142857143
112.1323671338025,553.8461538461538
104.37662369680443,480.0
134.30201384100204,600.0
144.04303844904118,600.0
121.1318440488923,553.8461538461538
139.2541344210756,553.8461538461538
118.01488224591398,514.2857142857143
120.2964727616742,553.8461538461538
109.12487064836098,553.8461538461538
142.74760645037557,600.0
122.16989498853167,553.8461538461538
126.75083233959778,600.0
92.05652562113947,480.0
124.548879834681,553.8461538461538
131.5381186923557,600.0
141.79764728717478,600.0
126.6358596051761,600.0
124.32057555399638,600.0
100.69998673565293,514.2857142857143
114.50237476249234,514.2857142857143
133.0711980696939,600.0
124.230724928041,553.8461538461538
135.36337323646072,600.0
106.78210202998541,514.2857142857143
124.19240319427718,553.8461538461538
125.9951266602688,553.8461538461538
118.2847852412094,553.8461538461538
126.95665910270529,514.2857142857143
102.63849441007183,480.0
122.6608949437752,514.2857142857143
122.20441456114017,553.8461538461538
95.07746023751905,480.0
102.29744925984131,514.2857142857143
114.91734242181717,553.8461538461538
141.19852647198772,600.0
99.31886028717625,480.0
102.51974457470868,480.0
125.96461559094188,553.8461538461538
118.85433466127803,553.8461538461538
83.35976639935207,423.52941176470586
140.18409119211154,600.0
123.25054878857297,514.2857142857143
109.95175870705457,514.2857142857143
126.82566794573744,600.0
109.38223890166864,514.2857142857143
108.84210034112881,480.0
140.0550303717237,600.0
127.05661223981514,553.8461538461538
100.42542338603663,514.2857142857143
133.88212899524655,600.0
120.17267417743938,514.2857142857143
122.88862401700445,553.8461538461538
87.51576625196113,514.2857142857143
149.89676420364964,600.0
112.83608859469027,553.8461538461538
117.56283946798128,600.0
99.56489199830204,480.0
116.69108282672086,553.8461538461538
115.32180112538397,514.2857142857143
138.48883257615435,600.0
115.93506506989705,514.2857142857143
134.183900943239,600.0
110.17928717241868,553.8461538461538
104.9170344825474,480.0
139.95326831850147,600.0
123.08864214963972,600.0
126.18955449176345,553.8461538461538
104.29026998587987,514.2857142857143
105.21311554382017,514.2857142857143
119.27494370539635,553.8461538461538
103.94481039703453,514.2857142857143
117.83256981626164,553.8461538461538
102.9474210983735,553.8461538461538
102.20986468430647,553.8461538461538
141.91335595878908,600.0
115.18413525345254,514.2857142857143
86.23800027098383,480.0
119.1522529823169,600.0
106.98983620604017,514.2857142857143
78.9720932336907,423.52941176470586
103.09215100703378,514.2857142857143
101.58927887601344,480.0
107.87428002427703,514.2857142857143
71.21066329549402,423.52941176470586
134.90924619221536,600.0
95.58234967400081,480.0
98.4402404091005,514.2857142857143
119.67777742319544,553.8461538461538
118.99578209895353,514.2857142857143
91.98284818359622,450.0
99.61623740015588,450.0
104.45902248470317,553.8461538461538
110.36513600890808,514.2857142857143
117.85492285924161,553.8461538461538
110.72155496173933,480.0
104.65046072727691,514.2857142857143
102.49723796956447,514.2857142857143
129.61367058860776,553.8461538461538
90.77586234911969,480.0
109.57371104521248,553.8461538461538
111.09622280466353,553.8461538461538
94.87561616044799,480.0
83.85337362820742,423.52941176470586
109.1549880596143,600.0
83.73244106630229,480.0
94.28510733834622,480.0
115.05016096973067,514.2857142857143
121.3935721311866,600.0
105.54681476627957,514.2857142857143
87.25045597289022,450.0
126.61732530322827,600.0
111.8293653138767,514.2857142857143
102.71916630183416,480.0
110.61500563575902,553.8461538461538
99.61440147587707,553.8461538461538
103.07298238528989,480.0
120.49626015336133,553.8461538461538
110.7060175194086,553.8461538461538
115.07349862651368,553.8461538461538
113.76368940293946,553.8461538461538
111.35202308264313,553.8461538461538
102.76895952062308,514.2857142857143
108.86388937865414,514.2857142857143
92.18342055518688,450.0
98.86352096019564,553.8461538461538
110.04042981568308,553.8461538461538
132.8745754754446,553.8461538461538
91.05389687236242,450.0
107.35878147285842,553.8461538461538
107.87757017465562,553.8461538461538
111.18107829811521,553.8461538461538
110.04026341467906,553.8461538461538
130.17393240001306,600.0
108.73342920837342,514.2857142857143
102.70885413511519,553.8461538461538
92.98189322340875,514.2857142857143
114.82878064778879,553.8461538461538
99.29142391882925,450.0
127.0295104580024,553.8461538461538
126.14486993839547,553.8461538461538
98.41192994431454,514.2857142857143
145.40371822597294,600.0
97.37755090569108,514.2857142857143
84.34836474132516,480.0
73.47581732065704,480.0
115.50576372056965,553.8461538461538
109.29178402693789,553.8461538461538
106.271623570636,600.0
123.15411534478534,553.8461538461538
131.34934816226087,600.0
98.6823319989835,553.8461538461538
85.50816699916736,514.2857142857143
105.85937569941628,600.0
115.14128710690957,553.8461538461538
116.16606893033034,553.8461538461538
83.63944916204612,480.0
126.04039098964834,553.8461538461538
101.48300626621263,514.2857142857143
101.95430034239443,514.2857142857143
129.02274437299934,600.0
90.5571928992554,514.2857142857143
125.74969841651402,600.0
123.07468340330753,600.0
105.35827052104693,553.8461538461538
89.56820698970478,480.0
113.60518600704037,553.8461538461538
95.90746055261503,480.0
111.32361594212414,553.8461538461538
107.87334022995361,553.8461538461538
112.36384982486555,553.8461538461538
105.76335015655185,553.8461538461538
96.413550336515,514.2857142857143
96.16387209141278,514.2857142857143
97.49606580104393,553.8461538461538
113.4655987766534,553.8461538461538
108.47945106444642,553.8461538461538
117.70557399274816,600.0
103.95533049536593,514.2857142857143
107.27001055002908,514.2857142857143
119.14706626359383,553.8461538461538
113.6422442305494,553.8461538461538
102.55933418441819,514.2857142857143
110.93635372477459,553.8461538461538
96.06646339789825,514.2857142857143
118.89318275909748,553.8461538461538
95.69683342374405,480.0
113.89554577812314,514.2857142857143
114.88585020349106,514.2857142857143
110.16667699375327,514.2857142857143
115.9054981885187,553.8461538461538
118.00795133184124,553.8461538461538
92.24352859173959,480.0
99.60427621911273,514.2857142857143
122.07279093755379,553.8461538461538
111.00529004034514,553.8461538461538
120.29723196876616,600.0
113.2652540886655,553.8461538461538
102.7524010827506,553.8461538461538
106.91840630917173,553.8461538461538
115.24387452013002,600.0
80.45257840626383,480.0
114.5443048720475,514.2857142857143
109.19416610444812,553.8461538461538
101.61186434294261,514.2857142857143
94.6162388395914,480.0
96.08117631426707,514.2857142857143
108.5121352070973,514.2857142857143
120.59547427891714,553.8461538461538
134.26716334128142,600.0
117.68340750669543,553.8461538461538
103.73773285450734,514.2857142857143
103.37789645445957,514.2857142857143
101.42084162871363,514.2857142857143
97.56865937311825,514.2857142857143
126.07764152560799,553.8461538461538
122.88909289394526,553.8461538461538
119.57171783115558,553.8461538461538
119.5025825401097,553.8461538461538
83.83982835035154,450.0
148.58136987300233,600.0
122.43687058584737,553.8461538461538
77.01506867174231,450.0
109.89342853923823,514.2857142857143
88.39653469361892,450.0
119.17227469413336,553.8461538461538
97.49330200687594,480.0
129.88650759420293,600.0
81.9031195981814,480.0
90.01805927023798,480.0
107.8406432930485,514.2857142857143
98.80886319303839,480.0
106.33777627466506,480.0
105.054872132105,553.8461538461538
108.30561365245212,514.2857142857143
102.46845364213517,514.2857142857143
107.89845906845585,514.2857142857143
89.12937718535362,480.0
111.48238497189774,553.8461538461538
88.21257300964824,480.0
97.50967598353411,514.2857142857143
106.32762698746205,514.2857142857143
101.9590876440085,514.2857142857143
116.16570681548214,514.2857142857143
99.72388387167666,514.2857142857143
119.304239732375,553.8461538461538
115.65244102251776,553.8461538461538
103.08876298862486,480.0
130.66614037662254,600.0
137.26795182514263,600.0
86.12820505474497,480.0
87.12671384554196,450.0
132.62021653162148,600.0
122.38682568094231,553.8461538461538
110.83852692304178,553.8461538461538
96.22557724340608,514.2857142857143
126.8331701873535,600.0
110.74306195316186,514.2857142857143
91.67409247170767,514.2857142857143
89.55757881132304,514.2857142857143
120.47761710336233,553.8461538461538
140.56601103608182,600.0
103.78797169341405,553.8461538461538
134.19323629240458,600.0
118.1233778409944,514.2857142857143
124.08472693927165,600.0
146.8964468728533,600.0
131.5811216194216,553.8461538461538
139.66495109550854,600.0
99.91610112161678,480.0
89.84234591679936,480.0
107.92018349452205,514.2857142857143
106.77147971914485,600.0
103.13567322934107,553.8461538461538
116.54123265018835,553.8461538461538
128.76112837270122,600.0
113.301719287409,553.8461538461538
97.14062459537669,480.0
95.47239110515157,514.2857142857143
92.49627612281466,480.0
93.47284717621729,480.0
90.54000251469175,514.2857142857143
102.11392989564847,514.2857142857143
100.9601373675828,553.8461538461538
117.80735545883023,553.8461538461538
119.99087437106587,553.8461538461538
110.19662992659875,553.8461538461538
111.13957883999981,514.2857142857143
122.44375098478274,553.8461538461538
110.74389384403193,514.2857142857143
122.4850397156129,600.0
126.57963281039237,600.0
117.66632598107078,553.8461538461538
125.88405996449548,553.8461538461538
148.0605523439431,600.0
115.62515075491886,553.8461538461538
125.98773057709805,600.0
99.05201557122872,480.0
137.5467851797935,600.0
93.42369299603571,553.8461538461538
118.23692981815299,553.8461538461538
108.49557049244397,514.2857142857143
119.86598362382418,553.8461538461538
132.9090939451938,600.0
101.43170271763316,480.0
107.58808844587533,514.2857142857143
132.29677747897523,553.8461538461538
112.80112036253362,553.8461538461538
123.33396759985884,514.2857142857143
103.36545515739012,514.2857142857143
98.73371697608285,480.0
97.84293097067469,480.0
101.40299169398041,514.2857142857143
128.41348381911945,553.8461538461538
126.06301793726838,600.0
105.66982097123291,514.2857142857143
109.98436345941685,480.0
115.4883014753497,553.8461538461538
121.67293525805705,600.0
98.71373391933489,480.0
117.05426724489287,514.2857142857143
122.81494957762303,553.8461538461538
95.3073971364475,480.0
117.31133603632824,514.2857142857143
93.63852478050562,514.2857142857143
142.12634918200357,600.0
125.80969183099836,600.0
127.26031677840021,553.8461538461538
109.42161102251796,553.8461538461538
110.10819227705606,480.0
141.85383994715096,600.0
87.54674250592844,514.2857142857143
92.55143290738887,514.2857142857143
125.8143441446689,553.8461538461538
103.79840413871396,514.2857142857143
104.8046521187451,514.2857142857143
106.52196362217276,514.2857142857143
115.39222812393753,514.2857142857143
142.92345199840562,600.0
136.23733346230378,600.0
113.51695910534497,514.2857142857143
116.55436872591015,514.2857142857143
110.12021971173355,553.8461538461538
137.42675689261205,553.8461538461538
107.99525830838327,514.2857142857143
123.85138594632615,553.8461538461538
92.35012892952604,450.0
109.81450085496576,514.2857142857143
123.61660394829147,553.8461538461538
130.65315520901453,600.0
126.39202427392853,553.8461538461538
86.02645671797364,450.0
127.18465145729387,553.8461538461538
104.00551665994894,514.2857142857143
111.54600889490244,553.8461538461538
106.36869758543313,514.2857142857143
136.34991793142794,600.0
124.26603531072068,553.8461538461538
105.2096043754961,553.8461538461538
95.65530852294268,450.0
122.9628735075452,553.8461538461538
115.46820919678619,600.0
131.03319193740677,600.0
135.36144132188676,600.0
102.02084999470352,514.2857142857143
124.57652479489747,600.0
115.64229200633177,553.8461538461538
133.8290045121148,600.0
97.19386082842746,514.2857142857143
151.25042694588117,600.0
126.4015147729495,553.8461538461538
127.43783005197966,553.8461538461538
139.37563070268158,600.0
120.75445928680428,553.8461538461538
103.14370578535652,480.0
97.80438048445662,514.2857142857143
99.12439097877018,514.2857142857143
123.48247951413573,600.0
123.35327031879625,553.8461538461538
136.58627800494241,600.0
99.42136475617596,514.2857142857143
115.82462163371817,553.8461538461538
137.17696208444482,600.0
94.5005951277556,514.2857142857143
93.40498014893079,514.2857142857143
90.97686530902797,450.0
104.8561469625066,514.2857142857143
98.74187626224825,514.2857142857143
79.40519041532019,423.52941176470586
102.41520858240715,514.2857142857143
99.12965302591505,450.0
111.54359735410709,514.2857142857143
74.76880531961082,423.52941176470586
118.98204925315903,553.8461538461538
100.3823128344399,514.2857142857143
116.92457080893499,514.2857142857143
93.16562614058033,480.0
142.23748086265303,600.0
105.32651535630657,553.8461538461538
111.42368996688207,553.8461538461538
88.66534613752569,480.0
87.98571338719105,480.0
98.94353797097835,514.2857142857143
114.44640269965453,514.2857142857143
113.73943884468372,553.8461538461538
73.64109346808402,378.94736842105266
100.12914817799549,514.2857142857143
113.0534592913667,600.0
100.32097850631696,480.0
128.6904983584033,600.0
118.15774727256971,553.8461538461538
125.5634771908915,553.8461538461538
109.21775109757472,514.2857142857143
137.12873911377372,553.8461538461538
111.73445382277849,553.8461538461538
100.48993623880708,553.8461538461538
105.1911068577781,514.2857142857143
96.30499146463322,553.8461538461538
118.3743546124699,514.2857142857143
112.78963744545132,553.8461538461538
98.9123817207138,480.0
102.58493465018027,480.0
120.02620077175789,553.8461538461538
108.06286776560431,553.8461538461538
123.19547431291015,514.2857142857143
92.65142710578948,480.0
87.9090716902516,553.8461538461538
86.6006581962432,480.0
85.3183873346135,450.0
114.40325263915732,514.2857142857143
100.19964907472851,514.2857142857143
113.94128581600714,553.8461538461538
120.49571285845515,600.0
112.37014890317222,553.8461538461538
97.89718871629012,514.2857142857143
115.916905190475,553.8461538461538
106.09502629709971,514.2857142857143
121.47473582510719,553.8461538461538
122.15821603507358,600.0
111.04201335188195,514.2857142857143
126.33655212746552,553.8461538461538
120.50718340736697,553.8461538461538
102.06705760423623,514.2857142857143
107.16536140482444,553.8461538461538
100.80604633638754,553.8461538461538
132.6992698405376,553.8461538461538
101.0432778163714,514.2857142857143
140.03037572878853,553.8461538461538
137.76793767204956,600.0
121.6971938192738,553.8461538461538
112.34745172787976,553.8461538461538
123.42496853052438,553.8461538461538
92.08994461093947,514.2857142857143
103.54350315140118,480.0
89.94073878843997,450.0
91.28991483802116,480.0
114.51158864861205,553.8461538461538
138.0940759041897,600.0
115.84388429357654,600.0
95.13309141834048,480.0
92.57342685324728,553.8461538461538
137.35243089971132,600.0
132.70909383891208,553.8461538461538
137.33351954774915,600.0
125.21245677630543,600.0
95.51467626451648,480.0
124.8898445600443,514.2857142857143
121.45826045048699,553.8461538461538
126.42479424540926,553.8461538461538
114.8115975552918,553.8461538461538
119.48908787326279,553.8461538461538
110.45989889063085,553.8461538461538
114.40581334644217,600.0
108.63687601894871,514.2857142857143
142.26316246068484,600.0
110.50307243640442,514.2857142857143
97.19818832508841,480.0
128.68275539908336,553.8461538461538
118.4065353396783,553.8461538461538
127.7639633732698,600.0
115.37402181132636,600.0
129.742000234356,553.8461538461538
115.3367064890173,553.8461538461538
107.91503948278692,553.8461538461538
105.2891032027492,514.2857142857143
94.05429050646977,480.0
104.33757113242179,480.0
110.1623497075945,553.8461538461538
118.33126806548489,553.8461538461538
