ep_returns,ep_lens
133.7360053402306,553.8461538461538
123.234320940456,553.8461538461538
98.60394278848982,480.0
110.81576477391869,553.8461538461538
152.7971941423044,600.0
85.71540096081307,450.0
141.39990630051238,600.0
115.79632519156867,514.2857142857143
125.20835179092892,600.0
151.10683162278562,600.0
125.86207380761317,553.8461538461538
120.19750494879408,514.2857142857143
113.03398445223665,514.2857142857143
139.1169608217277,553.8461538461538
109.66101347195095,514.2857142857143
150.02884339968367,600.0
147.49212294579246,600.0
133.7958870250209,600.0
121.24565847949331,553.8461538461538
121.7235319223684,553.8461538461538
157.22363952572317,553.8461538461538
129.19864186171975,553.8461538461538
150.0967367935676,600.0
119.75590050890929,480.0
88.40080586498695,450.0
127.70540410454859,553.8461538461538
123.35487765290166,553.8461538461538
104.57338066312171,514.2857142857143
133.3455713436336,600.0
139.8175474164399,600.0
141.0901923992454,600.0
123.53539195411835,553.8461538461538
127.51154657107581,600.0
150.48115594762106,600.0
155.91231114403786,600.0
130.62220724598305,600.0
121.2258691436716,600.0
146.5547880292744,600.0
147.7014328766172,600.0
142.06561669262464,600.0
156.89504574792826,600.0
157.5071379474462,600.0
114.3155649380807,600.0
157.79125206907688,600.0
147.87182884880897,600.0
148.07271788453198,600.0
123.73760792790306,553.8461538461538
146.93031093907538,600.0
143.65166993140036,600.0
163.1239781724281,600.0
138.50084086153709,600.0
144.0913145363622,600.0
135.16994900159526,553.8461538461538
160.9830169061125,600.0
134.4526828517262,600.0
137.05299556170897,553.8461538461538
139.09096067086472,553.8461538461538
166.29244527014404,600.0
149.41645044727343,600.0
123.76619269472184,553.8461538461538
128.48722703331114,600.0
142.35524839283008,600.0
145.7644212005942,553.8461538461538
154.02504522153507,600.0
130.0688323697464,600.0
108.65659156187567,514.2857142857143
146.50352978347138,600.0
142.45520203359234,600.0
150.86174710202167,600.0
152.1336035878559,600.0
110.01223153608215,514.2857142857143
142.7687637132832,600.0
146.56578431185565,600.0
147.649224643183,600.0
129.13475766959547,600.0
154.88668554133957,600.0
166.00696938459933,600.0
156.54906613697813,600.0
144.05795101946904,553.8461538461538
154.6299913030102,600.0
161.1357202541067,600.0
117.84908905855424,514.2857142857143
172.05045571490226,600.0
155.05443498266115,600.0
137.66538019580634,600.0
103.00867542990495,480.0
130.0472685635896,553.8461538461538
121.8485591936919,553.8461538461538
163.34395659932807,600.0
156.85429757348058,553.8461538461538
162.5869352531359,553.8461538461538
154.92232153433636,600.0
161.31196743173936,600.0
182.83996611197915,600.0
154.32806935081715,553.8461538461538
174.9443240928107,600.0
134.1568505838217,514.2857142857143
153.43278413115536,553.8461538461538
149.28987426842804,600.0
126.25438351382911,514.2857142857143
136.6727561787074,514.2857142857143
141.19798170723033,553.8461538461538
164.44024767549453,600.0
166.49286432174742,600.0
154.1828576852902,553.8461538461538
163.44849067438426,600.0
167.07908521892028,600.0
171.96040568817173,600.0
145.9133549616387,553.8461538461538
159.0822691542916,600.0
163.25202429642675,600.0
162.23341228460745,600.0
150.8620911611324,600.0
169.15559421948066,600.0
167.99496425996594,600.0
148.4007666625083,600.0
159.3239883800418,600.0
175.13669261181903,600.0
167.7503194292929,600.0
141.2133158032547,600.0
127.57446428019547,514.2857142857143
158.34088532663569,600.0
151.75839606871716,600.0
148.70574918080146,600.0
149.26332318460274,600.0
150.18541579455368,600.0
146.1732620252414,600.0
142.61350099526,600.0
121.47202260687028,514.2857142857143
158.2367427411846,553.8461538461538
139.11257599061926,553.8461538461538
120.37476378582235,553.8461538461538
150.20617433114705,600.0
125.46552282204168,553.8461538461538
159.748017699148,600.0
150.29274810971438,600.0
136.8391642509885,600.0
157.48747019502284,600.0
159.98993335189047,600.0
138.12885107684727,600.0
159.77116346653315,600.0
138.58111221801906,600.0
171.0164633144069,600.0
152.9556409276431,600.0
166.99512644801078,600.0
123.85019624163967,600.0
143.02671092659585,553.8461538461538
147.63426413736076,600.0
154.4154052700012,600.0
155.37315728683535,600.0
128.60546791676936,600.0
138.51314180645588,553.8461538461538
110.3463529076733,514.2857142857143
156.23683430909173,600.0
170.23041211153932,600.0
131.73007521517127,553.8461538461538
113.16038940316427,480.0
121.08153223396968,553.8461538461538
118.85348494852512,514.2857142857143
132.96427152645919,553.8461538461538
104.52887190771904,450.0
138.2164768625778,514.2857142857143
138.5807161640365,553.8461538461538
172.447763230766,600.0
149.7484138653928,600.0
108.12066308222843,480.0
113.45288104266635,423.52941176470586
137.09260541263728,514.2857142857143
127.89694230463995,514.2857142857143
110.67049367175039,480.0
102.14295082136071,514.2857142857143
147.31020632276284,553.8461538461538
114.75095463446905,450.0
138.21268798848502,514.2857142857143
126.4102760246989,514.2857142857143
146.7103940947909,553.8461538461538
144.19830373274647,553.8461538461538
120.66519606146949,514.2857142857143
178.23347917969406,600.0
142.35139510732287,600.0
121.65689743140142,514.2857142857143
134.03767090132172,600.0
133.60443345897872,514.2857142857143
131.9840898630507,480.0
132.1040401810919,514.2857142857143
137.44886360225883,553.8461538461538
134.76516766055775,514.2857142857143
137.20972603994244,553.8461538461538
97.53541788361309,423.52941176470586
134.42185565889744,553.8461538461538
133.60751532614802,514.2857142857143
119.61758148097223,480.0
106.06908787413836,450.0
183.38823526867915,600.0
131.2867927772075,514.2857142857143
139.16704736271456,514.2857142857143
166.90691713746074,600.0
114.18889764181353,450.0
132.93733957535613,514.2857142857143
122.35086304983902,480.0
101.4453164135476,450.0
112.97518452444656,450.0
123.39337323670402,480.0
144.35636910223664,553.8461538461538
131.84050307403277,553.8461538461538
124.31558844316058,480.0
139.68684323305985,600.0
157.672908761576,600.0
104.51593053006209,450.0
122.87859821445113,480.0
156.46190984979947,600.0
120.54263447806912,480.0
132.3020173188891,514.2857142857143
152.70219503377825,600.0
141.3845141854567,553.8461538461538
147.3476982329747,553.8461538461538
127.86320099296617,480.0
131.52722299593208,553.8461538461538
128.81861960646685,514.2857142857143
86.76194919129546,423.52941176470586
148.08085579704263,600.0
123.56623684636591,480.0
102.54336287123255,450.0
152.59753393250583,600.0
130.98939830509167,514.2857142857143
143.2099292611294,514.2857142857143
100.47398800407018,423.52941176470586
103.5850556017227,480.0
126.35171144667603,514.2857142857143
98.78431337279653,450.0
120.65837380150336,514.2857142857143
126.45575925370488,514.2857142857143
131.98675855992772,514.2857142857143
109.91594732089895,480.0
88.30650129893677,378.94736842105266
124.79317524091934,514.2857142857143
118.10305585407671,480.0
127.59229977171806,514.2857142857143
114.33419867939762,450.0
138.96262268409933,553.8461538461538
125.36126202647516,514.2857142857143
114.33577201067695,450.0
111.72261138996528,450.0
136.46371730210402,514.2857142857143
128.54521712561973,514.2857142857143
138.42564102853754,514.2857142857143
115.98542182234819,480.0
149.93635073605142,600.0
130.44932010057113,514.2857142857143
128.12302565861822,480.0
103.39740791717891,480.0
92.10450810903716,450.0
90.68177373572476,450.0
99.42715323764658,480.0
151.01039678695477,600.0
109.79141114274739,514.2857142857143
99.78168268199175,450.0
102.60050170517715,480.0
116.7063127956243,514.2857142857143
123.02560376135705,514.2857142857143
153.3473412505743,600.0
114.52349946501514,514.2857142857143
126.76065140706163,553.8461538461538
111.1731392425431,553.8461538461538
153.34514536909697,600.0
99.24143128767459,480.0
128.61810376523263,514.2857142857143
113.7160952449489,553.8461538461538
147.65536746881227,600.0
107.96853864234652,514.2857142857143
154.9935056768787,600.0
112.804852964044,514.2857142857143
118.55863719523232,553.8461538461538
126.55710740327062,480.0
136.17009840776802,553.8461538461538
132.79505762642287,514.2857142857143
113.3608911903885,514.2857142857143
103.56933072397912,514.2857142857143
118.5524897749434,514.2857142857143
104.42026792389548,480.0
117.60983987825307,514.2857142857143
105.62330976157082,514.2857142857143
125.52774392815441,514.2857142857143
145.9824439052614,553.8461538461538
156.3683710440128,600.0
143.30374211242273,553.8461538461538
142.04242777720336,553.8461538461538
128.8432743278358,553.8461538461538
121.04932451488888,600.0
120.87579752980757,514.2857142857143
116.08046125686381,480.0
106.29121337330568,553.8461538461538
132.9836370641546,514.2857142857143
130.08729205067777,514.2857142857143
127.0067954672949,514.2857142857143
166.4623398001953,600.0
162.60120044637907,600.0
98.98233727875,514.2857142857143
121.21473157845918,553.8461538461538
111.16409497285011,480.0
139.02975752156425,553.8461538461538
126.57980759285216,553.8461538461538
147.9948720140987,514.2857142857143
165.68383082585484,553.8461538461538
162.15199458772426,600.0
115.3165216953302,514.2857142857143
166.1595147856431,553.8461538461538
133.68194894541836,514.2857142857143
135.63443815430998,514.2857142857143
111.3588268864205,450.0
108.10477523205574,480.0
118.99053198591787,480.0
179.8523808446669,600.0
132.87548855018798,553.8461538461538
151.92599605236197,600.0
102.14219039851227,480.0
105.04354080500914,480.0
142.19044246786186,514.2857142857143
139.13054378897635,553.8461538461538
145.70631006473485,553.8461538461538
108.09764406385067,480.0
160.18157481558134,600.0
120.63984541727895,514.2857142857143
125.85847183379528,514.2857142857143
92.60055479572671,450.0
153.77765777123085,514.2857142857143
112.25709702508343,514.2857142857143
115.22688991059532,450.0
134.81681260637546,514.2857142857143
137.40216136146321,553.8461538461538
165.07888412945616,553.8461538461538
115.28924670903396,514.2857142857143
158.79045717008464,600.0
124.04302174181055,514.2857142857143
145.5794987544005,553.8461538461538
135.39323769470616,514.2857142857143
153.92111150991596,600.0
139.71798796830606,553.8461538461538
135.73645187061572,553.8461538461538
153.73213408332805,553.8461538461538
98.73603195566989,450.0
129.7436695982764,514.2857142857143
95.16693986038904,480.0
103.78704257188339,450.0
141.0431003908721,514.2857142857143
97.33353476487649,400.0
109.98552357222235,480.0
106.6228106049978,423.52941176470586
142.82930706552952,553.8461538461538
97.05537275729665,480.0
115.95847588761643,450.0
150.17678481222904,553.8461538461538
75.72695850356698,400.0
127.63852524224232,514.2857142857143
148.6593870616592,553.8461538461538
146.3155744185485,553.8461538461538
108.88702917722854,514.2857142857143
151.8272847811916,553.8461538461538
86.15611104559909,423.52941176470586
102.360035678976,480.0
134.58878777008513,553.8461538461538
100.23634091867333,450.0
128.7438461975394,514.2857142857143
152.21732160580925,600.0
144.52670703205837,553.8461538461538
133.11026734452636,553.8461538461538
95.59937138224852,423.52941176470586
155.69777252849192,553.8461538461538
117.76453029096584,480.0
140.07838288536394,600.0
118.13492273064811,514.2857142857143
150.52464960819148,600.0
117.88979875464862,553.8461538461538
112.71956291623246,480.0
138.22403559759434,553.8461538461538
135.83100769692012,514.2857142857143
106.9668990285219,480.0
106.78401761330086,514.2857142857143
122.74471596318655,514.2857142857143
113.4009713733769,480.0
158.20893075371347,600.0
166.46570497453004,600.0
91.64573156767214,423.52941176470586
90.98958863220562,423.52941176470586
149.37372372277696,553.8461538461538
136.20366607235943,514.2857142857143
175.39464797777308,600.0
128.55754156946918,514.2857142857143
148.68962921542735,553.8461538461538
139.2444503502192,553.8461538461538
140.07570660171967,514.2857142857143
111.0296139381758,450.0
155.2517330189866,600.0
126.83256937626905,480.0
136.31505852346405,514.2857142857143
122.65215203310011,480.0
157.66167731118387,600.0
105.67480114608011,450.0
143.33282888171374,553.8461538461538
126.04959288337987,553.8461538461538
151.08130225056544,553.8461538461538
130.3893292692412,514.2857142857143
143.13129344036378,514.2857142857143
143.3264450877492,514.2857142857143
116.65026756704519,480.0
156.5732647754143,600.0
131.09213912703532,553.8461538461538
131.03351358784326,600.0
168.94620226403478,553.8461538461538
133.39121553854767,480.0
151.49995864257764,553.8461538461538
120.01922480083866,514.2857142857143
161.11157782062085,600.0
123.0123734313084,514.2857142857143
129.12850164364667,553.8461538461538
86.28410259915543,423.52941176470586
116.39612310431542,480.0
84.3617088649811,423.52941176470586
129.56860268922932,553.8461538461538
137.2304808397771,553.8461538461538
132.96890507712737,553.8461538461538
110.50735502306505,514.2857142857143
92.19199280787137,450.0
122.25903939812041,480.0
121.15520017362044,514.2857142857143
147.4603933904775,600.0
127.1340396188102,553.8461538461538
139.8777597218428,514.2857142857143
143.757966220208,553.8461538461538
129.43842465483883,514.2857142857143
115.9764920551038,553.8461538461538
152.3142145989992,600.0
110.77406505674804,450.0
138.3380379953069,553.8461538461538
135.75992174720062,553.8461538461538
142.3286718665252,553.8461538461538
125.5181966302259,514.2857142857143
132.05498689166913,514.2857142857143
101.84385434275576,450.0
107.0155840714074,480.0
141.22456588620923,553.8461538461538
129.7849582565465,514.2857142857143
128.34614319932322,514.2857142857143
160.00893498308596,553.8461538461538
105.56716055985939,450.0
138.97898960411277,514.2857142857143
127.33668602582084,514.2857142857143
131.84439631273594,553.8461538461538
109.76416008156399,480.0
125.9464977708549,514.2857142857143
99.62433896048516,480.0
119.78295242468403,553.8461538461538
137.17846628436928,553.8461538461538
79.512852200851,450.0
88.84712046335176,514.2857142857143
84.08336371329389,450.0
85.55898009413416,514.2857142857143
91.42803287171046,480.0
80.86061614058285,514.2857142857143
86.08344909241954,480.0
82.05023499081497,450.0
78.34253937841744,553.8461538461538
115.45660054904823,600.0
109.41216705118808,600.0
100.32018490715646,480.0
85.40118783146775,514.2857142857143
80.1354272915797,480.0
102.66630473480079,553.8461538461538
103.02681909832269,600.0
91.57831012543559,480.0
122.04707501979465,553.8461538461538
95.9030771089677,480.0
120.5096134992099,553.8461538461538
113.45178664035939,600.0
88.907811477847,480.0
78.90268703549481,450.0
113.33275083064554,553.8461538461538
148.775924519308,600.0
118.12664101990079,514.2857142857143
81.95584159630609,480.0
92.43044429313571,480.0
81.14353533839316,514.2857142857143
106.86860955888963,514.2857142857143
84.88968119346856,480.0
82.3687688666384,514.2857142857143
94.38727501179288,514.2857142857143
107.25114535479146,553.8461538461538
114.97065644548184,553.8461538461538
106.46045059229806,600.0
70.03967570841702,450.0
107.74763615692581,553.8461538461538
91.77235987890988,514.2857142857143
127.53557629812178,514.2857142857143
84.40488635105956,514.2857142857143
106.2050993529585,514.2857142857143
117.95730691370385,553.8461538461538
104.27101731696197,553.8461538461538
106.10177774296095,514.2857142857143
82.6720062902236,480.0
73.56345547315999,450.0
114.34496427119434,514.2857142857143
109.38025613453637,553.8461538461538
107.14939053398827,514.2857142857143
140.66033960873753,600.0
125.96076069152689,600.0
92.88896685323196,514.2857142857143
100.36351132532178,553.8461538461538
104.82095630216824,514.2857142857143
110.30453027159261,514.2857142857143
121.58876302958127,553.8461538461538
109.00471494357689,514.2857142857143
78.75879132817286,423.52941176470586
108.80099664942057,553.8461538461538
84.15009127459835,480.0
91.41357010173681,514.2857142857143
77.40482442372544,450.0
91.25407490810633,450.0
91.26430906425031,480.0
108.88439752156098,600.0
80.08580495314548,423.52941176470586
107.29252283574397,514.2857142857143
93.80892342800452,480.0
96.78758327389201,480.0
104.67138709820131,514.2857142857143
87.33460505002867,480.0
93.2216379525123,480.0
111.12125168301354,514.2857142857143
68.92663109741717,423.52941176470586
95.8880312052177,480.0
65.90863119774832,450.0
101.81565895325073,553.8461538461538
105.41008617660962,514.2857142857143
67.69432745341693,400.0
91.1384397634822,450.0
127.67689199484646,553.8461538461538
94.82021070206542,514.2857142857143
108.47289376805885,553.8461538461538
117.47318352104337,553.8461538461538
75.46014236916783,480.0
99.03936199098668,553.8461538461538
121.40120279950851,553.8461538461538
128.80165594564937,600.0
91.81969777411967,480.0
111.89128156408393,553.8461538461538
110.62238357019832,514.2857142857143
95.84592632561696,480.0
134.59159342199493,553.8461538461538
104.1052205436599,553.8461538461538
111.09556253430644,553.8461538461538
114.90540535148155,553.8461538461538
102.73077306940317,553.8461538461538
99.30024630136012,553.8461538461538
135.59688828128517,600.0
97.97853941402707,450.0
115.12908925212801,514.2857142857143
142.59574769157527,600.0
134.6596394752467,553.8461538461538
100.78423422030133,514.2857142857143
88.24763864508851,514.2857142857143
129.42408903950914,514.2857142857143
163.4055325191221,600.0
120.72439618719874,553.8461538461538
109.21189042908216,514.2857142857143
118.51501777980287,553.8461538461538
80.53320753502221,480.0
124.6836589799058,514.2857142857143
105.76277537270406,514.2857142857143
151.2803386192535,600.0
134.3248577677305,553.8461538461538
98.50221794566042,514.2857142857143
107.66450369913012,480.0
122.29215468940542,514.2857142857143
143.3289774032044,600.0
89.37571259620785,480.0
107.38573163003474,480.0
113.26627609891987,553.8461538461538
134.0109148080974,553.8461538461538
113.64311615735016,600.0
105.36163826882738,553.8461538461538
107.74777853279679,514.2857142857143
91.28615175004721,450.0
110.40067254613393,514.2857142857143
117.8588927951988,514.2857142857143
106.26265921812131,480.0
115.83911711085781,480.0
126.07693933428824,514.2857142857143
85.61226696460295,423.52941176470586
117.12914093744301,480.0
135.03586958796672,514.2857142857143
136.01860414030355,553.8461538461538
80.85907148262143,423.52941176470586
145.72470027723008,553.8461538461538
127.10716455027207,553.8461538461538
135.7672669155716,553.8461538461538
92.12111770224693,480.0
125.20881938215665,553.8461538461538
135.2576571441142,600.0
127.03878543070864,514.2857142857143
134.78943413639084,553.8461538461538
139.49532955979623,553.8461538461538
111.26158307928924,480.0
93.40456446818534,480.0
157.54425064939252,600.0
91.17535657642097,450.0
115.91839049101216,480.0
121.04904663738078,514.2857142857143
140.84733353646064,600.0
112.8576600397835,514.2857142857143
133.58833309704713,553.8461538461538
96.40875950019924,480.0
107.23637095061557,514.2857142857143
158.28929559158414,600.0
80.22578629473175,423.52941176470586
110.19006908167401,514.2857142857143
112.68239051988574,480.0
114.37352259969755,553.8461538461538
144.2726684005314,553.8461538461538
120.40213729637064,553.8461538461538
130.53324166847042,600.0
119.03486512683808,514.2857142857143
132.27238674016368,553.8461538461538
133.34833815341557,514.2857142857143
125.3218792878719,514.2857142857143
132.32231066650928,514.2857142857143
108.96330807543467,480.0
113.2559004134853,480.0
136.3489726296081,514.2857142857143
161.4530936017419,600.0
111.44415439761146,514.2857142857143
129.75079983813208,514.2857142857143
140.48227169014754,600.0
146.5394533343777,553.8461538461538
111.26873781224087,553.8461538461538
102.37802724844272,553.8461538461538
102.06365972213408,480.0
138.81635697919964,600.0
140.68510673088,600.0
119.09236671045262,514.2857142857143
123.02198770061605,514.2857142857143
119.56441879329239,553.8461538461538
112.88031817035112,480.0
106.20630759829922,514.2857142857143
120.14014615666851,480.0
94.87919077958199,450.0
118.18040250346847,480.0
155.51516226038083,600.0
85.1113504442934,480.0
127.9335485018041,514.2857142857143
128.0605317635497,553.8461538461538
118.28085927694262,514.2857142857143
97.36161927461146,450.0
137.52042116138372,553.8461538461538
160.85482941716597,600.0
103.81134222577792,480.0
122.38720101456725,514.2857142857143
96.79849177584285,450.0
111.34800842883405,480.0
128.8929535606537,514.2857142857143
126.91290646649739,514.2857142857143
139.1559406498827,553.8461538461538
94.53417104262579,480.0
138.39236151553044,553.8461538461538
134.91413114030624,514.2857142857143
126.54700762091952,480.0
136.94270738733942,553.8461538461538
105.63685299898,480.0
112.24664157720028,514.2857142857143
82.39506594680212,450.0
122.95057899610887,514.2857142857143
95.72146764323601,514.2857142857143
117.78358491948916,514.2857142857143
81.85005771721383,378.94736842105266
132.00203461668076,553.8461538461538
125.42806274384164,553.8461538461538
86.84841789780424,423.52941176470586
126.6505513591679,514.2857142857143
115.25236418378094,514.2857142857143
142.4052960188898,600.0
97.61541809820946,480.0
97.84119563987747,480.0
105.49817975750699,480.0
108.69187633126874,450.0
117.29807133799845,480.0
128.70631031309796,553.8461538461538
128.65147370129756,553.8461538461538
100.10262592407824,450.0
103.1025047395202,480.0
122.93636639673879,600.0
110.85500695485588,480.0
108.32485200290016,480.0
133.71196052128013,553.8461538461538
114.9595116678247,514.2857142857143
129.18491753794612,553.8461538461538
98.94644756417112,480.0
96.4429256100925,480.0
81.11706888709095,400.0
114.94496296089316,480.0
105.08429006926895,480.0
104.76768928248016,480.0
89.4291509724153,450.0
118.28382935717971,514.2857142857143
149.4475877261626,600.0
99.34795843726177,450.0
156.94642096260944,600.0
106.45463939470218,450.0
106.87266224722217,480.0
109.13492063915915,480.0
149.46833792724573,553.8461538461538
132.73749517427993,600.0
116.49811724483433,514.2857142857143
158.08877540978705,553.8461538461538
118.01676688096207,514.2857142857143
136.83004212929865,553.8461538461538
122.28782121417855,480.0
151.5977003110229,553.8461538461538
163.29042418356656,600.0
136.33415914522587,553.8461538461538
127.66454975034056,514.2857142857143
106.3091144886673,480.0
135.63977470083998,553.8461538461538
142.7842325890891,553.8461538461538
140.66437096098014,553.8461538461538
135.21441753306405,553.8461538461538
123.89055254209293,514.2857142857143
149.03996767810165,600.0
125.94903728738788,514.2857142857143
142.3918690107138,600.0
123.34345421856906,553.8461538461538
107.58899080285428,514.2857142857143
125.45351005804338,480.0
153.4111915377811,600.0
156.9154983987876,600.0
117.46569544847577,480.0
117.44818984968664,480.0
102.05815234088271,480.0
112.29584372573036,480.0
154.42596197883793,600.0
107.55899442202167,450.0
110.82625170170633,553.8461538461538
172.30572194844493,600.0
122.38051642018436,553.8461538461538
156.0761950922525,600.0
128.37135382646676,553.8461538461538
112.79845338382142,514.2857142857143
132.87875903812062,553.8461538461538
117.29114304073705,480.0
119.30792868302981,514.2857142857143
139.46014545187944,553.8461538461538
137.05732146066038,553.8461538461538
148.82808946833092,600.0
134.47441676490715,553.8461538461538
83.39703695887779,450.0
129.24328875838418,514.2857142857143
147.08889072137538,553.8461538461538
87.51516621572452,450.0
110.3731988191768,480.0
131.74861296795692,553.8461538461538
135.3406853755765,553.8461538461538
111.92640042771306,514.2857142857143
104.63205927174756,480.0
157.8391496730936,553.8461538461538
124.88217233852694,553.8461538461538
119.12343303026344,480.0
103.88401931682539,514.2857142857143
89.49012673811883,480.0
121.0787464609962,514.2857142857143
159.76503932369363,600.0
121.51572258001191,553.8461538461538
117.18293801765876,514.2857142857143
133.48471088184633,600.0
132.44393704251436,600.0
114.27824537476373,514.2857142857143
96.9341755623941,480.0
119.02691648900151,553.8461538461538
130.32580723189983,553.8461538461538
78.117609638907,423.52941176470586
100.7062972992315,480.0
140.743892371985,600.0
103.38782125820524,514.2857142857143
106.7177703947037,480.0
133.31610987272896,553.8461538461538
118.86278410116945,514.2857142857143
125.09348891635788,553.8461538461538
147.09094913368753,600.0
112.61839934870957,553.8461538461538
61.561844510746056,378.94736842105266
117.22407411826558,514.2857142857143
87.35919186304055,480.0
105.19021592935202,480.0
113.26196211704789,514.2857142857143
137.7676674935466,600.0
114.25005173911808,480.0
110.53397923155782,480.0
115.40664690754413,514.2857142857143
101.97051596472306,514.2857142857143
116.5199613415622,553.8461538461538
145.8719683605968,600.0
114.83527153613774,480.0
98.96153806791217,480.0
105.71935790658348,553.8461538461538
84.30627355231286,450.0
101.26031230016108,480.0
108.62514627154752,553.8461538461538
117.00166049871667,514.2857142857143
115.793697232572,514.2857142857143
131.54811008552906,553.8461538461538
137.22773284037706,553.8461538461538
62.93216468018517,378.94736842105266
136.92883623409554,553.8461538461538
90.72806530161161,423.52941176470586
101.61413965760897,480.0
108.96213097776773,514.2857142857143
151.61908865282214,553.8461538461538
140.6193419188534,553.8461538461538
100.2581334138528,514.2857142857143
78.89317861420858,450.0
141.84950871955664,553.8461538461538
132.682929335632,553.8461538461538
104.98267838435726,480.0
152.1868135500279,600.0
97.12708471220324,553.8461538461538
122.40740200765825,553.8461538461538
120.32033105549051,600.0
128.67949314219035,553.8461538461538
106.53675648394852,480.0
137.8021050574486,553.8461538461538
126.1943919864124,553.8461538461538
119.72499430996722,514.2857142857143
95.2881249601695,480.0
145.33381094390563,553.8461538461538
126.45864913808539,514.2857142857143
98.19093004959659,480.0
152.43376513374892,600.0
120.04141051894177,514.2857142857143
109.76039473123704,514.2857142857143
140.88658256624325,600.0
123.38123750623242,514.2857142857143
114.69061884450736,553.8461538461538
117.68780616237771,514.2857142857143
106.47342529603517,514.2857142857143
81.10950964406234,450.0
118.02723074657118,514.2857142857143
115.67564992987081,553.8461538461538
86.33669141485274,480.0
96.0391587564077,450.0
120.0683423168022,600.0
123.79241740323413,514.2857142857143
151.2143128219928,553.8461538461538
165.16149743771015,600.0
150.83765981569692,600.0
91.1489336295675,480.0
135.93157053818848,553.8461538461538
154.2033887327086,600.0
101.07788389403791,480.0
138.54031235874245,553.8461538461538
132.65035571660016,600.0
107.84835946130228,480.0
128.91307319409626,514.2857142857143
95.19977320848294,514.2857142857143
133.12909242351984,553.8461538461538
109.52930526635089,514.2857142857143
134.74215962560095,553.8461538461538
104.89485502349193,514.2857142857143
158.02187236910413,600.0
103.58362614860641,450.0
139.53474510946455,553.8461538461538
108.29987896802555,480.0
87.68411082048851,480.0
107.21245372649226,553.8461538461538
112.92633928264202,514.2857142857143
126.65679338387571,553.8461538461538
122.9033387686111,553.8461538461538
113.2848030538996,553.8461538461538
116.03526137127818,553.8461538461538
102.20269512500617,480.0
100.68195708845728,514.2857142857143
80.95958825142108,450.0
129.4983659473897,553.8461538461538
118.40136732152963,553.8461538461538
122.08658956897492,514.2857142857143
122.86830026212236,553.8461538461538
114.23886885415098,514.2857142857143
93.92429096780332,514.2857142857143
145.24698175872643,600.0
134.68941313834372,553.8461538461538
131.67988186289662,600.0
119.36453491070053,553.8461538461538
143.00201807311228,553.8461538461538
108.66340457981198,514.2857142857143
99.01073195322394,480.0
134.84770891360824,600.0
133.46865649974845,514.2857142857143
115.46231883339894,514.2857142857143
143.2053425216227,553.8461538461538
95.85667184666843,450.0
108.48894795019032,553.8461538461538
129.410121610019,514.2857142857143
118.13086671928866,553.8461538461538
90.67874159742617,480.0
153.59726896151867,600.0
152.03190980815518,553.8461538461538
146.55807677198226,553.8461538461538
143.94449924950771,600.0
121.12098520709186,514.2857142857143
87.48624066235345,450.0
118.12364245107786,553.8461538461538
122.32293206972888,514.2857142857143
132.4055106580887,553.8461538461538
98.23002175084463,480.0
153.70995868290717,600.0
116.14067046428163,514.2857142857143
106.72063445775562,450.0
109.35010715723077,480.0
126.50767664793774,553.8461538461538
105.5935221031848,514.2857142857143
89.95157320342484,514.2857142857143
128.73869937819185,514.2857142857143
108.55771053656916,514.2857142857143
99.09908652475583,514.2857142857143
106.17207467946638,480.0
133.09237498132805,600.0
114.06004767019442,514.2857142857143
118.9480113077011,553.8461538461538
121.16310333317331,514.2857142857143
130.93936893671082,553.8461538461538
147.19284950748255,553.8461538461538
138.2026255757022,600.0
121.25711955701522,553.8461538461538
100.34623359819395,553.8461538461538
125.92473807240914,514.2857142857143
114.92630551929042,514.2857142857143
91.79543426073924,480.0
122.68137613770149,553.8461538461538
116.5284158909616,600.0
72.14754098695363,480.0
124.3736580032779,514.2857142857143
125.30503527536692,514.2857142857143
84.32845587872873,423.52941176470586
120.8701626997751,514.2857142857143
112.2705889879666,600.0
142.29480427466748,553.8461538461538
110.09153119905169,514.2857142857143
100.41649257090184,514.2857142857143
124.67029800033471,553.8461538461538
116.2482375492492,514.2857142857143
94.54169194164112,480.0
104.53088781529412,514.2857142857143
123.89765592895353,514.2857142857143
109.46145718230721,553.8461538461538
131.3075167357361,553.8461538461538
127.40297406769088,600.0
74.5442403934929,423.52941176470586
139.9307012762251,600.0
151.47901817660104,600.0
104.01962774200342,553.8461538461538
126.95890060760576,600.0
84.11125780487596,423.52941176470586
98.52390678613786,450.0
92.28517285635168,450.0
137.38308817212527,553.8461538461538
101.70963784263832,514.2857142857143
97.75407480890846,553.8461538461538
128.30515258029476,553.8461538461538
96.2987232732076,450.0
108.96710253732503,514.2857142857143
125.14310825639139,553.8461538461538
80.09807062035699,450.0
120.6836990657582,553.8461538461538
111.33610117379602,553.8461538461538
86.9933072620935,480.0
92.2535461059779,514.2857142857143
142.60357472497694,600.0
103.01428396924013,600.0
134.92701936549022,600.0
133.2296758117923,553.8461538461538
107.90437981915532,553.8461538461538
137.36443026388164,553.8461538461538
111.98598543727144,514.2857142857143
118.36809471012847,553.8461538461538
127.68290850520776,553.8461538461538
147.06115059744866,600.0
101.29721682373619,514.2857142857143
92.84202348561475,514.2857142857143
91.43067000962473,480.0
134.4090337915205,600.0
121.61735252372961,553.8461538461538
137.47622802790744,600.0
98.30422345833398,553.8461538461538
129.55559598095158,553.8461538461538
145.0860148634431,553.8461538461538
108.46448232117801,514.2857142857143
129.02845565895555,514.2857142857143
135.21183556859003,553.8461538461538
147.44977545135492,600.0
141.0231312500819,600.0
111.59295517716792,514.2857142857143
133.19627040619693,600.0
122.60723071595439,514.2857142857143
100.43096880126546,480.0
137.968063780246,600.0
103.78329767978182,553.8461538461538
132.42915543418192,514.2857142857143
112.99764263919397,553.8461538461538
82.18385160798098,480.0
93.62423104453158,514.2857142857143
86.60655380819286,480.0
135.92194088796447,553.8461538461538
123.38686413885839,514.2857142857143
113.4381750731979,600.0
96.78090036557953,514.2857142857143
109.75112576359216,480.0
116.0759854244608,514.2857142857143
128.6584896473973,553.8461538461538
132.15292268590855,553.8461538461538
107.51630642043898,480.0
121.22665732231589,514.2857142857143
109.90858721221618,480.0
99.93666831480597,514.2857142857143
106.89764520079598,514.2857142857143
114.59152438504324,553.8461538461538
92.55159828403546,480.0
127.8306372529346,553.8461538461538
113.22357401941206,514.2857142857143
116.97941601444072,514.2857142857143
104.6650641085143,514.2857142857143
137.24659417973984,600.0
91.93823353146472,514.2857142857143
140.2507057072806,553.8461538461538
63.055559404665566,423.52941176470586
108.44886911551005,480.0
97.40984275577048,480.0
121.63898739790339,553.8461538461538
109.98410569917641,480.0
111.06197286490145,514.2857142857143
91.70326863074374,450.0
113.90225452429385,480.0
119.36360099265549,553.8461538461538
108.74898942516367,514.2857142857143
125.30649325510319,600.0
116.03044321866811,553.8461538461538
95.49592666975627,480.0
104.95305498186393,514.2857142857143
131.73986145607861,553.8461538461538
114.86471878741897,553.8461538461538
109.41283038974909,553.8461538461538
103.79862266156849,514.2857142857143
137.2740649242599,553.8461538461538
101.29989047039265,480.0
116.13510717831561,553.8461538461538
96.40356971454652,450.0
103.6740255368069,480.0
110.12966582811949,514.2857142857143
109.38822399602077,553.8461538461538
86.11915447628242,480.0
132.43581920065216,600.0
104.00175300170937,480.0
93.4362251627838,514.2857142857143
112.28567578995153,514.2857142857143
129.44459410902735,553.8461538461538
107.16402294285919,553.8461538461538
91.04313827436593,480.0
109.64921011076262,480.0
122.6813469358167,514.2857142857143
119.34127937385726,553.8461538461538
64.63015818364184,400.0
122.40638415341755,553.8461538461538
103.02668652054483,480.0
100.18932554957985,514.2857142857143
88.95293633896004,480.0
114.13163262859305,553.8461538461538
118.84994087207659,514.2857142857143
117.63376216826137,553.8461538461538
116.67096465370163,514.2857142857143
128.49951667161378,553.8461538461538
112.53887271434748,553.8461538461538
112.41714364195983,480.0
114.12988978210318,514.2857142857143
107.59215232418003,480.0
81.5556236017548,423.52941176470586
129.65781322346112,553.8461538461538
112.23289092763905,553.8461538461538
123.00943157832116,514.2857142857143
113.88347415200353,480.0
83.11962936833076,480.0
103.57155324361779,514.2857142857143
119.374736607838,553.8461538461538
107.46630712220924,514.2857142857143
127.44316983227873,553.8461538461538
95.84983288014895,514.2857142857143
97.60697150482709,480.0
90.92481511145603,514.2857142857143
95.13374568892796,514.2857142857143
90.18686871784755,480.0
125.56287925934173,553.8461538461538
111.70425392706544,553.8461538461538
116.1243613878183,553.8461538461538
108.22107711935408,514.2857142857143
86.48573369892557,450.0
87.22306023788835,450.0
136.2092260811146,600.0
107.05039153464516,480.0
135.20959979197136,600.0
95.135712622387,514.2857142857143
111.33841077659837,514.2857142857143
109.59962723601653,514.2857142857143
104.5808358673294,514.2857142857143
130.32216609146565,553.8461538461538
97.49890222015124,480.0
125.1743726410478,553.8461538461538
100.31368943546263,514.2857142857143
89.86064229270171,450.0
103.25291568656006,514.2857142857143
93.64623765449313,450.0
101.85909952523312,514.2857142857143
116.76514164920103,514.2857142857143
104.76929873853919,514.2857142857143
113.42096828042325,553.8461538461538
111.38444314869389,553.8461538461538
96.17508125953992,450.0
129.88694360064736,553.8461538461538
101.045465363891,514.2857142857143
99.21232283221867,480.0
105.0657046940372,514.2857142857143
120.44648505122413,553.8461538461538
88.36148522807406,480.0
119.04711240150233,514.2857142857143
139.49464596766668,600.0
109.09446698906206,553.8461538461538
125.7505642055858,600.0
102.13940905385789,450.0
123.2855059848498,553.8461538461538
120.7323231091129,514.2857142857143
81.35347717823299,450.0
118.0338331544684,553.8461538461538
107.76090949475994,514.2857142857143
137.91698626828153,553.8461538461538
106.3788823100979,514.2857142857143
118.91233654212338,514.2857142857143
99.55725129402799,480.0
108.07814274910652,480.0
141.67806738177163,600.0
124.90149625590008,553.8461538461538
111.79001973483108,514.2857142857143
141.55414228045635,600.0
127.2584301968439,600.0
83.12938526102246,423.52941176470586
105.53844010766421,480.0
103.61590724262233,480.0
114.57067613930569,514.2857142857143
112.0281508101957,514.2857142857143
131.81242568538775,600.0
120.6468437940899,514.2857142857143
119.26741372991735,514.2857142857143
110.91555215458621,553.8461538461538
101.64277867807654,514.2857142857143
119.18240336907563,553.8461538461538
112.9132789539652,514.2857142857143
131.93463728467898,514.2857142857143
114.62039227613309,514.2857142857143
114.51965940516439,514.2857142857143
96.58994015062262,514.2857142857143
125.38459963499304,514.2857142857143
114.23170529887832,514.2857142857143
118.5866139613552,514.2857142857143
117.92863673855203,553.8461538461538
133.09537937140735,600.0
101.14266488371754,450.0
93.72406320002897,450.0
92.07875570419782,480.0
117.8129701231587,514.2857142857143
105.79254427068071,480.0
135.04917429470274,553.8461538461538
146.23002743555318,600.0
79.66049018283638,480.0
114.73122941064517,480.0
104.34721532279568,480.0
127.253455386756,553.8461538461538
129.78882728427521,553.8461538461538
139.6776678475534,600.0
136.85594033355827,600.0
118.69275964574103,514.2857142857143
92.06605899977333,514.2857142857143
113.48843973376385,514.2857142857143
134.788782018251,600.0
89.5151723376492,450.0
102.28417488643848,450.0
147.0471769813259,600.0
121.61328910525802,514.2857142857143
124.72411424139497,553.8461538461538
106.24286488017881,480.0
93.60051991281291,450.0
91.1808478333154,423.52941176470586
102.71509289616382,480.0
98.2990844592494,480.0
79.34590902392267,423.52941176470586
130.01404412520557,553.8461538461538
125.6402900410491,553.8461538461538
111.24281125801326,600.0
116.57410573112249,514.2857142857143
91.45791772202438,423.52941176470586
88.04947749390298,450.0
112.13965847182308,514.2857142857143
86.87923644925996,450.0
100.28223625271461,480.0
110.1840965671798,514.2857142857143
72.51601250637894,423.52941176470586
105.91085548915544,514.2857142857143
88.70126725842313,480.0
109.32959596451194,514.2857142857143
104.80888290280524,480.0
109.02373570180734,514.2857142857143
77.78865532483266,450.0
103.9307215797214,480.0
117.38246640298317,553.8461538461538
107.5744684472659,480.0
94.26681285389417,480.0
127.8812077852395,553.8461538461538
106.29788591220834,514.2857142857143
115.8604459690022,480.0
124.58992721256911,553.8461538461538
111.14731409424637,514.2857142857143
64.16426012112974,378.94736842105266
136.55308595767326,553.8461538461538
100.4359098014341,480.0
113.99664230635848,480.0
152.44208991436793,600.0
124.7597005608351,553.8461538461538
93.83754314425066,480.0
108.43148949352344,514.2857142857143
96.19584940813975,450.0
105.91316395817533,514.2857142857143
88.13295000809619,480.0
137.69143175066029,553.8461538461538
98.42944326485676,480.0
146.63911995922203,600.0
75.6994457910366,400.0
91.2528676717711,480.0
114.2095361308368,514.2857142857143
106.61840986607135,553.8461538461538
102.15078360736656,480.0
106.43739092131862,514.2857142857143
142.95662244056388,553.8461538461538
108.77988709262235,553.8461538461538
93.72720130060996,480.0
115.61480888655721,514.2857142857143
115.24444924122159,553.8461538461538
124.22125451008931,514.2857142857143
113.19376091691734,514.2857142857143
112.80452371032241,553.8461538461538
90.38066706979214,450.0
81.10500523854085,400.0
104.70181425360325,480.0
106.9370786856233,514.2857142857143
104.12502324075,480.0
106.23896488894353,514.2857142857143
124.79847555172044,553.8461538461538
107.32420716934611,514.2857142857143
125.41642224614814,553.8461538461538
78.43594371030258,400.0
119.60014460014398,514.2857142857143
117.92589348407184,514.2857142857143
82.01312727626845,450.0
84.09235967374758,480.0
134.07392614090156,553.8461538461538
142.7436683474625,553.8461538461538
118.34875294750034,514.2857142857143
108.57048981359246,553.8461538461538
81.22788014064889,450.0
67.7343791655497,378.94736842105266
101.11626996198852,480.0
101.78897956155771,480.0
66.24114038550844,378.94736842105266
84.64151626721917,423.52941176470586
80.03968677115438,400.0
120.99789533649071,514.2857142857143
89.66040622341976,450.0
97.95215746797074,480.0
86.97082267032874,450.0
100.60515844679468,514.2857142857143
139.62867626844545,600.0
77.80603056828754,423.52941176470586
126.29498145773472,600.0
129.16988245762337,553.8461538461538
100.03337027252753,514.2857142857143
93.35993616535883,514.2857142857143
93.59489708412914,450.0
119.06794309467361,553.8461538461538
129.48032476931263,553.8461538461538
98.00067110437476,514.2857142857143
85.58010290247574,450.0
113.15445107127252,553.8461538461538
109.72725932962281,514.2857142857143
116.60705056741537,514.2857142857143
137.01793385929003,600.0
84.7134349618203,480.0
114.10474576070585,514.2857142857143
100.0793336028903,514.2857142857143
98.71798243049989,553.8461538461538
125.33303965051688,600.0
93.61120890790984,514.2857142857143
105.56640036492291,480.0
96.58079053867402,450.0
119.17123686611916,553.8461538461538
118.44992740881584,553.8461538461538
91.86084208401948,450.0
93.19135087026731,480.0
119.67633901853608,553.8461538461538
100.75105898596374,553.8461538461538
111.3845288723782,480.0
134.66997966304513,600.0
140.93140745313445,553.8461538461538
141.14170596328725,600.0
116.70389245223089,514.2857142857143
114.65824756769524,553.8461538461538
97.84578176583209,480.0
120.18983970458521,514.2857142857143
82.12873052656028,423.52941176470586
94.51296262605887,514.2857142857143
82.05570019669594,450.0
104.18863071600781,514.2857142857143
108.5387662196477,553.8461538461538
139.76734078670125,600.0
120.67984717657535,514.2857142857143
135.75871738587918,553.8461538461538
100.18128382018794,480.0
88.2528709311133,450.0
137.25442259565668,553.8461538461538
110.8963039057094,514.2857142857143
135.31243731910206,553.8461538461538
120.65462360003458,553.8461538461538
108.38570059045193,480.0
100.53399079606055,480.0
107.33531150043214,553.8461538461538
128.8970621075831,600.0
123.80547903519972,514.2857142857143
125.29476858049183,600.0
113.94781040877923,514.2857142857143
92.71499723416366,450.0
105.07160895528735,480.0
131.99651185581254,553.8461538461538
117.14393117532036,514.2857142857143
105.53600695596424,514.2857142857143
94.3147837486301,514.2857142857143
129.58198013032853,553.8461538461538
129.23967930714662,600.0
127.85217397811294,600.0
121.78645583524674,514.2857142857143
82.38573529739013,423.52941176470586
90.13945293409894,480.0
124.29318617944776,553.8461538461538
113.53681480365833,514.2857142857143
123.21381495987036,553.8461538461538
101.75096472711923,480.0
124.29296220226308,514.2857142857143
102.0796072375682,514.2857142857143
80.84587419353667,450.0
92.69362392768046,423.52941176470586
109.08955797826121,553.8461538461538
92.54968465068585,450.0
117.61337335512098,553.8461538461538
114.59105706033928,600.0
107.85560132085467,514.2857142857143
99.24847690975717,514.2857142857143
118.84385868602419,514.2857142857143
125.13201420978235,553.8461538461538
116.85145331276524,553.8461538461538
93.54962789783465,450.0
112.51173049898729,514.2857142857143
118.84033496044711,553.8461538461538
126.77735986878002,553.8461538461538
125.10195856539387,553.8461538461538
105.42842461690795,480.0
80.47712224840285,480.0
111.21176385693715,553.8461538461538
100.92944182912991,514.2857142857143
101.77790903400188,480.0
103.99840582963084,480.0
127.12199717990332,553.8461538461538
114.4861488276302,514.2857142857143
124.12507325249227,553.8461538461538
125.73372822542409,553.8461538461538
111.81894980097195,514.2857142857143
116.95014786763666,600.0
134.81021656143258,600.0
94.08584313278661,423.52941176470586
129.9683807014026,553.8461538461538
96.34550627028867,480.0
103.20371983357829,514.2857142857143
81.43640967644887,423.52941176470586
103.81153988047161,480.0
99.17081884224102,480.0
107.33156053276632,514.2857142857143
90.95303934346984,514.2857142857143
116.32413926595633,514.2857142857143
134.36279385013196,600.0
97.31831255435164,480.0
112.19091998456337,553.8461538461538
119.3161995683087,514.2857142857143
104.09900545116199,480.0
106.62998341995363,514.2857142857143
146.8602315918036,600.0
110.33089978380819,514.2857142857143
74.76616246593001,400.0
111.78182827793121,480.0
113.07704935505396,514.2857142857143
112.92872697960759,514.2857142857143
107.21658066638997,480.0
84.95346566283962,423.52941176470586
112.61909901551219,514.2857142857143
139.9281682800911,600.0
98.59051870507,480.0
104.42367062001814,514.2857142857143
111.29871353747288,514.2857142857143
91.74560469965428,423.52941176470586
105.68416664690243,480.0
99.92618330368582,480.0
103.14482910982998,480.0
94.47848926818926,450.0
130.49457447590632,600.0
86.75017218792532,450.0
109.39206001534956,514.2857142857143
89.61500624904197,480.0
94.20694263037461,480.0
84.55810221531193,480.0
117.87316237487936,553.8461538461538
122.35085176361592,514.2857142857143
84.12142542379861,480.0
95.74324979349218,480.0
90.27716087512862,480.0
68.92688066348018,400.0
116.19353335675171,553.8461538461538
101.20048523907707,480.0
130.88209300030243,553.8461538461538
87.06656689643216,423.52941176470586
84.91847889899354,450.0
131.0977143427569,553.8461538461538
95.18435074142772,450.0
97.19828467315737,480.0
101.07987982489138,480.0
126.80005847437548,553.8461538461538
92.67394460142786,480.0
135.05764072455096,600.0
121.41227636439461,553.8461538461538
91.19373590790096,450.0
101.97422669885849,514.2857142857143
124.81271372497383,514.2857142857143
122.84628735223158,553.8461538461538
109.79729243378961,553.8461538461538
133.156088105602,553.8461538461538
110.08958122008931,480.0
92.53108673091447,450.0
105.43783884261427,514.2857142857143
81.07557646951084,400.0
124.98275759390745,553.8461538461538
121.62270861588621,553.8461538461538
122.18837469290449,553.8461538461538
128.2207007020674,553.8461538461538
125.40716723352949,553.8461538461538
80.4740597022939,423.52941176470586
119.83787238962734,553.8461538461538
146.1631259650747,600.0
92.03293352311695,450.0
74.37741285611128,423.52941176470586
124.17518398273509,514.2857142857143
109.14736872812156,480.0
118.30583124569424,480.0
114.41862787239963,514.2857142857143
102.81196214109976,450.0
109.90112314668737,514.2857142857143
108.05891921582284,553.8461538461538
105.80069748633962,480.0
109.48888435736232,514.2857142857143
84.13643872478139,450.0
115.86314586290145,514.2857142857143
88.07492307386732,480.0
134.91309540618334,553.8461538461538
89.91380767406423,480.0
110.834364414668,480.0
130.07913834616397,514.2857142857143
95.27118929102004,480.0
97.06919244130177,480.0
107.49897061422888,480.0
90.01715506293834,480.0
105.07179397542326,553.8461538461538
106.42836764334524,514.2857142857143
119.0958710471795,553.8461538461538
91.36240515393811,450.0
122.02646839757283,600.0
102.1919342253262,450.0
127.51406688565426,600.0
104.41876613054465,514.2857142857143
111.92902423980182,514.2857142857143
93.29616794538597,450.0
113.94660989421712,514.2857142857143
111.52254916347329,553.8461538461538
130.50896225523746,553.8461538461538
124.17271849585754,553.8461538461538
132.4351070901553,553.8461538461538
78.88993780426587,423.52941176470586
121.9182151397728,514.2857142857143
103.62046649230923,480.0
126.14373067204622,600.0
120.10623392903085,553.8461538461538
141.32723706530172,553.8461538461538
101.2603442110025,480.0
97.78497264716222,450.0
77.37474413191428,400.0
102.28828533444349,514.2857142857143
109.76087831107013,514.2857142857143
107.3226486113716,514.2857142857143
113.0217756555631,514.2857142857143
99.72507554099568,514.2857142857143
88.65082463072636,450.0
107.30439471647054,480.0
105.59904516292146,480.0
136.87637131338727,553.8461538461538
96.24586661068139,480.0
91.45019840903089,480.0
110.4711807610611,514.2857142857143
106.7103174760178,553.8461538461538
104.85179754209146,514.2857142857143
141.84736358129933,553.8461538461538
111.2621399402376,514.2857142857143
130.7560980207745,553.8461538461538
103.21987478489687,480.0
92.41046505965284,423.52941176470586
114.4925304920113,514.2857142857143
111.27382242796327,514.2857142857143
96.0083756840468,450.0
131.24850099217966,600.0
70.93450401174674,423.52941176470586
120.51976977738364,553.8461538461538
90.44677338523498,480.0
88.47681458321638,450.0
117.64214447524158,553.8461538461538
77.55256188662305,423.52941176470586
84.1459117718517,450.0
130.01402031172768,553.8461538461538
135.9529461930764,553.8461538461538
131.44744877561857,553.8461538461538
113.45761332622246,553.8461538461538
140.5678154815995,600.0
120.4984117080735,514.2857142857143
144.27635194980564,600.0
111.57925318280672,514.2857142857143
101.25436790061057,514.2857142857143
125.57018763383871,553.8461538461538
120.72126333815302,514.2857142857143
94.35092697434335,480.0
97.7793040126437,450.0
106.95165123364683,450.0
78.21154822045177,378.94736842105266
100.26259825146713,450.0
104.61436329037359,480.0
96.69908088430839,450.0
109.99306531829528,514.2857142857143
100.39072068623878,480.0
120.06329337656163,553.8461538461538
107.76976488352558,553.8461538461538
100.89878927266787,450.0
108.31215379849496,553.8461538461538
115.51334415106307,553.8461538461538
89.4439647374491,423.52941176470586
119.36509875255261,553.8461538461538
119.63852210320623,553.8461538461538
141.5719833277999,600.0
115.00500207329723,514.2857142857143
120.80416524847969,514.2857142857143
156.40790131793435,600.0
115.20837768292266,514.2857142857143
73.99734732146777,450.0
124.13853521643355,553.8461538461538
115.33079256162763,553.8461538461538
122.02254102692191,553.8461538461538
108.53367164641557,553.8461538461538
106.72788992499692,514.2857142857143
111.17447221710766,514.2857142857143
114.89479920960216,553.8461538461538
99.10021552060073,514.2857142857143
96.85925912222774,480.0
95.57067621869982,480.0
88.02494914922026,480.0
153.03921485646921,600.0
103.78303878156301,514.2857142857143
117.39441313328699,514.2857142857143
90.06215627985642,450.0
133.20126715987587,600.0
111.13978349178053,514.2857142857143
127.42145074903841,553.8461538461538
129.96065453344576,553.8461538461538
79.26427460199923,450.0
118.68116962777916,553.8461538461538
101.64894954261139,514.2857142857143
98.37720580767653,480.0
113.44880469806357,514.2857142857143
121.914999495718,514.2857142857143
92.86563749195061,450.0
81.5863749363968,450.0
89.97132641675914,480.0
95.34227288937124,514.2857142857143
99.64384667252718,480.0
134.8789425942049,600.0
88.43616072924465,480.0
88.62319806979659,450.0
99.41803024393697,480.0
107.8235073937411,514.2857142857143
86.40911131559336,423.52941176470586
104.18626765134428,553.8461538461538
108.58969097204519,514.2857142857143
89.83409082768028,450.0
78.31165022435917,423.52941176470586
109.24333639163618,514.2857142857143
101.01231396517228,480.0
134.02407891617955,600.0
94.31759143514728,514.2857142857143
121.79101462139593,553.8461538461538
105.99423471989589,514.2857142857143
118.50536056542768,553.8461538461538
112.49793855391411,553.8461538461538
108.02136233845125,514.2857142857143
127.36147160457921,553.8461538461538
92.36760165815579,450.0
76.13042944551361,400.0
102.69852357610755,553.8461538461538
114.82218961943111,553.8461538461538
134.7191001774859,600.0
88.24793150179948,450.0
99.32879485735894,514.2857142857143
89.83530763577645,450.0
106.48870368175669,600.0
92.79337891504595,480.0
123.73262196125468,600.0
76.28921127458234,480.0
133.20170323013227,553.8461538461538
104.5606751097505,480.0
86.05648560288469,480.0
138.04238978801803,600.0
141.48502018331726,600.0
96.10515795000455,480.0
105.10092408022778,514.2857142857143
143.03422769749517,600.0
117.12351089739298,514.2857142857143
127.14494185920688,553.8461538461538
94.45639262537448,514.2857142857143
109.77497088713152,553.8461538461538
131.82401884168678,600.0
100.4080302441825,480.0
78.80229000648066,400.0
101.65990482707466,514.2857142857143
125.16089921924453,553.8461538461538
82.44655833814079,450.0
100.08986904933926,480.0
75.74321301522282,450.0
113.7086215846214,553.8461538461538
100.90847618753511,514.2857142857143
113.40848479458734,553.8461538461538
110.40120567421147,553.8461538461538
105.30952359923008,514.2857142857143
123.78033041806493,514.2857142857143
113.42652231301622,553.8461538461538
133.54336912366892,553.8461538461538
107.0782023187174,514.2857142857143
113.700984781499,553.8461538461538
122.26174722525828,514.2857142857143
129.1255131250882,553.8461538461538
104.017341821373,553.8461538461538
98.70479203465304,514.2857142857143
110.23421422298075,553.8461538461538
81.1002035511001,450.0
92.5317877242397,480.0
116.68458489131415,480.0
122.58578639195025,514.2857142857143
126.86779089166437,600.0
70.0215390893766,423.52941176470586
112.57602001466825,553.8461538461538
110.31014540647082,514.2857142857143
119.18792484458884,553.8461538461538
100.74223398005539,480.0
110.80993000207876,514.2857142857143
90.23445147900593,423.52941176470586
131.44638167806426,553.8461538461538
119.64936199608664,514.2857142857143
111.387705150931,514.2857142857143
87.27159782329696,450.0
147.56368529262497,600.0
102.45071501569483,480.0
102.84666522787337,514.2857142857143
124.56967459826663,553.8461538461538
117.29524835053913,514.2857142857143
97.48771894788668,450.0
118.02634187198635,600.0
111.3896285070459,514.2857142857143
138.21534073047675,600.0
90.20736635808896,450.0
116.23705408944076,514.2857142857143
95.3192522072101,450.0
141.96058793276964,600.0
97.3589704268807,480.0
93.29901708709247,514.2857142857143
112.10053296408387,514.2857142857143
77.44363323828368,450.0
100.30766753045728,514.2857142857143
86.65134368892005,423.52941176470586
100.65610657519719,514.2857142857143
133.08105550461818,553.8461538461538
132.8556615476344,514.2857142857143
120.82309239320396,553.8461538461538
139.3712303819179,553.8461538461538
121.82479628246959,553.8461538461538
102.63220187430441,480.0
103.28850647547746,480.0
92.11947372568682,450.0
101.58446166903877,450.0
94.3988980330996,480.0
111.71698696941564,514.2857142857143
105.81745954828529,480.0
96.97264327006422,480.0
98.34974882967143,450.0
102.42832420477905,480.0
97.49842026536739,480.0
115.04544387922566,480.0
123.6706250836797,553.8461538461538
74.42993081135083,450.0
88.6333844333322,423.52941176470586
117.14530562331005,514.2857142857143
117.37691543348622,514.2857142857143
141.40875409805108,600.0
130.3648050176852,514.2857142857143
97.58155405179596,450.0
111.95606420166676,514.2857142857143
109.48764768200479,514.2857142857143
75.4875614826375,423.52941176470586
87.85730411207062,423.52941176470586
149.62654079924243,600.0
93.862217927533,450.0
78.7159666715772,423.52941176470586
120.14849676226251,514.2857142857143
102.48122770574707,514.2857142857143
104.34016955976283,480.0
85.5438035287875,480.0
108.88630877269193,514.2857142857143
135.0201178672426,600.0
106.90995596686118,514.2857142857143
86.6117306216913,480.0
116.85180258868711,480.0
78.04895828124786,423.52941176470586
98.29890363202387,514.2857142857143
99.11180984534025,480.0
99.87440265436553,480.0
136.37626254733058,600.0
106.68680644594076,514.2857142857143
118.99577160899382,514.2857142857143
131.7057137599971,600.0
96.42139169433207,480.0
127.02279508548574,553.8461538461538
80.99826463921177,423.52941176470586
109.75383593356679,450.0
67.83999653757127,400.0
89.55211494603246,450.0
78.94998828445587,400.0
114.35626483939691,480.0
91.9267019288678,423.52941176470586
101.98786277002027,514.2857142857143
127.5906351525148,553.8461538461538
114.11983379583538,514.2857142857143
118.04807877027898,553.8461538461538
100.80928276656762,514.2857142857143
127.52550121804354,553.8461538461538
114.42128131276284,514.2857142857143
94.7837973504246,450.0
114.76764212724017,514.2857142857143
147.0779093721027,600.0
114.73445300238838,480.0
115.5693909138803,514.2857142857143
124.42671225675238,553.8461538461538
125.78355809941361,553.8461538461538
101.32778227257418,450.0
128.98451166799387,600.0
94.01529488788788,480.0
102.97971423177354,480.0
145.630557202251,553.8461538461538
71.83656573346776,400.0
99.12391640272199,450.0
127.60803416391632,514.2857142857143
94.5654002901049,480.0
70.78192933549607,378.94736842105266
110.70635381392343,514.2857142857143
100.13962520181775,450.0
133.3645415704234,600.0
108.02942532231292,514.2857142857143
97.77313605211815,480.0
88.06654436876823,450.0
98.71457345195942,450.0
107.62047736765014,514.2857142857143
114.93514156159223,514.2857142857143
137.98239888175377,553.8461538461538
125.85798955014054,514.2857142857143
77.80997951302132,400.0
102.72930352838982,553.8461538461538
92.58117146389947,450.0
71.93916583461696,378.94736842105266
80.3390625028454,400.0
96.95150267588264,450.0
110.10974804122024,514.2857142857143
122.71547687158957,514.2857142857143
107.4520554106219,514.2857142857143
91.62475371208063,514.2857142857143
112.50726461645218,480.0
121.22242847201395,553.8461538461538
121.88530883357444,514.2857142857143
112.74049776217598,480.0
117.21446915050147,553.8461538461538
129.85933422212835,600.0
123.58275947852843,553.8461538461538
115.73858003363414,553.8461538461538
120.33150151693336,553.8461538461538
98.92945280784397,480.0
113.80855526397318,514.2857142857143
80.49665604209915,450.0
77.97291096563764,450.0
105.6912403301001,514.2857142857143
105.14102940057901,480.0
101.78916367176953,514.2857142857143
133.75826729512028,553.8461538461538
117.23881027252148,514.2857142857143
99.03634573421179,514.2857142857143
80.60165500516776,423.52941176470586
112.64577932283065,553.8461538461538
65.95674713499179,400.0
81.6739412973216,378.94736842105266
94.49422732041363,480.0
124.46075289900931,553.8461538461538
89.07718527629996,423.52941176470586
112.92105747725883,514.2857142857143
114.03961645294441,514.2857142857143
108.9913078817158,480.0
123.98813709427483,553.8461538461538
94.43788537175695,450.0
112.45352802940809,514.2857142857143
119.17949541253724,514.2857142857143
146.25281584908197,600.0
96.59828850071275,480.0
118.17385491911224,553.8461538461538
90.74764558700284,514.2857142857143
108.64741069129518,480.0
108.57035855927835,514.2857142857143
114.72580111570355,514.2857142857143
109.29582455673942,514.2857142857143
82.38077282872862,480.0
115.1107237003205,514.2857142857143
120.48869067101727,600.0
110.66764434544301,553.8461538461538
113.80433673502283,514.2857142857143
114.96306664316309,514.2857142857143
144.85238825297947,600.0
71.94467110252236,400.0
88.16541280857524,423.52941176470586
118.10313531367918,514.2857142857143
109.52177464887123,553.8461538461538
109.33950862328425,514.2857142857143
133.8209041185252,600.0
85.28591630070511,480.0
141.99378956152523,600.0
104.1390387624619,450.0
119.23392849787611,600.0
101.52366390604391,514.2857142857143
117.71554073029189,553.8461538461538
121.63349974783998,514.2857142857143
120.89850454128313,514.2857142857143
134.57843727099802,600.0
124.03699375170835,553.8461538461538
104.60562703653146,514.2857142857143
132.25105897891288,553.8461538461538
143.55055570110179,600.0
108.18550635295558,553.8461538461538
111.47751986242739,553.8461538461538
99.6727471700726,480.0
128.07095802343508,553.8461538461538
111.02171795310166,480.0
87.57738470763233,450.0
130.070126287969,553.8461538461538
79.47714592071289,423.52941176470586
125.90077853794824,553.8461538461538
120.95562431910047,514.2857142857143
121.38490051454336,514.2857142857143
109.45644863201083,514.2857142857143
100.00427404533843,480.0
77.31565095572941,423.52941176470586
122.94827483260543,514.2857142857143
113.13305466364119,553.8461538461538
112.79049686990739,514.2857142857143
119.60824496195816,553.8461538461538
137.4411969538932,600.0
108.52457210508369,480.0
87.2093971463322,450.0
100.26520502964094,553.8461538461538
88.6677922104798,480.0
94.56176858320484,514.2857142857143
86.8087143700027,480.0
76.63036548217349,400.0
101.15960776832966,480.0
115.98549954997377,553.8461538461538
102.42954864331898,514.2857142857143
106.33042588170795,450.0
113.02375522444781,514.2857142857143
117.62726373865675,553.8461538461538
113.12411259506099,514.2857142857143
89.21159394120126,450.0
79.82970145008684,423.52941176470586
117.13581599210868,553.8461538461538
108.20593436212896,553.8461538461538
106.39753795371723,514.2857142857143
89.30545483194385,450.0
74.24955424166903,400.0
110.1053211207443,480.0
141.35748643365304,600.0
130.90455195801584,553.8461538461538
111.39507111549801,553.8461538461538
112.41421246909441,553.8461538461538
105.890283729665,480.0
108.93458843290864,553.8461538461538
88.8667620842084,480.0
114.7879013077878,514.2857142857143
127.01693814681785,600.0
90.62958507662235,514.2857142857143
106.1938055890204,480.0
105.0130097690738,480.0
108.92429073336037,480.0
102.61925048978114,514.2857142857143
108.77724553536093,514.2857142857143
124.71750574290269,553.8461538461538
108.12298646465317,514.2857142857143
108.29558848644447,514.2857142857143
76.20063836602964,450.0
109.27531864630824,514.2857142857143
127.37918184734828,553.8461538461538
92.99647948873258,450.0
91.1888698090721,480.0
94.87813885779092,480.0
110.21697440524255,514.2857142857143
142.48819145758202,600.0
75.34851020768784,450.0
130.65441253773645,553.8461538461538
121.30477955596993,514.2857142857143
115.36539557672913,514.2857142857143
128.4529069946444,600.0
141.99842938444564,553.8461538461538
123.17527734418128,553.8461538461538
92.6614290809917,450.0
118.07429682343967,480.0
88.19534637580617,450.0
73.95158462219034,423.52941176470586
96.86476063845339,480.0
61.729887390298174,378.94736842105266
110.16040983358633,480.0
125.51737291311932,514.2857142857143
137.18907666588132,600.0
102.84423001893968,480.0
148.815171231243,600.0
87.91988582847733,450.0
100.06048819259921,514.2857142857143
85.92862391792627,480.0
86.40160773101681,480.0
117.72104968236145,514.2857142857143
127.69611218802957,600.0
125.69346882197941,600.0
116.85348368156221,514.2857142857143
78.14969801509788,423.52941176470586
107.09816849997546,514.2857142857143
124.19354675771213,553.8461538461538
121.02382256935294,553.8461538461538
108.51970962152025,514.2857142857143
83.04909424553146,514.2857142857143
118.27245749219388,514.2857142857143
106.62836699274895,514.2857142857143
96.07483267527138,480.0
128.74651494380896,514.2857142857143
95.86866093302434,514.2857142857143
103.50932484282228,450.0
100.98418983386483,480.0
95.86468277468836,480.0
99.42463965973367,480.0
107.51333392887493,514.2857142857143
89.5801597629953,480.0
104.11472840341011,480.0
87.25543876295487,480.0
86.648071337045,450.0
101.14490862724308,480.0
95.05008911536567,450.0
107.53160849028998,553.8461538461538
143.80879788328906,600.0
121.06349281164934,553.8461538461538
118.15169447829966,514.2857142857143
100.79153511207662,480.0
135.6371455343369,514.2857142857143
127.46462304546709,514.2857142857143
126.19730115403485,553.8461538461538
84.62291032607415,423.52941176470586
86.49119304437554,450.0
90.68121779833936,480.0
