ep_returns,ep_lens
27.70120759927836,600.0
28.622108361018146,600.0
29.43213855016599,600.0
30.630965036856235,600.0
31.857918938498525,600.0
22.69869165543776,600.0
33.43983459954122,600.0
28.275074079830826,600.0
24.529112077587012,514.2857142857143
30.917745475799677,600.0
28.604225607918774,600.0
28.498068859290782,600.0
25.254238817453288,600.0
32.056477321558425,600.0
30.642605144363234,600.0
36.000003045046505,600.0
49.95631808808349,600.0
30.342887450625955,600.0
45.28039649250959,600.0
49.15415879830521,600.0
52.069170338097315,600.0
53.71324324526719,600.0
50.76819042858502,600.0
43.09904609944066,553.8461538461538
44.20728659361869,480.0
42.59939654460114,553.8461538461538
53.63317907868999,514.2857142857143
55.0202750199427,514.2857142857143
37.154066068700665,400.0
37.61446565002059,514.2857142857143
56.02857069088098,553.8461538461538
55.75662340401906,553.8461538461538
61.79380691660628,600.0
59.766178684488104,514.2857142857143
66.20105607987252,600.0
43.956446105590665,514.2857142857143
46.58924974524025,514.2857142857143
51.096196374646794,514.2857142857143
49.372862938387364,600.0
60.46650711457665,600.0
37.413759824656225,553.8461538461538
63.370300080775856,600.0
54.49911970619355,600.0
59.50267177974766,600.0
72.13142516596699,553.8461538461538
69.93022455529898,600.0
61.30772843329172,553.8461538461538
49.780125854410294,514.2857142857143
61.653155940230846,600.0
63.9944828846537,600.0
68.70976250737426,553.8461538461538
40.16131983384112,450.0
53.052589978087845,600.0
53.28043871657336,553.8461538461538
54.79269903534903,553.8461538461538
43.228918763706204,514.2857142857143
53.479115278979144,514.2857142857143
59.80046160162331,480.0
60.78419260281381,553.8461538461538
51.743968184413696,514.2857142857143
59.95101586401372,600.0
64.8947333527951,514.2857142857143
52.95014508649872,450.0
51.59616753505324,450.0
56.11669545850946,480.0
59.28898779386165,450.0
56.81944919049059,400.0
62.396306254043246,360.0
65.21162452419806,514.2857142857143
54.48241638012136,342.85714285714283
53.307831095569355,400.0
50.52650588796125,450.0
50.84025097800167,378.94736842105266
48.786289680440305,480.0
62.459242920119834,423.52941176470586
57.18808505702782,480.0
68.68230119666607,514.2857142857143
64.2075504705072,423.52941176470586
63.248727890683966,450.0
56.7216604700287,450.0
61.16983196705164,450.0
57.00708781672831,514.2857142857143
72.50150430206745,480.0
71.11046330867985,480.0
53.680784706443184,480.0
57.56083863776405,450.0
76.40150420455909,514.2857142857143
56.128215449930394,450.0
71.64083334769302,480.0
66.87367655633145,450.0
65.49291395856783,514.2857142857143
47.44134361462345,514.2857142857143
44.06921393698673,450.0
44.130134719118175,480.0
46.901780109036835,514.2857142857143
51.723631451830464,600.0
55.20915462546815,514.2857142857143
70.30927139478244,514.2857142857143
69.41791508061615,600.0
52.50075219297145,450.0
62.85229948096678,553.8461538461538
56.01106308826373,553.8461538461538
73.24795959450067,553.8461538461538
63.94764202536204,514.2857142857143
70.47436301030365,514.2857142857143
50.7840459194398,480.0
88.33939202755992,553.8461538461538
88.64319946891266,553.8461538461538
78.61243781684081,553.8461538461538
79.89002441301048,600.0
83.81752276975907,553.8461538461538
80.40594671661098,600.0
66.93417081278587,600.0
53.58592086681557,600.0
72.32517946808589,553.8461538461538
79.45276909307474,600.0
73.84057888547066,553.8461538461538
76.59237505391962,553.8461538461538
82.46403546812721,553.8461538461538
80.45783684431898,553.8461538461538
77.77777377878157,600.0
58.02894793266406,553.8461538461538
74.9741181657173,553.8461538461538
73.24685722392297,553.8461538461538
108.10708474599785,600.0
76.58266142845365,553.8461538461538
56.344185544964944,514.2857142857143
84.76582054768846,600.0
87.20075776490586,553.8461538461538
58.11996576192525,553.8461538461538
83.6298540988244,600.0
80.40074285309319,553.8461538461538
44.485052417477156,450.0
73.63010117193915,514.2857142857143
55.02929454429981,553.8461538461538
53.812715505566004,553.8461538461538
75.51216230139644,514.2857142857143
58.53590771842523,514.2857142857143
80.84918312895844,600.0
61.71803158645864,600.0
60.609398098478714,514.2857142857143
86.03819101435487,553.8461538461538
69.16444088002119,514.2857142857143
85.29821325153472,600.0
68.85688410055413,514.2857142857143
55.94379857978266,450.0
60.99720369386221,480.0
55.32188175542103,514.2857142857143
43.08815990911056,514.2857142857143
47.74100277997179,480.0
46.450784306391625,450.0
35.361507465411776,450.0
51.71029853693815,480.0
17.71255661908196,480.0
51.84229819501026,553.8461538461538
49.21144027149255,514.2857142857143
61.54032842809341,423.52941176470586
54.67479702890206,514.2857142857143
56.11307226817514,480.0
48.647810712422284,450.0
55.065898766611305,450.0
39.75647066559216,480.0
62.591696098415696,480.0
25.648274131927753,450.0
52.43615328433855,423.52941176470586
63.96966180142417,553.8461538461538
44.551092383574286,480.0
65.6735582664128,514.2857142857143
68.03097928833031,553.8461538461538
68.9637276266041,450.0
51.566701402589835,514.2857142857143
65.19914118733598,514.2857142857143
71.25469192101653,450.0
66.25294454684844,514.2857142857143
75.85657214820846,553.8461538461538
82.7691629817451,553.8461538461538
56.02600701108715,480.0
55.4555509605073,480.0
74.07978798881578,553.8461538461538
73.31530359605958,480.0
54.91678138616997,480.0
66.35340217677535,450.0
71.43555447320607,514.2857142857143
48.13138882074684,400.0
54.342635662849666,423.52941176470586
70.21218625067675,553.8461538461538
70.8782607952692,450.0
61.195897819377564,450.0
71.55486311483811,514.2857142857143
79.25190760200594,600.0
70.90306252219257,450.0
60.415165956604014,514.2857142857143
56.401260290716124,423.52941176470586
77.1600199159554,514.2857142857143
78.19758671161797,514.2857142857143
85.86425324113081,553.8461538461538
66.12489123372535,553.8461538461538
83.69587113831881,553.8461538461538
86.662750470451,553.8461538461538
71.24269482850795,480.0
61.83509752628535,480.0
65.61259802307652,514.2857142857143
69.91986757410292,480.0
55.80473103585029,480.0
73.61481800881,450.0
64.12573706418414,423.52941176470586
69.17168362187032,450.0
50.887742961393236,450.0
51.39297764656705,423.52941176470586
66.38445363915635,514.2857142857143
77.20800787520491,514.2857142857143
70.4331441080641,480.0
54.68630784994573,450.0
60.80149101120616,553.8461538461538
59.21047026850563,450.0
64.84175358520743,400.0
58.678299938529776,480.0
61.33044235318692,423.52941176470586
53.15913885767747,553.8461538461538
63.15910625064595,423.52941176470586
62.468447915862306,400.0
70.31010034083212,553.8461538461538
80.9639170860507,480.0
60.13292000807936,514.2857142857143
57.050500801800055,423.52941176470586
65.85248228645683,450.0
82.33980835095214,553.8461538461538
70.37701108182999,480.0
71.66264991391226,450.0
73.17729210902368,450.0
47.98469472574477,400.0
49.90284296820741,480.0
67.1092136245366,423.52941176470586
71.65520084937077,450.0
79.5531610658678,423.52941176470586
65.54715510475151,450.0
66.07680642798641,450.0
61.75612744169375,423.52941176470586
69.95783097514655,360.0
68.00584696528114,378.94736842105266
76.15319363278138,378.94736842105266
50.23619493901106,450.0
65.26450047169946,400.0
74.57455663102893,450.0
79.37495217772758,400.0
70.46028344734859,450.0
71.64866352428906,600.0
64.79454840390268,480.0
68.14542925370972,423.52941176470586
83.37182876978993,514.2857142857143
64.06274714744669,480.0
72.71218605488924,423.52941176470586
82.29667654299178,450.0
71.34688535457721,553.8461538461538
73.34988684332718,450.0
64.49846683708189,600.0
64.87830957196266,423.52941176470586
61.615663708765545,423.52941176470586
74.21406657214048,450.0
55.340275511436055,553.8461538461538
68.02545330307929,480.0
83.25293484935969,514.2857142857143
71.88963555630103,480.0
63.11196451110977,378.94736842105266
70.95122188325566,514.2857142857143
52.06254940723607,400.0
66.98816515643556,423.52941176470586
82.81303036799707,514.2857142857143
53.74812503870875,423.52941176470586
67.11637587468766,400.0
38.67636494745894,378.94736842105266
71.32586699925469,450.0
67.06346256046106,450.0
68.48278978491263,480.0
72.51625211257803,423.52941176470586
66.8039536131465,423.52941176470586
48.508317968064766,423.52941176470586
59.487757261450376,423.52941176470586
56.91734428138683,400.0
58.43901843980815,360.0
73.23410331724902,423.52941176470586
91.36492313692672,480.0
70.54304113020672,514.2857142857143
82.99185774769126,450.0
76.68693372518015,450.0
58.20772361194137,450.0
64.72469839887914,327.27272727272725
71.49610133589444,480.0
87.83166365877464,514.2857142857143
56.196803152009196,480.0
90.39324048743909,423.52941176470586
61.90481884074084,423.52941176470586
70.4401180833318,480.0
64.87607745026013,400.0
57.66759167528751,480.0
69.10058176643112,480.0
99.47310493359947,553.8461538461538
69.82891467130572,480.0
64.64224592753925,400.0
55.85452294958507,423.52941176470586
60.649443612599164,423.52941176470586
70.89592913100947,480.0
60.46053307954151,423.52941176470586
83.4438664810309,514.2857142857143
73.74586584741326,450.0
53.96893501903925,378.94736842105266
68.91197785393815,400.0
82.63528936994167,480.0
72.41350106500494,450.0
80.5326712426118,400.0
89.41704264065352,450.0
75.25091934076889,450.0
41.02405237500589,423.52941176470586
83.29954493291643,450.0
55.62774053992571,423.52941176470586
75.9741337476948,400.0
71.30269368446122,450.0
66.7130704742289,378.94736842105266
85.17168460790708,450.0
63.42528732657003,423.52941176470586
61.139994949886734,378.94736842105266
57.103102460219155,480.0
55.00631015897924,423.52941176470586
82.47458547506838,480.0
78.73818410183632,480.0
56.70363036078797,400.0
87.86173228906087,514.2857142857143
72.44241573955732,378.94736842105266
67.65531118260296,450.0
57.414118676834626,327.27272727272725
57.001551062957645,450.0
60.913026536349314,423.52941176470586
45.347124300872764,360.0
72.65113134045887,480.0
45.22435282125915,553.8461538461538
47.81000938334648,450.0
51.65146026478021,450.0
87.21119567444079,450.0
88.21595137998146,480.0
55.30726508409674,423.52941176470586
55.60185297565013,400.0
54.170198172723076,378.94736842105266
48.90115259706723,514.2857142857143
58.39168605773916,450.0
51.083525451250964,400.0
62.11883234842717,514.2857142857143
75.20794504780038,378.94736842105266
76.24706498351762,450.0
65.36168269517347,480.0
78.31711062612095,480.0
60.939961453973424,450.0
106.28802297762822,480.0
59.18026633402742,450.0
60.507135070220954,423.52941176470586
74.24248163281827,480.0
88.8761991302276,480.0
74.93977548568955,514.2857142857143
67.74110092953885,514.2857142857143
60.9348346901723,450.0
69.3741692312539,480.0
55.06765862787726,423.52941176470586
77.36424225304714,480.0
75.81037041119865,378.94736842105266
65.3160694806647,423.52941176470586
63.24882653953681,400.0
64.89257672007368,423.52941176470586
58.93806297180725,480.0
63.11813777354877,450.0
41.68290789341904,400.0
65.30350081822583,450.0
91.9329792206632,600.0
74.60532128613059,514.2857142857143
66.47530766359328,400.0
72.63599545377237,450.0
54.5694317652633,514.2857142857143
62.389612858089066,480.0
80.39626324613208,480.0
60.678025134256394,400.0
57.44020303601725,514.2857142857143
67.27993550560892,450.0
52.789350585078154,423.52941176470586
71.49754060053434,553.8461538461538
75.47741290599969,514.2857142857143
52.879159832452345,450.0
73.72877080886539,450.0
67.5449567198726,378.94736842105266
84.51181583402077,400.0
91.0956081682178,450.0
70.93803854081456,480.0
87.71041231147788,450.0
69.547685170973,514.2857142857143
73.60485089926102,450.0
58.72952276493238,450.0
73.98128144327674,423.52941176470586
56.40696233417425,450.0
66.56110176426102,400.0
73.08029692581279,450.0
36.22057869380854,327.27272727272725
76.51209278009682,423.52941176470586
78.44111202215008,450.0
60.21483206640716,400.0
55.09877786151262,400.0
76.8311588471998,400.0
68.95952083555288,423.52941176470586
59.38450768352466,378.94736842105266
80.12831477963077,400.0
66.24100686273913,423.52941176470586
51.09845991860083,400.0
67.37561505677702,423.52941176470586
66.6598557728398,378.94736842105266
69.82753379493444,450.0
64.25853725344221,450.0
66.80663017163309,423.52941176470586
54.93207085228578,400.0
94.1104647219272,450.0
66.58559141143047,450.0
58.12405579275618,400.0
72.09941871831931,480.0
79.24078704237229,400.0
61.93574337861716,423.52941176470586
71.44333880109417,450.0
80.82867107686548,400.0
61.703771159479366,480.0
73.71770534069728,450.0
56.743329089936786,423.52941176470586
47.24429326016556,423.52941176470586
58.436313849354256,378.94736842105266
54.256055597028215,423.52941176470586
54.493367831608666,450.0
87.08083729864923,480.0
68.67932439492228,450.0
59.57985814420321,378.94736842105266
52.02002890817232,378.94736842105266
63.25772751000851,480.0
58.18726030736241,480.0
72.49620280721942,450.0
65.30866777795643,450.0
91.46406749323592,600.0
55.3810588103049,400.0
61.067533308125725,400.0
64.29225210412082,423.52941176470586
99.11305664469998,450.0
58.5749707168956,400.0
65.58355027462953,450.0
45.83129187919423,514.2857142857143
48.797877649915215,450.0
64.91968718527438,342.85714285714283
65.0394675788193,378.94736842105266
73.56904803208158,450.0
71.08193986129183,514.2857142857143
33.93428703515699,378.94736842105266
72.803197886248,450.0
44.89548292665859,423.52941176470586
53.0437689277581,423.52941176470586
40.45393630979448,423.52941176470586
58.94398454551583,378.94736842105266
61.474478856967075,423.52941176470586
56.35385722484279,378.94736842105266
47.247375805452414,450.0
59.10394698756398,423.52941176470586
49.704061353209696,480.0
33.39665553756383,400.0
68.99353370475525,400.0
51.132846908211995,480.0
43.54766325849822,378.94736842105266
54.441208727961396,423.52941176470586
49.25742840257971,400.0
46.854809504520325,400.0
52.44895186782047,378.94736842105266
76.54558148644512,450.0
52.49358664103793,378.94736842105266
59.141402755546096,450.0
54.678259732088904,450.0
65.96179401700165,450.0
48.635888269079,423.52941176470586
58.7633522662211,423.52941176470586
48.89282210826178,450.0
44.457368529146436,327.27272727272725
41.147779433449834,423.52941176470586
69.45723173313498,450.0
50.79429983549744,378.94736842105266
38.72146127502793,423.52941176470586
51.42885525402156,378.94736842105266
52.473479952046546,400.0
62.753925350127695,450.0
41.056892511610485,378.94736842105266
56.78987338667907,378.94736842105266
52.38370183604183,378.94736842105266
60.76816871820633,480.0
50.2263863001604,450.0
75.24774016659741,378.94736842105266
66.90973680627273,514.2857142857143
47.36708959777433,360.0
58.531498635150456,360.0
52.009613606984935,313.04347826086956
71.76184063655586,378.94736842105266
57.378871864028284,400.0
42.365932358418284,400.0
47.36491586536749,378.94736842105266
57.71294396637047,480.0
42.72342795734771,360.0
67.80166115662936,400.0
42.24873918884457,360.0
46.94159087385518,400.0
52.82633719479073,378.94736842105266
57.04285690009778,423.52941176470586
72.95289244234918,480.0
51.209987788432834,423.52941176470586
43.921647183861836,342.85714285714283
52.51659351407289,423.52941176470586
48.65087065417234,378.94736842105266
35.61881479279605,342.85714285714283
51.89703192661395,450.0
55.468105864319824,327.27272727272725
58.21057369973764,400.0
51.30948679026117,378.94736842105266
56.662309588373034,378.94736842105266
62.12381346271983,400.0
49.15280827457486,327.27272727272725
45.417392427336935,360.0
47.9028487358495,342.85714285714283
54.73073332058279,360.0
53.60258030721416,400.0
42.99002906407865,342.85714285714283
45.06503769073565,400.0
63.3855745186565,360.0
71.6598704570032,400.0
48.39565775777368,342.85714285714283
44.56661271734543,378.94736842105266
53.07817645191928,360.0
58.93973366527161,423.52941176470586
76.85249842031783,423.52941176470586
48.302336392403134,378.94736842105266
43.317160588002885,342.85714285714283
51.58046935039004,400.0
57.72050999136625,342.85714285714283
70.86784554737073,450.0
52.925927037769746,400.0
46.24670445445042,423.52941176470586
43.23097347454435,400.0
62.95113453433661,360.0
62.12726960045062,400.0
35.01078322148384,378.94736842105266
45.19518712979298,423.52941176470586
49.85004872453422,327.27272727272725
50.265477562105744,360.0
41.011798978508224,400.0
74.93778713628768,378.94736842105266
56.82162403686489,360.0
65.92813881563714,450.0
53.11627287984065,360.0
51.33006193468467,378.94736842105266
64.86405562087721,400.0
49.05974112267377,342.85714285714283
51.048295492723085,378.94736842105266
66.12083191239398,480.0
68.43021292706982,400.0
54.131946958260286,360.0
54.6869743152345,378.94736842105266
48.385933988287384,360.0
45.587181442522024,327.27272727272725
50.7253007513303,360.0
45.65957541067883,327.27272727272725
64.3766199106081,480.0
50.57022634647812,378.94736842105266
42.59752026123626,378.94736842105266
64.80921583023112,360.0
48.12599295337074,400.0
59.53299062779486,423.52941176470586
60.772557032211665,400.0
65.64822322882134,360.0
55.55336921925336,378.94736842105266
54.03646057784382,342.85714285714283
49.315759393451756,400.0
42.46400580102671,342.85714285714283
54.774566836931385,342.85714285714283
67.13430405127228,450.0
48.65470342066131,378.94736842105266
44.17504779435196,360.0
51.35902096939746,360.0
49.224433772243565,378.94736842105266
45.197467321265705,360.0
40.60212443097701,342.85714285714283
49.97045074406335,342.85714285714283
60.39910570842075,360.0
45.89547648634086,327.27272727272725
45.43895371977885,378.94736842105266
56.10985834893266,378.94736842105266
53.54916880359424,378.94736842105266
46.76223249667372,378.94736842105266
49.59321078293857,378.94736842105266
52.10567153747604,360.0
47.61862985720184,313.04347826086956
63.08676270390648,342.85714285714283
60.741429812877904,360.0
51.50641194147025,378.94736842105266
56.08263759078392,360.0
51.30847264195662,360.0
44.27101983877049,313.04347826086956
52.795500214662624,360.0
40.80768687699571,327.27272727272725
53.47868638700817,342.85714285714283
67.65758655270518,450.0
41.11629602001732,360.0
56.63183934954531,327.27272727272725
49.68372445337669,342.85714285714283
55.92781220873096,313.04347826086956
53.73193318781345,327.27272727272725
58.10097298992353,313.04347826086956
64.16116372560036,342.85714285714283
38.120235453429125,378.94736842105266
48.559117387903434,400.0
49.79787261555233,378.94736842105266
50.41054635420937,327.27272727272725
66.41400221430979,360.0
43.35815550063877,327.27272727272725
42.03530676743527,342.85714285714283
50.64542397362824,313.04347826086956
45.70785559601141,313.04347826086956
37.074334287632425,327.27272727272725
47.73834570091837,360.0
50.61450688708655,378.94736842105266
52.56460755901608,327.27272727272725
54.977548020659334,360.0
58.30184011763572,378.94736842105266
59.33258723360572,342.85714285714283
63.11636077092104,360.0
51.521688560092045,360.0
48.25273463244633,327.27272727272725
44.84067332000375,327.27272727272725
73.90177336289642,360.0
55.13584635232212,327.27272727272725
31.415134343195053,313.04347826086956
52.7121494880122,313.04347826086956
55.23231745346693,313.04347826086956
57.7351489062053,378.94736842105266
71.98484424711175,360.0
57.43465776292516,327.27272727272725
51.309079309139335,327.27272727272725
50.18517963163495,342.85714285714283
52.57265096882214,327.27272727272725
57.4185365297964,342.85714285714283
49.05034537188999,300.0
63.87213077163689,360.0
43.016363721767334,300.0
61.130232012541065,327.27272727272725
49.12868863848954,313.04347826086956
54.50310971298902,342.85714285714283
71.90112349772991,360.0
48.19951714345419,327.27272727272725
61.021170957948264,360.0
42.4576095003153,300.0
49.946949324892024,313.04347826086956
61.90540648962313,342.85714285714283
40.56035895254299,313.04347826086956
53.42958158623415,327.27272727272725
52.73218081300546,313.04347826086956
46.838942338705834,327.27272727272725
57.963464956561715,313.04347826086956
46.7151125926927,313.04347826086956
68.79003639760147,342.85714285714283
55.38769714618363,342.85714285714283
43.29328576189872,300.0
47.37104496087402,327.27272727272725
49.221819832598726,327.27272727272725
69.27126047609781,342.85714285714283
41.43803677872815,313.04347826086956
62.01425581999789,313.04347826086956
68.57529271390982,360.0
54.05562067541799,313.04347826086956
57.90705277259886,327.27272727272725
58.83927925461508,327.27272727272725
62.51917885353822,360.0
45.720508222034574,300.0
53.09189267733248,327.27272727272725
64.60114042699236,342.85714285714283
61.07364062901096,342.85714285714283
64.9133415939579,342.85714285714283
49.31916491968287,313.04347826086956
68.71473637979815,342.85714285714283
51.4227181911711,313.04347826086956
53.16885266396026,327.27272727272725
57.33580491570344,327.27272727272725
60.89742782064495,327.27272727272725
79.62762912918643,400.0
62.80103717749961,342.85714285714283
56.47142902898852,327.27272727272725
51.75636233388081,313.04347826086956
61.086936693822956,327.27272727272725
47.28825302919268,300.0
50.22343207761984,300.0
55.21331744794269,327.27272727272725
54.4345543508723,327.27272727272725
53.42644330559966,342.85714285714283
64.53082278016072,327.27272727272725
61.281279012473654,342.85714285714283
60.20790560699175,327.27272727272725
65.88403326972892,342.85714285714283
42.109611756685794,276.9230769230769
70.65147528307628,342.85714285714283
42.437200625277676,300.0
60.83937173030872,327.27272727272725
68.36761858913015,342.85714285714283
51.51009255806988,300.0
46.8136113962814,300.0
55.02273343045022,313.04347826086956
68.45967482417053,342.85714285714283
57.365122235086055,327.27272727272725
59.55465412813715,313.04347826086956
48.98148511469668,300.0
60.892354525994435,327.27272727272725
75.93935900527886,360.0
70.44255122959851,342.85714285714283
77.57403856985651,378.94736842105266
64.48109824629537,342.85714285714283
50.53421302581746,300.0
55.14858441817032,300.0
57.84835709917047,313.04347826086956
72.16368268467784,342.85714285714283
47.93189490746982,300.0
47.671695668428384,300.0
56.542755989659334,327.27272727272725
63.669993951892586,327.27272727272725
58.42905356010653,327.27272727272725
65.6692959078938,342.85714285714283
74.11397126982659,342.85714285714283
55.71371374545945,300.0
45.34829693181956,300.0
72.22741081916226,360.0
45.92230744316305,300.0
62.649183836730785,342.85714285714283
55.014842807882204,313.04347826086956
61.628159510377,327.27272727272725
58.37857146402003,313.04347826086956
53.912726078483445,313.04347826086956
54.95900633453107,327.27272727272725
52.3051908999556,313.04347826086956
84.48156646541281,378.94736842105266
69.09158980810825,342.85714285714283
76.7817472936812,360.0
67.23210749477043,327.27272727272725
65.10034719726113,327.27272727272725
46.19577436471914,288.0
64.64072248523279,342.85714285714283
55.540947198473496,300.0
69.8717090826348,342.85714285714283
63.72879184289064,313.04347826086956
60.22327074836623,327.27272727272725
51.229768681364696,288.0
58.17625104222458,300.0
55.78025142712166,300.0
51.10957401618899,313.04347826086956
62.698190849248235,342.85714285714283
71.84629873533615,342.85714285714283
69.44309238905326,327.27272727272725
50.68807693677192,313.04347826086956
44.61404871286951,300.0
61.94166870121868,313.04347826086956
54.42966168878575,313.04347826086956
75.67818851107374,378.94736842105266
48.970355000067954,327.27272727272725
63.241429729291724,342.85714285714283
60.27077396821024,342.85714285714283
56.729853402270464,313.04347826086956
54.29652779011467,327.27272727272725
64.02848566706597,342.85714285714283
45.1213407698644,313.04347826086956
55.442601152569516,327.27272727272725
53.65738667900518,327.27272727272725
73.05815863873873,378.94736842105266
73.82189337295821,360.0
58.35159284741481,360.0
49.12017953145608,313.04347826086956
59.02690574398548,313.04347826086956
68.05098240160461,360.0
70.24802928482467,342.85714285714283
62.066671278628554,360.0
67.54956878085589,342.85714285714283
51.64310566302881,300.0
65.73000639373724,342.85714285714283
54.06284145968275,313.04347826086956
64.51055118785784,342.85714285714283
79.60977724697322,360.0
46.33606102756868,276.9230769230769
69.23955108187889,360.0
63.85946561043173,313.04347826086956
58.96423447391835,360.0
55.09260915606469,327.27272727272725
76.99021195276347,360.0
49.23229983988919,300.0
76.25612692886853,360.0
50.6302722640301,313.04347826086956
63.801882412720616,313.04347826086956
72.18277983268096,360.0
62.01262177350748,313.04347826086956
58.03222651937614,313.04347826086956
52.61468651465935,327.27272727272725
63.14652068278231,327.27272727272725
65.52930768120194,327.27272727272725
74.92913160926753,342.85714285714283
51.40407324421962,288.0
78.04476951034755,360.0
69.47425499687398,313.04347826086956
87.36131364192079,400.0
59.534446684091435,313.04347826086956
49.58859977444809,288.0
48.78582966577802,288.0
52.344727983783265,327.27272727272725
58.75204474032221,313.04347826086956
51.831099469937904,313.04347826086956
70.75694221331055,342.85714285714283
60.94537264471899,327.27272727272725
59.621096501191936,313.04347826086956
66.55954692468889,327.27272727272725
89.43561431194024,400.0
70.4223230049222,327.27272727272725
49.836860571546616,313.04347826086956
48.08729728749529,300.0
76.57598286078375,360.0
57.04675595196101,313.04347826086956
53.19592358045878,313.04347826086956
60.29199482604458,327.27272727272725
62.764508720323825,313.04347826086956
70.73215537734336,342.85714285714283
69.88714014282208,327.27272727272725
86.70546915506829,400.0
71.92659436315446,342.85714285714283
70.11404979740844,342.85714285714283
70.5723131342424,360.0
66.48488732324842,342.85714285714283
63.27333408263384,342.85714285714283
60.846223023025445,342.85714285714283
78.63261601660633,360.0
59.24733769811706,313.04347826086956
67.90164486094174,342.85714285714283
63.306855428734345,360.0
58.10113269053893,313.04347826086956
75.38723934336215,360.0
62.01634341294388,342.85714285714283
58.78461498367953,327.27272727272725
55.55340848035683,327.27272727272725
48.598802108665,313.04347826086956
51.23759584751101,313.04347826086956
70.17181928851058,342.85714285714283
63.254393134836924,342.85714285714283
66.36363321387859,342.85714285714283
58.33522499546127,327.27272727272725
55.52924458987112,300.0
78.23093826898733,378.94736842105266
65.74276108780309,327.27272727272725
67.73067295829516,360.0
66.63706167434158,342.85714285714283
64.07969312159045,342.85714285714283
67.06480888068788,327.27272727272725
66.23757218227951,342.85714285714283
63.981111135515626,327.27272727272725
57.04049134088634,313.04347826086956
72.3034291610651,342.85714285714283
71.92553412704186,360.0
65.28059511509846,327.27272727272725
75.37308930831168,360.0
65.41542961623644,327.27272727272725
47.91372162618591,300.0
65.3943522066509,342.85714285714283
48.64643954745657,276.9230769230769
55.76755248579425,327.27272727272725
63.33176414614217,313.04347826086956
66.69089297892272,342.85714285714283
60.60688249198442,313.04347826086956
68.67347371195389,327.27272727272725
96.785174157954,450.0
83.92771364572513,360.0
57.3733994790204,327.27272727272725
64.29100630393793,327.27272727272725
69.52947783146016,313.04347826086956
67.48362374189533,313.04347826086956
51.5984684720016,300.0
75.3347989582422,342.85714285714283
69.03480122094501,327.27272727272725
67.9149500747927,327.27272727272725
50.490388753668206,300.0
62.46437515439377,342.85714285714283
65.9003087845307,313.04347826086956
49.731724264749666,313.04347826086956
67.62058833057604,327.27272727272725
66.04638123980392,327.27272727272725
58.57553702122198,313.04347826086956
78.91681962849523,360.0
73.80258598098182,360.0
57.925787098241145,313.04347826086956
92.24250153199343,400.0
70.3177371827568,342.85714285714283
45.0229891291377,300.0
70.10788246692627,342.85714285714283
88.73490879542508,378.94736842105266
58.85783097120091,313.04347826086956
65.77523162072339,327.27272727272725
74.63567672128434,360.0
73.92922963359565,378.94736842105266
64.2639465592769,327.27272727272725
67.9482567841232,313.04347826086956
57.49157451994658,327.27272727272725
72.03658721741316,342.85714285714283
55.92901087253167,313.04347826086956
86.98276210984528,400.0
66.57379571979988,327.27272727272725
67.8871481978784,327.27272727272725
58.07862847066703,342.85714285714283
70.41586213757982,342.85714285714283
69.00004184998127,342.85714285714283
64.94155971595444,360.0
72.73806590818995,360.0
53.47180469056159,300.0
59.91103501767922,313.04347826086956
61.92523751767339,313.04347826086956
60.44730558510438,300.0
59.25810307220349,327.27272727272725
55.86466300486772,313.04347826086956
63.722259616165296,342.85714285714283
74.93920478879838,360.0
62.9823772921042,360.0
58.72434361736362,327.27272727272725
70.15962410531937,327.27272727272725
60.80829203405431,342.85714285714283
68.4725941475693,327.27272727272725
57.361412868822335,300.0
68.02774532597914,327.27272727272725
63.34646636392597,327.27272727272725
62.976438988243146,360.0
64.68914870761492,327.27272727272725
54.885686489513176,300.0
59.09585267508294,300.0
61.58504067315944,313.04347826086956
67.75942657552994,342.85714285714283
62.7287919124047,327.27272727272725
74.22499208755339,360.0
69.47849161085522,342.85714285714283
71.33901790538928,342.85714285714283
59.044117391692126,313.04347826086956
54.193354031290795,288.0
74.35076599933815,342.85714285714283
51.49951931176605,300.0
84.57078613151572,378.94736842105266
81.36184484529439,342.85714285714283
63.30556114103972,327.27272727272725
66.27774339608716,342.85714285714283
69.74375963418123,342.85714285714283
81.53937944225048,378.94736842105266
65.06040962506341,327.27272727272725
68.6300735095475,327.27272727272725
59.20332822557845,342.85714285714283
79.67866229385406,360.0
53.13787478841603,313.04347826086956
51.5865911928459,288.0
73.54968425551348,342.85714285714283
76.94821902466872,360.0
56.75147110526318,313.04347826086956
66.8383224143183,342.85714285714283
65.90958185865405,300.0
55.08928582969579,313.04347826086956
61.53262691459093,342.85714285714283
63.47883471000146,327.27272727272725
81.16430842488865,378.94736842105266
70.2850124378697,327.27272727272725
74.20478737073834,360.0
84.75761879009588,378.94736842105266
75.74479787587454,360.0
90.91148829487409,400.0
57.19137372437282,327.27272727272725
47.63766281445126,300.0
63.60395330259967,300.0
70.52815155817667,342.85714285714283
53.66784993023438,300.0
61.35287699797215,327.27272727272725
55.94622930739808,327.27272727272725
89.77483758491296,400.0
59.818945685429064,327.27272727272725
55.787359212231536,300.0
58.060289691031564,313.04347826086956
73.75529264209953,342.85714285714283
53.22316599977421,327.27272727272725
67.66276566672539,327.27272727272725
79.23088811595876,342.85714285714283
64.92955929064756,342.85714285714283
72.44536481307638,342.85714285714283
51.29303741633132,313.04347826086956
67.49844192835633,327.27272727272725
71.34990162134184,327.27272727272725
73.98162545953312,342.85714285714283
58.738531496133874,313.04347826086956
77.0958712409911,342.85714285714283
72.97166617822744,327.27272727272725
48.77727507295567,276.9230769230769
52.608472578874924,288.0
68.02561097690213,327.27272727272725
52.533292401601734,313.04347826086956
63.4370456534995,342.85714285714283
49.383722000018544,300.0
57.04247112373833,313.04347826086956
57.915688752859836,342.85714285714283
74.54279781394477,360.0
78.32469007862531,342.85714285714283
73.62295588627252,360.0
62.10913860146623,313.04347826086956
75.6912702011927,360.0
71.97043167497829,327.27272727272725
72.19251228076982,342.85714285714283
50.21379908706192,327.27272727272725
74.07240379948446,360.0
69.78392396743337,342.85714285714283
56.735233896917855,300.0
53.65306884490221,327.27272727272725
70.97403756700436,342.85714285714283
60.84727941664164,313.04347826086956
61.67935731129347,313.04347826086956
74.40771167655994,342.85714285714283
69.85022131199837,342.85714285714283
64.73375466543882,342.85714285714283
61.837461899888666,327.27272727272725
75.49068900991979,360.0
64.76889371928335,327.27272727272725
63.49737997735433,327.27272727272725
53.28399157090593,313.04347826086956
50.55219702832415,288.0
53.13037211804154,300.0
77.61047669653301,342.85714285714283
63.957343454763304,342.85714285714283
60.38241940161745,327.27272727272725
61.07683294392972,313.04347826086956
65.04435117733713,342.85714285714283
62.330886577532276,313.04347826086956
69.4165920423385,342.85714285714283
54.471569477886185,327.27272727272725
49.99135818160341,288.0
69.33879959851083,342.85714285714283
64.77501981671935,342.85714285714283
52.067070108498456,300.0
68.45787137400522,342.85714285714283
61.03567852946449,327.27272727272725
63.45547502278439,342.85714285714283
52.03987364295722,313.04347826086956
57.094131449049144,300.0
53.00470395066765,300.0
49.7945194807594,313.04347826086956
93.37949220841925,400.0
57.981162249892826,313.04347826086956
57.082378919097984,288.0
84.03967830404652,378.94736842105266
65.9377408298711,342.85714285714283
72.71107178718304,360.0
72.93232428569881,360.0
48.43125694838974,300.0
51.71834478300249,300.0
64.49356179910122,327.27272727272725
69.44755149634665,327.27272727272725
63.2180828368916,313.04347826086956
69.67794838099192,342.85714285714283
59.11550745623989,313.04347826086956
79.04376199546506,360.0
53.296657611271435,313.04347826086956
64.92876713540716,342.85714285714283
53.64906022335683,327.27272727272725
63.2832880314716,327.27272727272725
59.86084731890265,313.04347826086956
66.04369821397256,327.27272727272725
66.03822170465588,327.27272727272725
57.89080585400029,327.27272727272725
77.50767193864269,360.0
58.010751184712134,313.04347826086956
54.482568620706054,313.04347826086956
79.27952684989909,342.85714285714283
58.657250490186904,300.0
68.88710225287544,342.85714285714283
78.2149586050982,327.27272727272725
68.30174596398501,378.94736842105266
56.45962148549222,300.0
52.93858979118325,313.04347826086956
78.09304231101962,342.85714285714283
54.066011700555926,313.04347826086956
67.90144815247085,360.0
60.93930256695293,327.27272727272725
60.46300042006449,313.04347826086956
64.23457787030544,327.27272727272725
67.47765390536824,378.94736842105266
52.6588757383292,313.04347826086956
50.9847315376808,300.0
65.51917804489379,342.85714285714283
62.090635736664574,313.04347826086956
65.0045748305335,313.04347826086956
78.80336655277345,342.85714285714283
92.42122923918004,423.52941176470586
71.42294174733917,327.27272727272725
54.92285922790477,300.0
73.80453735345222,378.94736842105266
66.25801402346983,327.27272727272725
58.45777174735083,313.04347826086956
71.97884382929894,360.0
58.49198548351779,313.04347826086956
75.42668132266529,342.85714285714283
52.29350648234556,313.04347826086956
73.84267699894305,342.85714285714283
84.56919480392338,378.94736842105266
66.04542416124215,313.04347826086956
74.57849764873399,360.0
64.85058679420797,342.85714285714283
47.36313605622535,288.0
95.28341954675793,423.52941176470586
72.29708704167813,342.85714285714283
61.680647644691724,327.27272727272725
52.36974175525546,300.0
52.100724572677954,288.0
61.56101650551795,327.27272727272725
56.62254355782417,327.27272727272725
52.26130854969542,300.0
58.27967320789396,300.0
64.42436555252884,342.85714285714283
48.96348077176248,300.0
60.204064727241786,288.0
65.05242112960818,327.27272727272725
59.11618163299788,313.04347826086956
72.5887499714668,360.0
60.034453730900466,313.04347826086956
56.11024279240536,300.0
70.16524338827293,360.0
79.26990301459126,378.94736842105266
57.80042101537479,300.0
58.06588560299484,313.04347826086956
57.53860500234121,313.04347826086956
56.11401579861382,313.04347826086956
59.48188114732743,313.04347826086956
64.71357137338174,327.27272727272725
59.55015611454251,300.0
54.84935323095775,313.04347826086956
57.844527848759704,313.04347826086956
74.41240811853896,342.85714285714283
73.214310513289,360.0
86.80351369856118,378.94736842105266
55.17795431578279,313.04347826086956
55.75693902098222,300.0
62.518509744538484,313.04347826086956
48.301652163273026,300.0
56.19409413489236,300.0
71.1704742763517,360.0
48.63914875818037,288.0
75.07787246273413,360.0
50.76458731891085,300.0
54.37163184002396,327.27272727272725
56.5163444798892,300.0
65.75101386113191,313.04347826086956
45.31123377685425,276.9230769230769
68.19933110194148,327.27272727272725
65.8840263154259,327.27272727272725
67.85273977357129,360.0
62.523748200088924,327.27272727272725
53.22138606606483,313.04347826086956
53.004336845413924,313.04347826086956
72.65398319758378,360.0
53.720486027848956,300.0
63.931186951225285,342.85714285714283
58.3552349796451,313.04347826086956
72.34798799239621,327.27272727272725
75.71823788751614,342.85714285714283
74.34620185950634,342.85714285714283
50.681976673413494,288.0
47.185286648342704,300.0
54.83239462636282,327.27272727272725
48.04931977844216,288.0
53.754744822718116,300.0
59.120822968314364,313.04347826086956
46.694451044650506,276.9230769230769
69.05128006710918,342.85714285714283
55.79885824238604,300.0
41.74275127003183,266.6666666666667
62.63764869487902,313.04347826086956
64.1140109816304,327.27272727272725
71.10856384628339,342.85714285714283
61.01900067116621,313.04347826086956
73.98658430601387,360.0
69.65558668729997,327.27272727272725
65.91620707670084,327.27272727272725
87.57443348038589,400.0
95.27249718517864,378.94736842105266
72.819457680865,360.0
71.96741905129234,342.85714285714283
67.65228128138835,342.85714285714283
78.85378898742434,360.0
71.27782191456983,360.0
77.00734399668166,342.85714285714283
58.866024700331195,300.0
59.74219643858237,313.04347826086956
53.794260296258756,300.0
72.03751419915292,360.0
59.88385340332799,360.0
61.52489417204197,360.0
66.34127073259292,378.94736842105266
46.92594834725279,313.04347826086956
57.27750369916294,313.04347826086956
60.44792901380304,327.27272727272725
79.82492594374013,378.94736842105266
64.51336747041613,327.27272727272725
69.4084424320138,342.85714285714283
91.54865134646325,400.0
77.32313372598571,360.0
56.40871252028819,288.0
67.77948314179548,313.04347826086956
54.10989113204706,300.0
68.0001900762949,327.27272727272725
72.50480298048376,342.85714285714283
73.93102953075004,378.94736842105266
64.29523765929498,360.0
46.26756376543792,300.0
82.572652574812,360.0
74.74329509264507,360.0
65.1325458197166,327.27272727272725
65.90684216215274,327.27272727272725
58.142626512971134,327.27272727272725
69.18459514654816,327.27272727272725
51.92468678248655,313.04347826086956
45.85252328065823,288.0
53.555698376667216,300.0
62.6372820130741,313.04347826086956
52.56043579420442,342.85714285714283
76.6042936550228,342.85714285714283
62.42854924657297,327.27272727272725
42.868297557207946,288.0
53.02083981559457,300.0
64.63934294782221,327.27272727272725
43.6016366185626,276.9230769230769
55.35369881494355,313.04347826086956
62.77707823879353,327.27272727272725
59.340685835985596,313.04347826086956
50.83790713276192,327.27272727272725
45.76621340957002,313.04347826086956
55.480917089892074,300.0
52.35102873421739,313.04347826086956
40.442752552993646,300.0
54.68614950490507,327.27272727272725
60.91254145901193,342.85714285714283
73.63603099783536,378.94736842105266
46.46679340158176,313.04347826086956
47.14612663869235,300.0
50.764479869604074,313.04347826086956
70.48948956022147,360.0
44.16947820105365,313.04347826086956
57.39545371709247,360.0
55.050465013064006,327.27272727272725
41.68256924057529,276.9230769230769
39.470053445605295,276.9230769230769
53.825056211444114,313.04347826086956
42.35799953607825,300.0
55.51764917189575,300.0
53.9125186839018,327.27272727272725
49.05547606517638,300.0
60.01236225606319,342.85714285714283
53.688747664730016,313.04347826086956
49.445676841204474,313.04347826086956
52.156801394345116,313.04347826086956
43.43441062878728,313.04347826086956
60.294484468373355,342.85714285714283
52.28032842698645,313.04347826086956
45.471481327804874,300.0
57.515280757963865,342.85714285714283
48.40650272849116,327.27272727272725
43.32304466811944,276.9230769230769
54.87533372063907,342.85714285714283
59.25058450628125,327.27272727272725
47.14371124056935,300.0
48.37332325314344,300.0
80.94140444295714,400.0
46.83882779405827,288.0
50.91945777569809,313.04347826086956
59.3012639444791,342.85714285714283
49.12658978365811,313.04347826086956
77.10801898739399,378.94736842105266
62.35317733236795,327.27272727272725
40.53765278867771,276.9230769230769
72.24147042797375,378.94736842105266
55.060445069406434,327.27272727272725
67.64491219088985,327.27272727272725
49.80756779076021,313.04347826086956
58.88439504250207,342.85714285714283
52.33277769560553,327.27272727272725
76.3142653691114,400.0
55.12809367802373,342.85714285714283
52.43463321542647,327.27272727272725
59.68954587849509,342.85714285714283
46.83674205963921,342.85714285714283
60.38117303851618,342.85714285714283
51.09129495117102,327.27272727272725
53.29891461932198,313.04347826086956
60.38447009221119,360.0
59.149785653068086,342.85714285714283
50.86730681224354,313.04347826086956
53.15116651177148,327.27272727272725
58.60875890542136,342.85714285714283
49.14271797373308,300.0
54.03858173721894,342.85714285714283
57.884266066210785,327.27272727272725
47.0795004190532,313.04347826086956
48.870842892642806,300.0
62.81577867800696,342.85714285714283
42.11185496394322,288.0
49.95348925119334,313.04347826086956
43.25379871599152,288.0
59.40659243909742,327.27272727272725
41.41654503675967,288.0
42.440497583714055,300.0
49.70649624842525,300.0
52.969589066512405,313.04347826086956
57.09321118997234,327.27272727272725
55.22605784134991,327.27272727272725
66.1710215468635,342.85714285714283
56.429302249999715,342.85714285714283
37.650600871241984,288.0
63.73339082710349,342.85714285714283
54.09208067135773,313.04347826086956
38.74640552413353,276.9230769230769
55.39840896784353,327.27272727272725
48.4953104567805,313.04347826086956
58.76777750214365,327.27272727272725
63.977907994569065,342.85714285714283
74.61025457156114,360.0
40.263136048815596,276.9230769230769
49.39985930584791,313.04347826086956
59.49717708586763,313.04347826086956
55.97292883407253,327.27272727272725
49.86953789592351,288.0
53.58575785048328,313.04347826086956
50.226018854696385,288.0
55.93473231190937,313.04347826086956
70.26407489964893,342.85714285714283
55.73200509990274,327.27272727272725
53.57972908577838,327.27272727272725
56.87270069685899,342.85714285714283
44.02329787415348,288.0
71.89986571602716,360.0
60.196631218381626,360.0
51.00695302099601,300.0
65.54522775605132,327.27272727272725
55.54803775793347,313.04347826086956
60.80233070273123,342.85714285714283
44.565015755385275,313.04347826086956
65.29816845557616,327.27272727272725
47.933534840838654,313.04347826086956
50.0078352685226,288.0
46.456784442207116,288.0
65.58708285951745,360.0
57.34011488952586,342.85714285714283
67.63761030044515,342.85714285714283
45.66602464798899,300.0
54.980146134725295,342.85714285714283
74.91496883082122,360.0
42.788067131718854,288.0
60.762052947756374,360.0
59.87850299153527,327.27272727272725
59.05050605308129,327.27272727272725
49.59400476199105,300.0
50.203547528552754,327.27272727272725
53.266420502617166,313.04347826086956
58.107384777972996,313.04347826086956
45.021965049648124,300.0
68.47001469324599,342.85714285714283
72.13281794542522,360.0
61.13391355844049,342.85714285714283
52.33438794310694,300.0
56.80867743438674,327.27272727272725
49.809968611551675,327.27272727272725
52.98115125191507,313.04347826086956
51.020943852321444,300.0
46.55754933850377,300.0
44.2720751853142,288.0
52.49555307609438,313.04347826086956
53.36183832920874,327.27272727272725
42.28899886008296,300.0
48.26476617509687,313.04347826086956
35.037106491695845,266.6666666666667
44.42942875019961,300.0
48.35077503708027,313.04347826086956
57.32377083162687,313.04347826086956
63.72838036184238,360.0
57.09386534787496,327.27272727272725
54.98511683482584,313.04347826086956
54.31271546614901,327.27272727272725
48.18310874925961,276.9230769230769
58.00639255230848,327.27272727272725
71.60200295409179,378.94736842105266
47.84475795807677,300.0
61.00587443607002,342.85714285714283
41.05719949493913,276.9230769230769
65.74030368349709,342.85714285714283
47.69122634436247,313.04347826086956
52.83124829879469,313.04347826086956
68.29564837969863,360.0
57.32917974790387,327.27272727272725
51.084834810122814,327.27272727272725
47.380482286291986,300.0
69.65152423549313,400.0
63.216692856627574,342.85714285714283
50.59238130143487,300.0
47.09481771631893,288.0
64.41181085804809,360.0
40.844368035883605,300.0
67.2621304904327,342.85714285714283
52.89882511348444,327.27272727272725
62.12751756318252,327.27272727272725
55.588332814134084,313.04347826086956
55.19926019877675,300.0
58.678111790346186,327.27272727272725
63.50242792073236,327.27272727272725
53.312927894778845,313.04347826086956
54.06446855594732,313.04347826086956
66.17430383980194,360.0
63.98504717558157,327.27272727272725
65.22226518320639,342.85714285714283
55.852744568610326,327.27272727272725
46.40236189784771,288.0
71.18743527687283,342.85714285714283
55.10691201763938,327.27272727272725
71.33995597822675,360.0
53.33210285748633,313.04347826086956
60.40848278670256,327.27272727272725
51.38243389872718,327.27272727272725
58.62512935843432,342.85714285714283
39.81356006036474,276.9230769230769
51.54566745575896,288.0
61.956105197143344,327.27272727272725
60.69164866686835,327.27272727272725
59.03674315941465,342.85714285714283
56.54714548577173,313.04347826086956
56.18581029110359,300.0
53.18433426270827,288.0
62.47120123836796,327.27272727272725
45.571816941816756,276.9230769230769
54.538592599008474,300.0
49.09359300297937,300.0
52.046306440643576,313.04347826086956
64.70000959924661,327.27272727272725
51.799449720720396,313.04347826086956
66.28990735667551,360.0
57.81991935085466,327.27272727272725
67.29545047888503,342.85714285714283
49.38111589237098,313.04347826086956
64.4994601016408,342.85714285714283
37.38907934728802,288.0
62.257890329131136,313.04347826086956
51.20596929286583,300.0
47.71890831346023,313.04347826086956
73.32904839390353,378.94736842105266
52.04928449586085,313.04347826086956
56.060133590580264,313.04347826086956
57.830344895014804,327.27272727272725
51.689761702309404,300.0
52.15232455247984,313.04347826086956
67.62161789421148,360.0
59.789948064087916,327.27272727272725
43.67398486318885,288.0
47.910444316581,300.0
55.15546971408604,313.04347826086956
48.80260336150061,313.04347826086956
55.46813457434911,313.04347826086956
55.709521760151056,327.27272727272725
47.962646401032615,288.0
70.326605732021,360.0
56.66899655217018,342.85714285714283
63.62655922450461,327.27272727272725
56.33182035040604,313.04347826086956
70.42658472531623,342.85714285714283
53.853762248847495,313.04347826086956
61.33231441292161,313.04347826086956
55.47343635018585,327.27272727272725
79.06614605178727,378.94736842105266
69.26758917783339,360.0
50.42267022131105,288.0
72.14663285858569,342.85714285714283
48.456599360639295,288.0
58.57995075280776,327.27272727272725
51.34417675964121,300.0
55.580091066218934,313.04347826086956
61.20321630314911,327.27272727272725
70.28511032589402,378.94736842105266
45.7634412180925,288.0
53.892432049293426,313.04347826086956
58.376256929701945,313.04347826086956
62.234988845087024,342.85714285714283
83.7703807287736,378.94736842105266
61.26956677178712,327.27272727272725
69.93880672293318,342.85714285714283
44.288446764978524,266.6666666666667
62.980458295856266,342.85714285714283
71.45544260871073,378.94736842105266
63.522336798302234,327.27272727272725
57.99918407273406,327.27272727272725
60.9217070913097,313.04347826086956
67.0718460467813,327.27272727272725
70.33660546413628,342.85714285714283
60.85164009748679,342.85714285714283
55.407174175871496,327.27272727272725
49.218458750539206,288.0
60.736030015000544,327.27272727272725
45.29712133926342,300.0
54.90307139119932,300.0
54.677151770087924,313.04347826086956
68.61224508070191,342.85714285714283
54.039864689528635,313.04347826086956
72.6847620108107,360.0
60.752483435053406,313.04347826086956
89.10898044494496,400.0
75.42837318776283,378.94736842105266
50.85058662732914,313.04347826086956
42.44340485323146,300.0
65.09159868104214,360.0
73.47319380539602,378.94736842105266
60.320734432866495,313.04347826086956
61.03068695281354,342.85714285714283
60.61515307535305,327.27272727272725
71.35574479130544,360.0
46.03673728981944,288.0
71.41126272249106,342.85714285714283
75.95614506003079,378.94736842105266
54.43359249599927,313.04347826086956
61.36308060994606,313.04347826086956
55.93597513084385,300.0
62.17295226451215,327.27272727272725
50.23343316645122,288.0
60.712257775129956,327.27272727272725
62.94905472580917,313.04347826086956
60.777886450927824,342.85714285714283
52.03760414320355,313.04347826086956
51.29510801206211,300.0
53.852800596341694,300.0
63.06651869744135,327.27272727272725
53.47662461224124,300.0
55.484359357758876,313.04347826086956
79.84003746684547,360.0
59.93143197187551,327.27272727272725
46.368940076545826,276.9230769230769
61.98940407778334,342.85714285714283
71.90013618308274,378.94736842105266
68.36331428646267,342.85714285714283
55.48025631423136,300.0
70.96696948619032,360.0
61.2686652214612,300.0
71.72685851149902,342.85714285714283
45.937457985272125,313.04347826086956
49.83767286729485,327.27272727272725
53.307236296764664,300.0
61.26340142827683,342.85714285714283
40.116796201886416,288.0
74.79613611465938,360.0
62.239249621780985,327.27272727272725
78.21646498384084,400.0
58.41485316984588,300.0
50.50689958739854,313.04347826086956
60.44020514067641,342.85714285714283
72.79580404426784,360.0
77.30231104271598,360.0
53.81687664831196,300.0
52.629852376793146,300.0
57.95634483814685,342.85714285714283
56.369821132187205,327.27272727272725
50.407035014704284,313.04347826086956
60.50590746053229,327.27272727272725
62.93694641548769,313.04347826086956
59.835645473313456,313.04347826086956
50.463112872400366,313.04347826086956
61.77557306928217,313.04347826086956
62.576701935873466,327.27272727272725
55.42969795181439,313.04347826086956
55.41496171869266,327.27272727272725
50.36252554529957,288.0
78.49926772453128,378.94736842105266
68.69312548947568,360.0
76.71154483260962,360.0
38.344229611641374,300.0
83.99495475190005,400.0
82.59537137732539,378.94736842105266
47.43278276307873,276.9230769230769
63.01270461763126,342.85714285714283
68.6393697599777,360.0
59.049762287425956,342.85714285714283
52.11551041204661,300.0
62.751872117235415,327.27272727272725
63.03091152201281,342.85714285714283
72.27177726121633,342.85714285714283
54.33235139654484,313.04347826086956
68.21244802839202,378.94736842105266
63.00817552056728,327.27272727272725
50.23272201453032,300.0
63.91680372463335,342.85714285714283
55.96145063676411,327.27272727272725
67.0554712059112,342.85714285714283
58.668624282539476,342.85714285714283
61.704009604785696,342.85714285714283
63.31578172948761,327.27272727272725
48.062566216511414,313.04347826086956
47.86323092374421,327.27272727272725
54.282666742087635,313.04347826086956
64.99087017092194,327.27272727272725
49.08250755483474,300.0
53.7018481241496,313.04347826086956
62.12729032382315,327.27272727272725
58.597389651058926,342.85714285714283
49.78398293941518,313.04347826086956
69.24932163785806,342.85714285714283
48.923783257319386,313.04347826086956
61.42210696465781,313.04347826086956
64.27210489194768,327.27272727272725
63.34974087412215,327.27272727272725
60.650848974344505,313.04347826086956
59.36003849563312,327.27272727272725
68.67500833617002,327.27272727272725
82.56541115352059,400.0
51.60146879261329,327.27272727272725
66.60332959476371,360.0
48.909612048818715,313.04347826086956
66.53948633126245,342.85714285714283
48.31699797850959,276.9230769230769
54.28115501846573,313.04347826086956
47.65613634743601,288.0
48.03927891109647,276.9230769230769
56.31238102031621,313.04347826086956
76.58101345191426,360.0
58.495703384514954,313.04347826086956
77.19469774870105,378.94736842105266
66.79691059426736,342.85714285714283
57.6956419892554,300.0
56.23147156123854,313.04347826086956
68.54530947483101,342.85714285714283
67.7615550044828,360.0
62.09813231210433,327.27272727272725
66.56010842071541,342.85714285714283
58.07898101810158,327.27272727272725
45.174574959035915,276.9230769230769
64.13573438110113,360.0
50.433500806480964,300.0
46.72370279764644,313.04347826086956
56.10058661634026,313.04347826086956
77.69341268937129,378.94736842105266
66.05405359920425,342.85714285714283
46.53344154475505,288.0
46.872998279404584,276.9230769230769
56.4936156779168,313.04347826086956
59.253546637582254,327.27272727272725
69.36496188114555,360.0
65.97844490476785,327.27272727272725
55.19675355862946,313.04347826086956
56.97717027049497,327.27272727272725
55.81438757556583,313.04347826086956
55.105599259638495,300.0
53.22832237232662,300.0
54.21417090601289,313.04347826086956
66.89083852532906,342.85714285714283
65.1043388840393,342.85714285714283
64.61671678944624,342.85714285714283
56.08629532277184,300.0
55.033637707816574,327.27272727272725
49.64601856516485,313.04347826086956
50.228163259886365,313.04347826086956
68.30867777272746,360.0
55.39769519033211,327.27272727272725
40.39060213636226,276.9230769230769
55.329162316471994,313.04347826086956
82.25818642234744,400.0
72.5684966367879,360.0
84.85947531318944,400.0
54.77950404809653,327.27272727272725
53.056087758301786,313.04347826086956
54.67515584505398,313.04347826086956
63.04544176353632,327.27272727272725
57.78394931365533,327.27272727272725
57.58610546671919,313.04347826086956
71.19337594307872,360.0
49.65294170392277,288.0
60.003179800449026,342.85714285714283
83.08335831880613,378.94736842105266
47.19350171506089,288.0
68.51292736363446,342.85714285714283
51.19332710368457,300.0
61.971400795707545,327.27272727272725
47.821099676863604,300.0
62.35671914932155,327.27272727272725
46.45880517016382,288.0
46.65552983250301,288.0
51.764602171397456,327.27272727272725
54.39797554625129,327.27272727272725
72.33679780464365,378.94736842105266
64.79619960126443,327.27272727272725
45.72421186861605,276.9230769230769
53.24658940337827,288.0
81.3467398996277,360.0
61.40069898726092,327.27272727272725
71.72734956587055,342.85714285714283
56.53238164641092,313.04347826086956
51.25906906548835,300.0
62.66410774443377,342.85714285714283
67.93252756442087,360.0
57.29411297901076,313.04347826086956
45.71255592804932,313.04347826086956
58.042442348111784,313.04347826086956
64.68064429797602,313.04347826086956
71.33134744379413,342.85714285714283
58.31243663143182,313.04347826086956
55.33700910269625,300.0
54.312920253223226,327.27272727272725
57.109211934295175,327.27272727272725
60.75013890001229,342.85714285714283
58.31435903892099,313.04347826086956
49.06682320590912,288.0
57.751586427121744,313.04347826086956
68.90537432974837,327.27272727272725
59.37819286842962,313.04347826086956
72.09852135298891,360.0
59.91596895811983,313.04347826086956
50.28349840122828,288.0
67.71524888718086,327.27272727272725
55.898104792741975,327.27272727272725
67.026325994578,342.85714285714283
54.146762080020295,300.0
59.4882031571234,327.27272727272725
51.77213214325936,313.04347826086956
50.76956849974784,300.0
57.59284336209601,327.27272727272725
66.32713772954398,360.0
49.90010188043211,300.0
58.85575013474489,327.27272727272725
69.19271565403112,378.94736842105266
47.03744398280005,300.0
63.85705055346232,327.27272727272725
60.9075449529421,313.04347826086956
58.690308010320685,313.04347826086956
54.02751360630627,313.04347826086956
61.872781092994856,342.85714285714283
41.962189586915045,288.0
71.63386702289289,360.0
51.0410466379937,300.0
50.04384559490401,327.27272727272725
48.64014742242375,300.0
46.002869943879425,288.0
56.08909533663603,327.27272727272725
59.2510831432482,327.27272727272725
66.8838166333457,342.85714285714283
63.23381136321859,342.85714285714283
66.95674187410803,342.85714285714283
49.18774138334044,300.0
50.14171062547472,313.04347826086956
64.50711898641956,360.0
51.05915801347992,313.04347826086956
49.82125959929717,288.0
40.758715463321266,288.0
56.744618828561514,313.04347826086956
56.564267737739286,327.27272727272725
71.45071023379583,378.94736842105266
61.18681597860998,313.04347826086956
43.97839930877007,276.9230769230769
61.82547290368813,342.85714285714283
65.0991729293168,360.0
40.54694916378386,300.0
57.4107476779066,327.27272727272725
54.76143227366344,327.27272727272725
53.94455118594735,313.04347826086956
69.03386189967395,360.0
62.31463558705888,327.27272727272725
40.62311381165376,313.04347826086956
67.49510412777045,360.0
51.12555733102666,313.04347826086956
64.36111304914502,360.0
42.480248390959126,288.0
57.68996582894937,342.85714285714283
61.443725009572326,342.85714285714283
60.79475669765594,342.85714285714283
48.81933777695809,300.0
62.135144683312255,327.27272727272725
48.83114055447754,300.0
67.57295686586295,342.85714285714283
74.56164681761797,360.0
71.85428390550427,327.27272727272725
64.63203604825844,360.0
65.7049316963524,327.27272727272725
61.25505016002155,342.85714285714283
58.595922779913785,313.04347826086956
74.25921766101308,342.85714285714283
57.679399636496434,313.04347826086956
53.36539644024019,288.0
60.18727439109362,313.04347826086956
54.78128619912716,300.0
66.87918068037584,342.85714285714283
91.62618491331668,400.0
57.942083964551195,327.27272727272725
61.842384930023854,327.27272727272725
69.00104655839897,360.0
76.22878527200767,378.94736842105266
55.35994897382546,300.0
59.27051050284707,327.27272727272725
67.22240799193803,327.27272727272725
59.966811486213,313.04347826086956
68.18084203521126,342.85714285714283
60.030431726964224,313.04347826086956
59.90168643409812,327.27272727272725
69.36424286819995,360.0
78.40895248799033,378.94736842105266
54.755767914268574,300.0
53.21809302168646,313.04347826086956
60.171592657729725,327.27272727272725
75.98855803431131,378.94736842105266
65.16722302186528,360.0
50.94046497059036,300.0
64.02420238040203,360.0
48.552862441450685,288.0
50.59562723185056,313.04347826086956
65.47911449669542,360.0
65.84416192919433,360.0
73.2156961980865,360.0
54.56793322664733,313.04347826086956
66.42134870650477,360.0
79.02579405114469,378.94736842105266
66.02957668226526,327.27272727272725
50.08889232288893,300.0
45.5592222913483,288.0
59.63912971945106,327.27272727272725
65.25532010645341,342.85714285714283
60.793668579653854,327.27272727272725
63.33665373647935,313.04347826086956
58.600911820968,327.27272727272725
75.04290501593418,342.85714285714283
45.785647056780384,300.0
44.537276515405786,342.85714285714283
72.2538336837368,378.94736842105266
58.40698332792422,342.85714285714283
41.71089671898899,288.0
51.80052333012413,313.04347826086956
59.988355963587004,313.04347826086956
48.762697421740015,313.04347826086956
66.42196370675428,327.27272727272725
71.30320020540928,342.85714285714283
53.82193126664529,327.27272727272725
61.41128619935793,327.27272727272725
57.254983683130696,327.27272727272725
57.427266358780365,327.27272727272725
64.42430042637932,327.27272727272725
70.50155619283785,342.85714285714283
53.84186510806633,313.04347826086956
63.200253482837475,327.27272727272725
50.256411984940286,300.0
49.80252994754699,300.0
48.38407308519108,288.0
48.87761189344722,313.04347826086956
66.00339003075263,360.0
44.00614198060349,288.0
54.292575271423175,300.0
67.4090409555052,342.85714285714283
55.239695453570214,313.04347826086956
83.3094818178273,378.94736842105266
65.25093029208644,342.85714285714283
54.88238133670848,327.27272727272725
54.65165970907072,327.27272727272725
51.519373681072466,300.0
62.05437962959944,342.85714285714283
75.2975959043226,342.85714285714283
48.39951495947319,300.0
54.34873058075892,300.0
48.78324246257435,300.0
59.88611214060126,342.85714285714283
60.115446497292076,313.04347826086956
61.13362808348859,327.27272727272725
57.629921768050636,313.04347826086956
51.89835894903598,300.0
52.64592386574865,313.04347826086956
62.787811868976185,327.27272727272725
73.26842838448614,360.0
67.01411072176789,327.27272727272725
61.14841152527874,313.04347826086956
79.1514933548339,360.0
51.07442159225428,300.0
80.39638512825489,378.94736842105266
59.19296560793796,327.27272727272725
70.82514659813673,342.85714285714283
55.879871287093536,313.04347826086956
63.56875505548374,327.27272727272725
53.76397674007103,313.04347826086956
67.59616732076027,327.27272727272725
65.00043562594534,327.27272727272725
51.01694968693962,300.0
66.47629255493092,342.85714285714283
80.66239072805753,378.94736842105266
56.895762672407926,327.27272727272725
68.505625536235,327.27272727272725
80.65988050159302,378.94736842105266
57.41785810849185,327.27272727272725
61.32741562015774,313.04347826086956
65.87104315367444,342.85714285714283
63.69741067811539,342.85714285714283
52.18965194875866,288.0
83.35504679459955,378.94736842105266
64.91752398474922,342.85714285714283
55.37128155602,327.27272727272725
86.7489376085499,400.0
84.28794548687486,360.0
66.92314292646618,342.85714285714283
57.98607144983239,313.04347826086956
51.80690125854944,313.04347826086956
67.80733592403459,360.0
53.884477313938255,327.27272727272725
56.23468045307508,300.0
69.83796573566825,327.27272727272725
61.609917912885905,327.27272727272725
52.055276353474504,313.04347826086956
67.64617088999451,342.85714285714283
62.18874525129975,313.04347826086956
67.45022521058462,327.27272727272725
65.80178250845498,342.85714285714283
80.21768403638038,400.0
70.10988010966483,342.85714285714283
46.22106905933188,300.0
61.195364315321406,342.85714285714283
89.4521689399245,378.94736842105266
53.93949991455309,300.0
52.152598160508894,327.27272727272725
54.4644785562145,313.04347826086956
71.46891462640403,342.85714285714283
55.98300944960305,327.27272727272725
69.3270172273384,342.85714285714283
55.7324055071054,313.04347826086956
55.519151717704794,313.04347826086956
74.81114576252679,360.0
56.2766553663711,327.27272727272725
53.541627399263376,342.85714285714283
58.8248802714657,313.04347826086956
50.692326249719216,313.04347826086956
51.88424131317458,313.04347826086956
50.43950791099302,327.27272727272725
57.677750997388934,300.0
79.65781210948649,360.0
67.08423082869912,342.85714285714283
71.55401747085642,360.0
57.278296939612964,342.85714285714283
64.23043995234808,327.27272727272725
76.58245621754203,378.94736842105266
83.92974665694503,400.0
60.831389034811394,327.27272727272725
69.69739177396478,342.85714285714283
51.37263957918769,313.04347826086956
44.742741697865135,300.0
69.31463298329574,360.0
57.40890242812183,342.85714285714283
76.73061411990898,360.0
57.68983588525699,342.85714285714283
57.63971109690441,327.27272727272725
79.8007211065214,378.94736842105266
49.630248388177286,276.9230769230769
64.16220315669351,360.0
66.76437947271809,360.0
47.886360151958186,313.04347826086956
60.448273353091984,327.27272727272725
65.70114592528977,342.85714285714283
69.72102814185676,342.85714285714283
55.59830594648565,327.27272727272725
50.121970619101496,300.0
56.01341781230398,300.0
59.22693782432862,313.04347826086956
52.85540861272179,327.27272727272725
81.48213740166064,378.94736842105266
65.0006989257875,342.85714285714283
50.52680796220511,313.04347826086956
49.801390926592724,313.04347826086956
68.33862309668332,360.0
62.84059543048895,327.27272727272725
58.281263221616506,313.04347826086956
72.65233646798671,360.0
46.853614379181614,300.0
73.74236495481532,342.85714285714283
71.32941290723001,327.27272727272725
66.64467914497449,342.85714285714283
56.548969287268626,313.04347826086956
55.48610606820434,313.04347826086956
76.20055903324538,360.0
71.06434126913616,378.94736842105266
58.93486985347632,342.85714285714283
56.93245662368969,300.0
53.18197260611897,327.27272727272725
57.888133752868406,327.27272727272725
64.53868733820511,342.85714285714283
52.90597934166376,300.0
49.44352085262917,327.27272727272725
35.5454604872028,266.6666666666667
71.08243943406185,342.85714285714283
83.79087174582705,360.0
73.3580583297332,342.85714285714283
44.870024574804205,276.9230769230769
49.99684497725171,313.04347826086956
58.13665357988193,360.0
54.5576227455995,313.04347826086956
55.82580178924203,313.04347826086956
74.80185182844203,360.0
73.01450698971321,342.85714285714283
51.719395844251586,313.04347826086956
59.65665515602192,313.04347826086956
55.25174869952919,313.04347826086956
55.83152258021414,313.04347826086956
58.94988054966433,313.04347826086956
52.80264206002169,300.0
