ep_returns,ep_lens
-23.623108498276213,51.61290322580645
-22.916064264659646,50.0
-22.66645120890082,50.0
-22.266034928084846,48.85496183206107
-21.939937723199744,48.85496183206107
-22.40982749158726,50.0
-21.393523307105045,47.76119402985075
-21.176508000868726,47.76119402985075
-20.558111316871226,47.407407407407405
-20.443620203294724,47.76119402985075
-19.94447660224977,47.407407407407405
-20.03739358468072,48.85496183206107
-19.42706162110992,47.05882352941177
-18.91555309940384,46.0431654676259
-19.122259109375513,47.05882352941177
-18.39923160404512,46.0431654676259
-18.21913599253131,47.05882352941177
-18.02331372415989,47.05882352941177
-17.80308158303708,46.715328467153284
-17.374019203626762,46.0431654676259
-16.979246704939182,45.714285714285715
-17.123826615833504,47.05882352941177
-16.412313953526112,45.070422535211264
-16.20939560018156,45.714285714285715
-15.747165981835298,45.39007092198582
-16.154686503642107,46.0431654676259
-15.75741489583852,46.0431654676259
-15.26526599402486,45.714285714285715
-15.465375800779059,45.39007092198582
-14.76971890526777,43.53741496598639
-14.523300272499549,43.83561643835616
-14.150063866214886,44.13793103448276
-14.097127749191015,43.83561643835616
-13.825140261540158,43.53741496598639
-13.622620497790518,42.10526315789474
-13.59880284523436,44.13793103448276
-13.170231584963997,41.55844155844156
-13.091149721625968,42.95302013422819
-12.826076329603193,41.830065359477125
-12.702585214239972,43.24324324324324
-12.747195756364352,42.384105960264904
-12.311892861626646,41.29032258064516
-12.537857402117524,42.10526315789474
-12.000914782810389,41.55844155844156
-11.795687699272298,41.830065359477125
-11.63170049488093,41.02564102564103
-12.090142732935224,41.55844155844156
-11.544994961207813,41.830065359477125
-11.439284197347773,41.55844155844156
-11.343349388446695,40.50632911392405
-11.028689306500246,40.76433121019108
-11.181309599031753,40.50632911392405
-10.76240138475977,40.25157232704402
-10.64223769594005,40.50632911392405
-10.394655486633425,40.50632911392405
-10.042925106670857,39.02439024390244
-9.724857125119918,39.75155279503105
-9.955428823352896,39.75155279503105
-9.714308318734556,39.02439024390244
-9.814975839760725,39.263803680981596
-9.280768338723245,39.02439024390244
-9.564174843833916,39.50617283950617
-9.23738247137533,39.263803680981596
-9.132039806042314,38.55421686746988
-8.654294874534699,38.095238095238095
-8.7393843846975,38.095238095238095
-8.602902543289227,36.994219653179194
-8.274689547962728,36.7816091954023
-8.387279836219554,36.7816091954023
-8.599019999039394,36.994219653179194
-8.317891143429241,36.7816091954023
-8.14728947786578,35.95505617977528
-8.166282857743306,36.36363636363637
-8.13029800758875,35.55555555555556
-7.714499511571675,36.15819209039548
-7.6676067107987755,35.16483516483517
-7.760772058360732,35.35911602209945
-7.883193680909632,35.55555555555556
-7.684683730688561,34.97267759562842
-7.327333069854306,34.78260869565217
-7.413970868220637,35.35911602209945
-7.4500465218192025,34.97267759562842
-7.545155666198612,35.16483516483517
-7.007831998226016,34.04255319148936
-7.271053773336076,34.04255319148936
-7.068074193600975,35.16483516483517
-6.889133192309133,34.40860215053763
-7.045437745090458,34.5945945945946
-6.729479501983718,33.86243386243386
-6.841061781972911,34.5945945945946
-6.722963691417969,34.224598930481285
-6.687643204931085,34.04255319148936
-6.645905227077571,34.04255319148936
-6.426958337965591,33.86243386243386
-6.507963478954781,34.04255319148936
-6.17395101376314,32.6530612244898
-6.248493647844631,33.68421052631579
-6.097329149754052,33.333333333333336
-6.136884486124331,32.48730964467005
-6.170712734820217,34.04255319148936
-6.044198185551513,33.333333333333336
-5.908946445752076,32.98969072164948
-5.972140538556553,33.16062176165803
-5.813518775204831,32.98969072164948
-5.693350886132778,32.48730964467005
-5.698594800032391,32.0
-5.6992173842580645,32.1608040201005
-5.571639989080723,31.527093596059114
-5.582361673023225,31.683168316831683
-5.719288314166839,32.323232323232325
-5.535036255786585,32.0
-5.483502947603463,31.683168316831683
-5.49960705177946,32.1608040201005
-5.229708326160667,31.372549019607842
-5.316124372825313,31.527093596059114
-5.320201235076985,31.527093596059114
-5.228856392337444,31.067961165048544
-5.11104510596864,31.21951219512195
-4.983482675608008,30.76923076923077
-5.025595565756954,31.067961165048544
-5.089613312673001,31.21951219512195
-4.847082878739242,30.917874396135264
-5.1250037193713105,31.067961165048544
-4.8846733334179255,30.62200956937799
-4.905061314005227,30.62200956937799
-4.879303786277588,30.62200956937799
-4.955264681758909,30.62200956937799
-4.846479381778087,30.33175355450237
-4.746818456658701,30.33175355450237
-4.80167742705599,29.906542056074766
-4.436046856947251,30.476190476190474
-4.60260761332661,30.046948356807512
-4.717824022967031,29.767441860465116
-4.5334581235004885,29.493087557603687
-4.509844112628667,29.62962962962963
-4.397112036211943,29.62962962962963
-4.250674373541651,28.82882882882883
-4.234284746314221,29.22374429223744
-4.069695183817394,29.09090909090909
-4.187482804189972,28.82882882882883
-4.185828898108734,28.959276018099548
-4.006494148043297,29.09090909090909
-4.080543680209776,29.357798165137616
-4.197278948611918,29.493087557603687
-4.016871274141161,28.444444444444443
-3.893187672204538,28.07017543859649
-3.8169956244086403,28.444444444444443
-3.8917054891596674,28.699551569506728
-3.706905454295383,28.19383259911894
-3.84494697762478,28.07017543859649
-3.8213272344778817,28.444444444444443
-3.676759684993714,28.19383259911894
-3.7729559193893767,28.699551569506728
-3.71408834963865,28.19383259911894
-3.658280639527681,28.31858407079646
-3.730961252133299,27.94759825327511
-3.675264979926485,27.467811158798284
-3.518422012328407,27.467811158798284
-3.4953539602381314,27.23404255319149
-3.3903765646146544,27.586206896551722
-3.38005161305325,27.35042735042735
-3.4327339284146725,27.11864406779661
-3.3988904937829667,27.11864406779661
-3.276187489801854,27.0042194092827
-3.1788121085832204,26.446280991735538
-3.104667979785433,26.89075630252101
-3.1363819993660083,26.446280991735538
-2.9995236323798156,26.016260162601625
-3.032516420645875,26.122448979591837
-2.953113407960826,26.666666666666668
-2.9881061196108702,26.016260162601625
-2.9692253686456525,26.229508196721312
-3.0506512415333873,26.122448979591837
-2.9534610978443814,25.6
-2.961811354972764,25.70281124497992
-2.878555312621782,25.296442687747035
-2.864206573156605,25.70281124497992
-2.845548155209912,25.396825396825395
-2.809630563294161,25.6
-2.7343831368418656,25.806451612903224
-2.8775201106543125,26.337448559670783
-2.8730563332620447,25.70281124497992
-2.721092422315275,25.910931174089068
-2.6030272615954635,26.122448979591837
-2.713857387375668,26.229508196721312
-2.612180771380721,25.910931174089068
-2.5428829377475966,26.229508196721312
-2.516196813484062,26.122448979591837
-2.5871375439773323,26.016260162601625
-2.5941453446694305,26.446280991735538
-2.5450711431947206,26.016260162601625
-2.555378329206927,26.016260162601625
-2.491950259935315,26.337448559670783
-2.410900474698243,26.446280991735538
-2.4537340076877543,26.666666666666668
-2.440061584033214,26.446280991735538
-2.3739351663698436,26.337448559670783
-2.554366783552011,26.337448559670783
-2.500526599360766,25.6
-2.4403132052802623,26.229508196721312
-2.3643750319409813,25.70281124497992
-2.3801802671719607,25.49800796812749
-2.349605173014512,25.910931174089068
-2.3414044449157134,26.337448559670783
-2.262437243104003,26.016260162601625
-2.220798651526395,25.70281124497992
-2.1707933960487,25.6
-2.278957573715362,25.70281124497992
-2.252835914972563,25.70281124497992
-2.2402178529063894,25.19685039370079
-2.178572463900882,25.910931174089068
-2.2210435314558867,25.70281124497992
-2.180646222793742,26.016260162601625
-2.1178538526035884,26.446280991735538
-2.10723843743281,26.122448979591837
-2.1420033688368116,26.89075630252101
-2.134028376170786,26.337448559670783
-2.1056549896449317,26.556016597510375
-2.0336071300424297,25.910931174089068
-2.014965401982236,27.467811158798284
-2.0998983509196023,26.016260162601625
-2.1148495395639375,26.556016597510375
-2.005067194846031,27.0042194092827
-2.175257564038215,26.337448559670783
-2.1414762804626304,26.666666666666668
-1.9112661167033125,26.89075630252101
-1.9266672684822346,26.89075630252101
-2.0417006098573958,27.705627705627705
-2.0242271584511013,27.586206896551722
-1.9838701070112201,27.35042735042735
-2.047346790040034,27.11864406779661
-1.7761415346605742,27.586206896551722
-2.0028953948543924,27.467811158798284
-1.9302414499712393,28.699551569506728
-1.9789728877856758,28.959276018099548
-1.9585035139362519,29.357798165137616
-1.8757649685908333,31.21951219512195
-1.8300923489709393,31.527093596059114
-1.7287347629452596,31.067961165048544
-1.8412075257884124,30.18867924528302
-1.844499571831466,30.62200956937799
-1.9609765486750166,29.62962962962963
-1.9415236200047696,31.683168316831683
-1.7970011223417641,30.76923076923077
-1.7924981629886534,30.476190476190474
-1.7321826726892602,31.527093596059114
-1.789081361594996,32.1608040201005
-1.8304875982377369,32.1608040201005
-1.7235378505136871,34.224598930481285
-1.6908971567166213,32.98969072164948
-1.8285480597147261,33.68421052631579
-1.436153410683736,34.97267759562842
-1.8217504044951687,33.333333333333336
-1.3870867655013734,34.40860215053763
-1.359303347722333,35.95505617977528
-1.6055344642696494,33.16062176165803
-1.3712011116228198,34.78260869565217
-1.2794764138422208,34.224598930481285
-1.6766510817451057,35.754189944134076
-1.4279839483332097,34.97267759562842
-1.467464720790488,35.55555555555556
-1.3544934108062843,35.16483516483517
-1.2875704371189745,34.5945945945946
-1.2428862867184292,35.55555555555556
-1.2273864556824723,36.57142857142857
-0.8396960012966493,37.42690058479532
-1.1184232732469779,38.32335329341317
-1.4066593329768298,35.95505617977528
-0.779644563253522,38.78787878787879
-1.2962706064913139,36.994219653179194
-1.1050725835331325,38.55421686746988
-0.8394691778775257,39.263803680981596
-1.1786827367780632,37.64705882352941
-1.2485473354433327,38.32335329341317
-0.9676116754991624,38.32335329341317
-0.8950465757234924,40.50632911392405
-0.6225261269562065,40.76433121019108
-0.7354004596252494,41.02564102564103
-0.8910425193840056,40.50632911392405
-0.6908811755986501,41.55844155844156
-0.0858610479965787,42.384105960264904
-0.11046737224868249,44.44444444444444
-0.09931509146894016,44.75524475524475
-0.23133490101776344,45.070422535211264
-0.15758860575452685,44.13793103448276
-0.5180655565557627,44.13793103448276
-0.38240180486261344,43.83561643835616
-0.23313632905847873,44.75524475524475
-0.867404051801627,46.3768115942029
-0.1429710728509732,45.714285714285715
0.31022858052259666,46.3768115942029
0.41952097510097414,46.0431654676259
-0.0620055130581155,45.714285714285715
-0.3424757847036618,46.0431654676259
-0.20813526565709733,45.070422535211264
-0.467436038314859,48.1203007518797
-0.4146194812675888,46.0431654676259
-0.42772323101273,46.715328467153284
0.239535847686749,46.3768115942029
0.08762550763052922,47.76119402985075
0.39148951693617273,46.715328467153284
0.4326775918654958,48.484848484848484
0.7983801307356636,47.76119402985075
0.8226028269553844,50.0
0.30546707288056946,48.85496183206107
0.42469844669676027,48.1203007518797
0.48204292516026265,47.407407407407405
0.9575525628983649,49.23076923076923
0.5592725132370069,47.76119402985075
0.6165781691355138,50.79365079365079
1.070065241800489,49.6124031007752
0.46578208320489184,50.39370078740158
0.6673715806746062,49.6124031007752
0.6216632673779201,50.39370078740158
1.0803459799130513,50.39370078740158
0.6789685000565685,50.79365079365079
0.6533695525547577,49.6124031007752
0.5812805766137429,49.6124031007752
0.4977791320888924,51.61290322580645
1.0640258607270854,51.61290322580645
1.0905070945212834,50.79365079365079
0.6401096446617407,50.0
1.0384889436973845,50.39370078740158
0.7951022446160653,51.61290322580645
1.1268580388455547,50.0
1.498359741066553,51.2
1.0647227191829918,50.39370078740158
0.9259894641865154,49.6124031007752
0.6512443510917927,50.79365079365079
1.562173210728036,48.85496183206107
2.195250822675518,52.892561983471076
1.7722774833619286,51.2
1.5937628095894687,49.23076923076923
1.731788667179644,52.892561983471076
1.881938421979529,50.79365079365079
1.5976277873467521,49.6124031007752
1.5307764507932735,50.39370078740158
1.694083532030619,51.2
1.3596859403373245,50.0
1.8271528066752372,50.79365079365079
1.9754063750386852,50.79365079365079
2.4040528684308797,52.03252032520325
2.299410536544574,50.79365079365079
2.34224312350966,52.03252032520325
2.3190114687183616,52.459016393442624
1.9672268532243926,51.2
1.9286744193444458,52.03252032520325
2.099471132537817,51.2
2.478232936255249,52.03252032520325
1.9474614493013822,51.2
2.3767084469014184,51.61290322580645
2.938463596763636,52.892561983471076
2.4334972152777463,52.459016393442624
2.1569676825744004,52.459016393442624
2.587009105368489,50.79365079365079
2.5204993717991924,52.892561983471076
2.453286451738687,53.78151260504202
2.8354991048649305,53.78151260504202
2.294451147133753,52.459016393442624
3.146027369592977,53.78151260504202
2.692076422777333,53.78151260504202
2.5523409611335324,52.892561983471076
2.436917570012531,54.7008547008547
2.063661554378069,54.23728813559322
2.614941860823454,53.78151260504202
3.0309175117307543,54.7008547008547
2.6530467988294033,54.23728813559322
2.8994038770341484,54.23728813559322
2.8084171003761758,54.7008547008547
2.909602680977683,54.7008547008547
3.207607089660656,52.03252032520325
3.544438761826355,54.23728813559322
2.356955204348008,54.7008547008547
3.262785646762607,56.14035087719298
3.5404030626586214,56.63716814159292
2.9817420543312307,54.7008547008547
3.7453927993359932,54.23728813559322
4.100582053890757,54.23728813559322
4.002819690239963,53.78151260504202
3.6081496310497783,55.65217391304348
4.161435603283899,57.142857142857146
3.6704499217822653,56.14035087719298
3.988751098594313,57.142857142857146
3.5573440839825943,56.14035087719298
3.470517218835774,56.63716814159292
3.204312485535378,56.14035087719298
4.436529265163294,58.18181818181818
3.161721678672782,56.63716814159292
4.224887712477024,56.14035087719298
3.8099282435350457,58.71559633027523
4.160836360139826,55.172413793103445
4.1302924378438455,58.18181818181818
3.9908810096994896,59.25925925925926
4.072121984002047,57.65765765765766
4.109351314236097,56.63716814159292
4.115986907287546,54.7008547008547
4.756054974042862,56.63716814159292
3.7330543295134446,55.172413793103445
4.7170297007553055,55.65217391304348
4.518952752054129,58.71559633027523
5.172444643400836,58.71559633027523
4.593660648393576,57.142857142857146
4.639376575890041,57.142857142857146
4.519569412451232,62.13592233009709
4.919029765853502,57.142857142857146
4.645723349950859,57.65765765765766
5.0443514819936865,59.25925925925926
5.178842808153308,60.95238095238095
4.5375960778594235,57.65765765765766
5.427671607038433,61.53846153846154
4.345124231285818,59.25925925925926
4.965176234415999,59.81308411214953
5.1918184785919355,62.745098039215684
5.157239046322697,59.25925925925926
5.270117725080263,60.95238095238095
4.915863357822214,64.0
5.679705101925544,62.13592233009709
5.571069479048955,62.745098039215684
5.298757488473621,61.53846153846154
6.276606101547601,64.0
6.118024793439954,64.0
5.626589271884008,62.745098039215684
5.813169877279554,64.0
5.886409611252401,60.37735849056604
5.954596621117926,62.745098039215684
5.900057407022256,60.37735849056604
6.1313101167670165,64.0
6.173604389129641,62.13592233009709
5.974974318059652,64.0
6.00371362120999,63.366336633663366
6.077697674359766,64.0
6.448698769095389,65.3061224489796
6.081068804600444,66.66666666666667
6.435552127257521,67.36842105263158
6.558580561094768,65.97938144329896
6.341848459301226,67.36842105263158
6.56929997399413,66.66666666666667
7.256961535366991,65.97938144329896
6.084793505687028,67.36842105263158
7.034301472234343,68.81720430107526
7.312798118661697,70.32967032967034
8.224232476298887,71.11111111111111
7.83473033432999,71.11111111111111
7.523883255292823,70.32967032967034
7.892719508198414,73.5632183908046
7.8242220912432074,75.29411764705883
8.045889973581668,75.29411764705883
8.409711742410556,76.19047619047619
8.263655018282526,76.19047619047619
8.265054540540982,77.10843373493977
8.398486084539874,74.4186046511628
9.021066660928936,77.10843373493977
7.805578441393502,79.01234567901234
8.70764823467555,82.05128205128206
8.102064977108617,79.01234567901234
9.026122388860427,82.05128205128206
9.843817068532028,82.05128205128206
9.457867911552155,86.48648648648648
9.177847712808106,88.88888888888889
8.905291385283302,85.33333333333333
7.78238991162221,83.11688311688312
10.425516489769556,87.67123287671232
9.74171367562731,84.21052631578948
10.035376905295958,81.0126582278481
9.020207595841748,84.21052631578948
8.641458339473546,90.14084507042253
9.66282787197967,84.21052631578948
11.399007512578132,94.11764705882354
10.209776168038198,91.42857142857143
11.762426361335075,95.5223880597015
11.653066018323658,91.42857142857143
10.696042545409863,85.33333333333333
11.730583342390744,90.14084507042253
10.761771190105314,86.48648648648648
11.96965759281193,91.42857142857143
10.871975811231923,88.88888888888889
11.973736870794996,84.21052631578948
11.105935528785462,82.05128205128206
10.114571670105171,81.0126582278481
10.186375543694554,80.0
11.152617450537115,87.67123287671232
10.384598322175792,83.11688311688312
11.011272452736337,83.11688311688312
13.058291642075437,90.14084507042253
11.743579919852905,87.67123287671232
11.07974700011116,87.67123287671232
11.734027845962109,84.21052631578948
13.205174641886053,91.42857142857143
11.530973820449864,84.21052631578948
12.231021857053676,86.48648648648648
10.948434654146517,90.14084507042253
12.780720401451553,90.14084507042253
13.630101752514879,91.42857142857143
12.764664100552725,90.14084507042253
14.112076567661264,94.11764705882354
15.179053625147851,96.96969696969697
14.286503323072985,100.0
13.553583567049564,96.96969696969697
11.999483533003684,96.96969696969697
13.719216612747172,100.0
14.147893061965934,95.5223880597015
14.001463335424605,94.11764705882354
14.550915018374997,100.0
14.77058377073151,96.96969696969697
12.613829055809404,95.5223880597015
15.37993760899041,104.91803278688525
13.613128152586864,98.46153846153847
14.90116930164722,100.0
15.434885513859841,103.2258064516129
13.176887974634992,100.0
14.762194333835417,104.91803278688525
12.870995407836041,110.34482758620689
12.464090095534992,103.2258064516129
13.781371555627832,106.66666666666667
15.04714166562366,118.51851851851852
13.616175239953721,108.47457627118644
16.14898449684136,108.47457627118644
15.248289634611817,108.47457627118644
16.884362196553198,110.34482758620689
14.910391027891714,106.66666666666667
13.18714303565404,96.96969696969697
16.483905872956175,106.66666666666667
14.582641281308081,114.28571428571429
14.45639851574864,101.58730158730158
16.453493382954726,108.47457627118644
15.168820504356392,103.2258064516129
15.74207109278006,103.2258064516129
15.617304847392596,110.34482758620689
15.402429428286357,101.58730158730158
16.187561575921176,110.34482758620689
18.243959283187923,130.6122448979592
19.49696159884084,128.0
16.796774259268638,104.91803278688525
16.51836590898912,118.51851851851852
16.868810750847594,112.28070175438596
19.501048287748414,125.49019607843137
17.008940268830173,120.75471698113208
18.8911222607706,136.17021276595744
15.882487560359001,118.51851851851852
15.784169999759992,118.51851851851852
17.847020815583438,118.51851851851852
17.71714314841594,120.75471698113208
18.89867217369882,130.6122448979592
18.651663712883092,120.75471698113208
18.57122163897426,142.22222222222223
19.64444355909065,130.6122448979592
21.79673075340738,125.49019607843137
19.09507039895083,114.28571428571429
18.96373928835771,118.51851851851852
20.20895224325369,125.49019607843137
19.901677357736286,120.75471698113208
18.39713808762059,114.28571428571429
16.28362894696807,110.34482758620689
18.095405360069414,110.34482758620689
17.46260914832763,110.34482758620689
20.59737934771813,136.17021276595744
20.673204641877387,139.1304347826087
21.08808446661922,148.8372093023256
25.196938233523742,156.09756097560975
19.20246628434971,139.1304347826087
18.25467527114696,125.49019607843137
18.741558871759125,139.1304347826087
19.456464199304467,130.6122448979592
20.249611057175787,136.17021276595744
21.314152846224896,128.0
18.539276241536648,118.51851851851852
23.869347532514933,133.33333333333334
19.58357746777523,133.33333333333334
19.053657435525242,136.17021276595744
21.250288293418972,133.33333333333334
22.062740287187697,139.1304347826087
19.448886266400994,133.33333333333334
23.560265288388912,152.38095238095238
26.974772880603858,152.38095238095238
22.614614744708483,152.38095238095238
25.23943392426175,152.38095238095238
19.618265146006,133.33333333333334
17.205429921057622,133.33333333333334
24.76113028787581,148.8372093023256
21.578852411141952,133.33333333333334
23.738807383443774,136.17021276595744
24.647447205425376,148.8372093023256
29.2297350515519,152.38095238095238
23.466338624854117,130.6122448979592
20.352608409804855,125.49019607843137
23.013522020276067,133.33333333333334
21.205024684731413,130.6122448979592
20.301861170830065,128.0
25.970795916955105,142.22222222222223
25.644578874583928,130.6122448979592
24.905369806205826,139.1304347826087
30.937877162087034,145.45454545454547
30.01382659553131,156.09756097560975
32.62469908152341,160.0
26.673536946052007,133.33333333333334
26.183602757180747,145.45454545454547
24.090148824358003,148.8372093023256
29.350201134291833,156.09756097560975
29.18611464917908,168.42105263157896
25.623348838028477,156.09756097560975
27.14262437383276,139.1304347826087
26.20938928306177,139.1304347826087
24.758150236454963,133.33333333333334
26.775401775320884,145.45454545454547
28.221205423443326,145.45454545454547
28.779489838247056,148.8372093023256
26.63163935059438,139.1304347826087
26.575311918691714,136.17021276595744
26.567061007600724,136.17021276595744
28.11877289438721,156.09756097560975
26.50679356349209,136.17021276595744
28.145660187209067,145.45454545454547
32.77209042062311,164.10256410256412
28.132071375392115,156.09756097560975
26.924003197128684,156.09756097560975
33.46333028614486,182.85714285714286
30.70318610186974,152.38095238095238
26.584226801249514,160.0
27.38645801662822,182.85714285714286
35.47437651442009,177.77777777777777
33.46943727237545,182.85714285714286
36.27803319525678,188.23529411764707
29.722446930451607,156.09756097560975
26.984124508985012,164.10256410256412
26.6131451404882,160.0
30.96704417884256,168.42105263157896
32.9557579549173,160.0
38.777102639792254,200.0
42.941165784377326,200.0
38.8945194437772,237.03703703703704
27.421867221522117,193.93939393939394
40.05786488478143,213.33333333333334
33.584627341597056,237.03703703703704
39.56489390026179,228.57142857142858
43.33481569562872,228.57142857142858
33.44233261928583,193.93939393939394
30.741990888942013,188.23529411764707
46.469940775926794,213.33333333333334
36.56958216591945,182.85714285714286
31.635658904584336,188.23529411764707
40.744071419116864,200.0
38.58463632580373,188.23529411764707
35.33474235257782,182.85714285714286
33.417174608225814,177.77777777777777
35.55074566111068,193.93939393939394
45.5720114874253,200.0
47.2826298662835,213.33333333333334
44.51255499797041,213.33333333333334
36.687049627546976,177.77777777777777
38.89242120957321,193.93939393939394
46.466597312911865,213.33333333333334
48.67575054297213,220.68965517241378
41.038613850907026,206.4516129032258
36.824069362835075,193.93939393939394
47.31780964308213,220.68965517241378
46.668603723941594,213.33333333333334
35.8806767938179,182.85714285714286
39.04930609561661,193.93939393939394
39.70152209697294,182.85714285714286
37.308950319035226,188.23529411764707
46.51564615464132,213.33333333333334
38.011451375202604,193.93939393939394
38.285223244118605,182.85714285714286
38.26971595443295,188.23529411764707
47.548680973832916,220.68965517241378
38.58470217571465,188.23529411764707
41.99924855992326,193.93939393939394
32.94695341898235,168.42105263157896
31.754995730662735,160.0
36.026437487189284,160.0
31.60759531085231,160.0
39.83951075235876,168.42105263157896
27.85585941236869,152.38095238095238
37.387702989311464,172.97297297297297
37.1847370902856,188.23529411764707
36.0477709888109,182.85714285714286
41.60829537241856,206.4516129032258
36.62585592036411,188.23529411764707
43.73880541243353,206.4516129032258
44.41795689785467,220.68965517241378
36.28429543648336,200.0
32.94103706479795,177.77777777777777
40.7711456853221,182.85714285714286
43.3110670320098,193.93939393939394
39.30970975310493,246.15384615384616
47.894145753561716,228.57142857142858
53.143384758650065,213.33333333333334
36.87180169120112,213.33333333333334
43.57190459817533,220.68965517241378
47.04769587432452,228.57142857142858
30.005625756387765,206.4516129032258
32.56041446532423,200.0
49.629791682610346,220.68965517241378
44.52206406983624,193.93939393939394
33.083248172598815,168.42105263157896
41.523788970454646,193.93939393939394
43.03245315062314,228.57142857142858
44.18845984707676,237.03703703703704
41.71180615287905,188.23529411764707
41.75580166793722,213.33333333333334
32.09604412239133,237.03703703703704
57.29718782393893,237.03703703703704
63.303666000283435,246.15384615384616
49.054816726455584,220.68965517241378
46.19368443959157,213.33333333333334
48.085652050046974,193.93939393939394
42.04861299467853,177.77777777777777
45.06508330791419,200.0
42.72294761226689,188.23529411764707
44.73648735742589,200.0
53.263475922586274,220.68965517241378
49.57981527416323,237.03703703703704
44.23860780062791,246.15384615384616
42.39837266308674,206.4516129032258
50.937227220954625,228.57142857142858
47.69193627132516,220.68965517241378
63.25454838989628,266.6666666666667
71.19440386339065,290.90909090909093
56.758860034890795,266.6666666666667
60.37333799212619,266.6666666666667
59.2747191499157,237.03703703703704
65.19208828366867,290.90909090909093
52.65869867739498,278.2608695652174
82.67529548496914,336.8421052631579
72.26407068665787,266.6666666666667
64.8348523143013,290.90909090909093
73.74426096281883,304.76190476190476
69.51654387846348,290.90909090909093
71.7754910886216,256.0
82.08823381563857,336.8421052631579
61.290510647688,336.8421052631579
61.10531321054439,290.90909090909093
72.63328023979146,290.90909090909093
68.95619991270752,290.90909090909093
69.27753786656847,290.90909090909093
78.58632247076876,336.8421052631579
81.77604923049847,320.0
97.37186510638976,336.8421052631579
70.28175222639995,320.0
68.35483810383644,320.0
59.42002017845325,290.90909090909093
70.83418995205149,336.8421052631579
62.80396052180599,304.76190476190476
75.45691927477546,304.76190476190476
81.97919180801185,355.55555555555554
72.21007688067787,304.76190476190476
75.68513001973376,336.8421052631579
78.05237618036732,336.8421052631579
65.68521366707971,336.8421052631579
74.30412166814132,320.0
91.0742370443548,355.55555555555554
58.17429685631931,278.2608695652174
62.64703063824009,266.6666666666667
59.42227607229662,266.6666666666667
49.690681011108616,246.15384615384616
65.82698405796778,336.8421052631579
60.50479883734402,355.55555555555554
46.94175822731719,304.76190476190476
56.75000346100644,320.0
63.28326877664466,336.8421052631579
59.24840176806279,336.8421052631579
48.460341815743575,278.2608695652174
43.39412495143447,304.76190476190476
74.87786118208398,336.8421052631579
50.69595555386603,336.8421052631579
44.05634899151356,320.0
62.992143869872244,256.0
60.476836258906495,320.0
41.65519118680567,266.6666666666667
56.57252487395154,320.0
74.26177395883448,304.76190476190476
57.30922838907205,290.90909090909093
72.48384573793187,320.0
75.53057785123228,304.76190476190476
63.08541879448971,256.0
66.75896846195396,290.90909090909093
69.01077831378454,290.90909090909093
48.0771887997648,290.90909090909093
67.0272132290467,304.76190476190476
75.30266073456919,355.55555555555554
56.30907235030697,304.76190476190476
83.03503880166697,355.55555555555554
65.94375892489958,304.76190476190476
81.54636871209276,376.47058823529414
79.93004872447226,376.47058823529414
79.64169788872267,336.8421052631579
66.8019735886393,304.76190476190476
70.11601832825346,355.55555555555554
67.87756881816522,336.8421052631579
79.71328098955718,336.8421052631579
52.747299472008585,246.15384615384616
43.43406832669224,206.4516129032258
74.09290258284946,290.90909090909093
63.11427873734101,256.0
74.34464820317606,304.76190476190476
76.94793599715715,290.90909090909093
61.133899573721976,256.0
66.2647219656969,266.6666666666667
84.98934221001039,336.8421052631579
65.98645802194072,304.76190476190476
59.467597557480396,278.2608695652174
82.80183312833923,304.76190476190476
43.07660566757097,290.90909090909093
81.58282319038938,376.47058823529414
67.3827957842568,290.90909090909093
76.79603098536647,304.76190476190476
77.20845421889086,336.8421052631579
60.7353446206613,290.90909090909093
50.705855359125955,336.8421052631579
53.636319407569516,290.90909090909093
55.84838376266571,266.6666666666667
57.52240241541263,304.76190476190476
80.38254222540887,376.47058823529414
82.60766609949775,355.55555555555554
74.68387980130531,304.76190476190476
75.59329546963451,304.76190476190476
64.26381051150327,278.2608695652174
71.68282877735892,320.0
86.80005976432156,355.55555555555554
61.23732208868798,266.6666666666667
62.619260446818046,278.2608695652174
66.48477437869667,290.90909090909093
75.80579714319224,320.0
85.71530490687454,400.0
74.20174954261772,336.8421052631579
55.95080940777975,266.6666666666667
79.38974588690422,336.8421052631579
58.42865471989233,304.76190476190476
91.7499553133652,336.8421052631579
92.03207843373711,336.8421052631579
68.22776070874225,304.76190476190476
78.15290576024202,278.2608695652174
83.34056928972802,304.76190476190476
80.51304613437473,320.0
80.0055117156553,355.55555555555554
71.00004951365507,266.6666666666667
70.61664648189095,290.90909090909093
83.85815289532975,304.76190476190476
87.3806619334737,336.8421052631579
70.69298315153834,290.90909090909093
71.28732658328413,290.90909090909093
71.54868255660932,290.90909090909093
67.08084010670454,320.0
71.990826619373,320.0
76.90016229519101,320.0
77.15660611919765,320.0
70.15576326571679,304.76190476190476
76.27206901021876,304.76190476190476
86.96879752402819,336.8421052631579
79.44693546487372,304.76190476190476
74.02938951035325,336.8421052631579
82.26270564719175,320.0
68.62376929075482,320.0
72.13227179433491,304.76190476190476
62.31648941800447,266.6666666666667
82.10337301202699,336.8421052631579
78.46987297136269,336.8421052631579
79.75150294141628,355.55555555555554
71.87351792771545,304.76190476190476
64.9491981648624,320.0
62.5987724854889,290.90909090909093
62.38018646733885,266.6666666666667
85.83964449537727,336.8421052631579
93.76107709500792,355.55555555555554
59.06887778333503,266.6666666666667
54.043584970530304,237.03703703703704
61.06835066236258,278.2608695652174
78.38442792553658,304.76190476190476
69.40013044213443,278.2608695652174
79.5598201494435,290.90909090909093
62.247948555149016,237.03703703703704
64.72270173123407,246.15384615384616
71.75736099428477,320.0
78.40444606592673,278.2608695652174
63.59444157226044,278.2608695652174
77.75924870840865,320.0
97.37374775078666,355.55555555555554
74.25920852381898,290.90909090909093
97.55758926144252,355.55555555555554
81.04188685028059,320.0
55.778418976305545,256.0
62.65265321746748,246.15384615384616
70.02256053674552,304.76190476190476
64.06637058379587,278.2608695652174
71.41750960153296,304.76190476190476
74.92601978897194,290.90909090909093
54.21157361139746,228.57142857142858
71.17458487836635,320.0
70.43264713137792,266.6666666666667
59.18634865010206,246.15384615384616
65.70284680713297,266.6666666666667
75.87973791110781,304.76190476190476
60.41465531472452,290.90909090909093
69.58115324408477,278.2608695652174
62.087368786470414,266.6666666666667
71.91406689945345,290.90909090909093
58.93425174226878,256.0
67.56610249209221,290.90909090909093
76.47436635981514,278.2608695652174
69.60785966998705,266.6666666666667
70.80900982355793,278.2608695652174
49.734894376510084,220.68965517241378
58.84926704325454,256.0
60.40899809027065,246.15384615384616
58.40277792495498,237.03703703703704
61.25347816303269,237.03703703703704
82.12256002950733,290.90909090909093
74.74657300007786,304.76190476190476
79.55987299078875,336.8421052631579
62.56644732399766,290.90909090909093
65.28507124691411,266.6666666666667
64.30654616160128,290.90909090909093
79.22060688323712,290.90909090909093
66.86130628849912,256.0
64.42785811310178,256.0
84.54363710449238,320.0
57.29151257104527,237.03703703703704
79.76056474832961,336.8421052631579
47.29318539426795,220.68965517241378
58.81226727125922,266.6666666666667
58.06588672340043,266.6666666666667
69.3941359464528,290.90909090909093
88.33449332747668,320.0
65.83525600097651,266.6666666666667
80.41418659373596,336.8421052631579
57.31143914417171,237.03703703703704
55.736346144775055,256.0
59.03086655156457,266.6666666666667
54.18135832377529,266.6666666666667
55.64171336348923,237.03703703703704
53.55999533097515,246.15384615384616
57.55486495443829,256.0
41.68467121076005,220.68965517241378
82.89404477361609,320.0
78.55328906348022,336.8421052631579
78.14316319997339,320.0
63.83382402325224,290.90909090909093
75.96757820692571,304.76190476190476
77.63107057745466,320.0
66.9601885147967,290.90909090909093
73.98501718675476,320.0
64.59566731338509,266.6666666666667
76.28793508753266,320.0
56.322323228510456,304.76190476190476
47.26140600472996,206.4516129032258
66.94787042820667,278.2608695652174
64.17697258902757,278.2608695652174
70.97797522906261,290.90909090909093
88.51529308777984,320.0
63.425654971562,278.2608695652174
77.15687133428693,304.76190476190476
50.1618612375826,213.33333333333334
66.96284192416788,266.6666666666667
54.67558321418841,237.03703703703704
39.24911187097208,193.93939393939394
48.445996534483655,206.4516129032258
66.41699965739893,256.0
59.574803837625595,256.0
57.58582985529937,237.03703703703704
68.92262457245589,278.2608695652174
56.72236854992473,237.03703703703704
56.058822506182594,220.68965517241378
54.17717445195013,213.33333333333334
40.258416790851115,188.23529411764707
61.81519885166358,266.6666666666667
42.52326056345352,206.4516129032258
58.92171078273583,237.03703703703704
75.52184837212553,278.2608695652174
56.990014349113096,266.6666666666667
60.07204825033451,256.0
63.58781695659902,256.0
65.07451627085702,256.0
63.3756647907424,266.6666666666667
51.08348849965878,206.4516129032258
51.94344907228717,228.57142857142858
59.490545842993114,246.15384615384616
48.882094343278716,220.68965517241378
48.9695229512824,206.4516129032258
51.46448518280612,206.4516129032258
80.83189797971275,336.8421052631579
62.35247795568874,246.15384615384616
60.0953882773686,256.0
54.737670957398066,228.57142857142858
84.88152846331694,290.90909090909093
74.64396909797861,278.2608695652174
69.38332514346669,256.0
81.2589059509207,304.76190476190476
69.67060876005695,278.2608695652174
56.64751755737643,246.15384615384616
65.7864350292942,256.0
59.9430110708975,290.90909090909093
75.40006657399361,320.0
67.94166684525123,320.0
62.92805594131663,304.76190476190476
60.27232261614823,320.0
59.26231051934606,290.90909090909093
86.04913689444399,336.8421052631579
76.48435213858306,320.0
67.76497942051621,278.2608695652174
83.90793975800487,355.55555555555554
75.21580236936107,290.90909090909093
72.52811767812987,290.90909090909093
78.84444488608824,304.76190476190476
78.1577465280858,336.8421052631579
84.1471028447311,336.8421052631579
78.95507225353228,304.76190476190476
72.06285376114755,290.90909090909093
72.83892972434917,304.76190476190476
102.83152510309657,355.55555555555554
82.39195846490502,290.90909090909093
92.76026633554265,320.0
98.47733647959245,400.0
86.88265049037668,320.0
100.15289199822094,355.55555555555554
92.37886822255562,355.55555555555554
69.94619372504725,290.90909090909093
88.80864861584686,336.8421052631579
81.97064236236376,336.8421052631579
79.55874509259112,320.0
101.57497946550409,355.55555555555554
90.03334054011832,320.0
97.49871401444334,336.8421052631579
92.54557376346682,320.0
115.86084443163307,400.0
103.65429243562967,336.8421052631579
72.84974638979887,266.6666666666667
79.59195299773643,290.90909090909093
90.43457344694806,304.76190476190476
66.88276302772947,266.6666666666667
83.80195009173944,320.0
74.76755550830562,278.2608695652174
84.34650882097836,304.76190476190476
93.72567363000515,304.76190476190476
79.46749092961274,266.6666666666667
82.76445576740832,304.76190476190476
99.68576085202885,336.8421052631579
75.83788246246623,290.90909090909093
92.94547317702538,336.8421052631579
87.14650007017292,320.0
102.70295411867274,355.55555555555554
89.43409883599297,320.0
102.93876264950975,400.0
83.28548256217327,304.76190476190476
94.34408375912726,336.8421052631579
68.89112373912444,304.76190476190476
83.51670076546235,304.76190476190476
66.70278660080345,278.2608695652174
77.57933417130926,278.2608695652174
98.33673622328575,336.8421052631579
75.11865736153757,278.2608695652174
99.4557827823481,355.55555555555554
101.05446283894518,336.8421052631579
78.69755795538833,304.76190476190476
92.29242627680122,320.0
86.974225435134,320.0
99.07879807323324,336.8421052631579
81.90706443232547,290.90909090909093
90.45278588181066,304.76190476190476
92.40409768312585,336.8421052631579
72.7802544318519,290.90909090909093
53.95022411600636,246.15384615384616
64.79164067149303,256.0
83.16276914680586,320.0
60.62914748647682,278.2608695652174
66.94200568549437,320.0
66.90895767993057,290.90909090909093
89.411840350135,355.55555555555554
83.09467274024,290.90909090909093
100.59659572360881,376.47058823529414
88.89226924161117,320.0
81.0105213219186,320.0
76.904237891391,290.90909090909093
75.63920101229961,290.90909090909093
92.90573112386667,336.8421052631579
90.06062461930901,336.8421052631579
71.33875582083263,290.90909090909093
126.5491736091779,400.0
86.50295224872131,320.0
87.07416236767016,304.76190476190476
77.53447326704404,266.6666666666667
114.46312067057869,376.47058823529414
80.9734250399419,290.90909090909093
108.2694676872546,355.55555555555554
82.91998149365412,290.90909090909093
101.68374390231412,355.55555555555554
97.8581157659422,320.0
99.35161474291237,336.8421052631579
72.85140860134844,278.2608695652174
76.36773620445315,278.2608695652174
94.69456350781165,336.8421052631579
90.21085528169478,355.55555555555554
99.95750775088997,336.8421052631579
85.48300811870068,320.0
75.8635472662906,290.90909090909093
108.58588900017094,355.55555555555554
87.44099501313605,320.0
103.51756255934097,355.55555555555554
97.72046661465913,336.8421052631579
60.15717540215492,304.76190476190476
85.7864359682723,304.76190476190476
79.20398125488713,278.2608695652174
108.68010068184512,376.47058823529414
88.61728339266209,320.0
80.89660347767538,290.90909090909093
97.3196381594995,355.55555555555554
100.37357222619899,336.8421052631579
94.73655941213124,304.76190476190476
82.08063296283471,278.2608695652174
116.1091965570296,376.47058823529414
77.21154237176056,304.76190476190476
114.67656869033226,376.47058823529414
78.64246309912376,290.90909090909093
112.10091360361248,376.47058823529414
101.87398440025166,355.55555555555554
85.8821522542005,290.90909090909093
104.18036922592218,355.55555555555554
105.12548393868872,376.47058823529414
114.41029480838402,355.55555555555554
114.67165777701523,355.55555555555554
84.39382200224505,290.90909090909093
100.48522987935381,336.8421052631579
82.79782052804963,278.2608695652174
98.29428474178363,320.0
117.22224332128523,355.55555555555554
91.77811594330026,290.90909090909093
77.79254618731932,266.6666666666667
108.09546188127473,355.55555555555554
103.9037762433002,320.0
89.66255145943052,320.0
95.17453285086286,304.76190476190476
100.61440127727306,320.0
110.7768059542549,336.8421052631579
94.99468768425984,320.0
95.72006158850398,304.76190476190476
100.71195405757854,320.0
82.04177592553707,266.6666666666667
98.92318110392264,336.8421052631579
143.23919392427948,400.0
112.20311431263322,320.0
104.44473894939479,336.8421052631579
90.96662421179842,278.2608695652174
128.38265304789877,355.55555555555554
104.4868890516788,320.0
113.2560010562571,376.47058823529414
84.67415962697721,278.2608695652174
89.74109108954312,304.76190476190476
84.32946339539787,320.0
85.63404619731668,278.2608695652174
105.2732426993357,320.0
99.45972050836913,290.90909090909093
72.33617682165833,266.6666666666667
83.94295409098717,320.0
91.76889231403948,304.76190476190476
93.11384502629474,304.76190476190476
108.12591025976704,355.55555555555554
105.63692015557963,320.0
94.51670677697666,304.76190476190476
121.577432673205,376.47058823529414
94.74904910542112,290.90909090909093
93.46193334662337,266.6666666666667
121.71380425392691,336.8421052631579
84.1853556055299,256.0
91.96827177945157,266.6666666666667
74.34964812013288,228.57142857142858
85.53609580392633,266.6666666666667
93.78286884882564,290.90909090909093
90.82934954912666,266.6666666666667
99.70917138340225,290.90909090909093
137.42087721446018,376.47058823529414
105.34226593916455,290.90909090909093
74.11868938759154,246.15384615384616
112.71126849132145,320.0
100.14606343064334,290.90909090909093
85.31977094203903,266.6666666666667
89.39269969404322,256.0
77.0303045782357,266.6666666666667
121.29328086385415,355.55555555555554
121.22586152490668,336.8421052631579
99.99365133018681,320.0
87.10459951630185,266.6666666666667
82.00434715079905,304.76190476190476
104.54403310416308,304.76190476190476
98.87774182849476,304.76190476190476
77.46371899479901,256.0
107.47254576507171,320.0
95.49901918141931,266.6666666666667
95.34026281580475,278.2608695652174
89.04339097804825,266.6666666666667
88.30773599393832,278.2608695652174
101.95218261256255,290.90909090909093
102.39495694331168,290.90909090909093
88.01360989814161,266.6666666666667
94.09303041225621,256.0
76.28148517479818,220.68965517241378
86.00062058733239,256.0
102.3642179984058,290.90909090909093
78.00021173945358,228.57142857142858
103.84510392153238,290.90909090909093
108.55775233825003,336.8421052631579
87.68211171226936,278.2608695652174
104.73715627973074,290.90909090909093
105.25398440869537,304.76190476190476
108.52602973313749,320.0
93.01761457202879,278.2608695652174
78.74004182143197,228.57142857142858
103.30917756452354,290.90909090909093
92.85684731873431,266.6666666666667
108.6974716624315,290.90909090909093
86.1975640287864,266.6666666666667
83.3217052798856,256.0
96.46451569255042,278.2608695652174
82.90543895676937,256.0
101.78578498078872,290.90909090909093
86.92830908889346,278.2608695652174
85.50973064518513,278.2608695652174
110.3285636094487,290.90909090909093
94.33400111874082,278.2608695652174
100.84182675445012,290.90909090909093
126.74417375741737,336.8421052631579
110.02609845538606,304.76190476190476
88.36659832244477,266.6666666666667
98.016255150712,320.0
115.32020863804978,304.76190476190476
127.64964749459266,320.0
103.32425922843375,320.0
88.18101508585168,266.6666666666667
105.8500134971385,304.76190476190476
95.33647448874086,304.76190476190476
104.46040163736895,304.76190476190476
116.92370945204102,320.0
94.14337520787052,278.2608695652174
90.23351370554809,256.0
112.84015935293579,290.90909090909093
107.25519231494494,320.0
91.31555998352685,256.0
104.14373904386802,278.2608695652174
114.7939623621248,304.76190476190476
87.48262193951008,246.15384615384616
101.06943841069233,278.2608695652174
97.58146202978737,266.6666666666667
117.55373654476172,290.90909090909093
104.33453602572813,278.2608695652174
132.4528905685305,336.8421052631579
86.77852542627944,246.15384615384616
78.4538344912469,237.03703703703704
108.20862261895412,304.76190476190476
112.78830102375657,320.0
122.8372139836509,320.0
105.53813871762628,290.90909090909093
92.53257267916857,246.15384615384616
100.91859394243383,304.76190476190476
110.63371449395949,290.90909090909093
100.26194252173467,266.6666666666667
110.23248459252522,290.90909090909093
113.33602021259681,304.76190476190476
121.39411646455777,304.76190476190476
106.25931036857853,304.76190476190476
113.07777901751363,304.76190476190476
138.58910744670752,355.55555555555554
111.0851681655779,290.90909090909093
99.46745253352042,304.76190476190476
108.87946814760183,320.0
129.50015914589758,355.55555555555554
125.41401270109982,336.8421052631579
113.556325104199,304.76190476190476
97.87005200946804,278.2608695652174
123.95642042523681,320.0
111.87118008913673,290.90909090909093
111.33457957624866,290.90909090909093
127.21451501625852,320.0
92.42352626596391,266.6666666666667
117.67163243754021,304.76190476190476
117.72465466118481,320.0
134.1475962559605,336.8421052631579
109.51674486541597,278.2608695652174
86.84085973499738,246.15384615384616
113.3529908957133,320.0
126.20931617075118,336.8421052631579
105.02180812190339,304.76190476190476
106.44996450119183,320.0
98.13300996367828,266.6666666666667
125.36227298635947,320.0
93.66113985805245,290.90909090909093
98.77153906629799,304.76190476190476
94.4673596103288,266.6666666666667
101.17954656180774,304.76190476190476
119.72082603516935,320.0
129.68065774995756,336.8421052631579
129.43782656794886,336.8421052631579
159.71376948679986,376.47058823529414
126.40784788712885,336.8421052631579
121.90827803605062,320.0
109.5179336904126,304.76190476190476
106.43299353359615,304.76190476190476
126.99616215410757,320.0
92.1609089158758,278.2608695652174
118.08771860038335,336.8421052631579
116.62020928722454,336.8421052631579
105.7197796941326,278.2608695652174
150.45208489996887,376.47058823529414
107.37727222035258,304.76190476190476
116.84107594816736,304.76190476190476
145.9051346698643,355.55555555555554
134.73720360446734,355.55555555555554
134.24337180377722,355.55555555555554
93.63081442642954,266.6666666666667
101.5974830124641,278.2608695652174
117.41835691745399,304.76190476190476
109.75597283349084,290.90909090909093
151.59414159015046,376.47058823529414
148.46304133026683,355.55555555555554
129.99435374543395,336.8421052631579
119.28845207850512,304.76190476190476
95.74446253956987,278.2608695652174
111.94032203502792,304.76190476190476
131.91448169703327,336.8421052631579
124.33963525407694,320.0
145.8894396499724,355.55555555555554
136.21185750685856,355.55555555555554
115.72690197734116,320.0
127.89654106801213,336.8421052631579
112.62534134279787,336.8421052631579
144.71709927771428,355.55555555555554
112.12381554511566,320.0
141.88718592099238,376.47058823529414
135.01935548419056,355.55555555555554
129.1553201700212,355.55555555555554
145.142146690098,355.55555555555554
118.31423031678824,304.76190476190476
113.41058593857183,304.76190476190476
111.18180259637656,278.2608695652174
126.85001573262109,320.0
124.3423491487625,304.76190476190476
127.10751184695731,304.76190476190476
140.0913310975136,336.8421052631579
143.3481407214529,336.8421052631579
129.86675289758486,336.8421052631579
115.72742258548116,304.76190476190476
122.40398146539266,304.76190476190476
128.83801930473155,320.0
136.01369096380873,336.8421052631579
96.3910086730076,256.0
144.37241654512573,376.47058823529414
133.26998223432088,336.8421052631579
119.16396788871187,304.76190476190476
141.453802245444,355.55555555555554
113.34530966824951,290.90909090909093
108.57793704961298,304.76190476190476
142.01392300799705,355.55555555555554
128.64171777463665,355.55555555555554
126.1781764119213,320.0
112.78025685524254,290.90909090909093
116.26202021298248,320.0
113.72134801637942,304.76190476190476
114.89333251749439,290.90909090909093
115.4578559024548,304.76190476190476
122.9577701399042,355.55555555555554
107.05968142243636,290.90909090909093
139.9146912445383,336.8421052631579
110.91128084046487,278.2608695652174
111.86595820338579,304.76190476190476
113.80833597591457,290.90909090909093
139.20905309177442,336.8421052631579
137.59601125272204,336.8421052631579
142.30691933668516,355.55555555555554
130.74762470269624,320.0
127.10038475845883,336.8421052631579
129.19173074326682,320.0
141.5161717682673,336.8421052631579
145.6743660396255,355.55555555555554
136.36587064308432,336.8421052631579
130.18755358296897,320.0
154.2088664918373,355.55555555555554
116.99906558937681,304.76190476190476
118.46250289287366,304.76190476190476
124.84807253245584,304.76190476190476
135.22209398980752,320.0
136.6210814635561,304.76190476190476
135.20615825059247,320.0
113.73899993887305,266.6666666666667
136.52358394662093,320.0
110.46429736582137,266.6666666666667
151.61040308599783,355.55555555555554
89.63833718951284,246.15384615384616
113.01088254694314,278.2608695652174
80.01173830894717,220.68965517241378
97.98304598192242,266.6666666666667
131.93405721392628,320.0
114.83029544429458,320.0
103.13918056136241,290.90909090909093
108.5457505575519,304.76190476190476
145.27739350262866,376.47058823529414
127.13007708473864,336.8421052631579
109.49258176869061,290.90909090909093
138.55315101979514,336.8421052631579
90.58113936629591,246.15384615384616
110.10379023037926,290.90909090909093
95.63509652781342,256.0
93.85400908546238,246.15384615384616
116.62482502608141,304.76190476190476
92.17501356838588,256.0
118.64295888808928,290.90909090909093
140.8113518590318,355.55555555555554
103.92402354537175,256.0
94.16155881578507,256.0
136.58446676226495,336.8421052631579
144.9158947373112,336.8421052631579
131.80122143633295,336.8421052631579
95.38287051083167,266.6666666666667
120.70186651535523,320.0
135.819989567857,320.0
129.6747435674687,336.8421052631579
106.28103340053933,266.6666666666667
118.56050594290721,304.76190476190476
128.63115363619522,336.8421052631579
97.95168515360727,266.6666666666667
122.67688920044377,304.76190476190476
143.4531631636769,355.55555555555554
163.14687072855764,376.47058823529414
146.42201500154331,355.55555555555554
113.00252142344915,290.90909090909093
110.05074114363981,278.2608695652174
139.1749863215566,336.8421052631579
130.2149891279833,304.76190476190476
111.89214293960808,278.2608695652174
162.88414756187083,376.47058823529414
113.34467916738662,278.2608695652174
132.76810491763635,320.0
124.43905286044765,320.0
122.63985903201967,304.76190476190476
145.1947653203917,336.8421052631579
145.3780185587529,376.47058823529414
145.72728626927216,355.55555555555554
171.8235379597998,376.47058823529414
146.65939452646188,355.55555555555554
141.34921898356586,336.8421052631579
161.89798551182972,376.47058823529414
144.94845748834535,355.55555555555554
123.8252459006373,304.76190476190476
114.86938166714754,290.90909090909093
142.062919882957,355.55555555555554
139.14062393556773,355.55555555555554
134.82447094255454,336.8421052631579
152.61330997346815,376.47058823529414
102.87283098916235,266.6666666666667
137.21760395977458,336.8421052631579
158.76952696822414,376.47058823529414
163.35481655150167,376.47058823529414
141.5309062264533,336.8421052631579
148.91733763834634,336.8421052631579
135.5453910103308,355.55555555555554
139.42523058634774,336.8421052631579
144.98128835342538,355.55555555555554
140.22673176244868,336.8421052631579
171.6048824318602,400.0
130.1159008995152,320.0
119.23113988991813,278.2608695652174
124.98330620135039,304.76190476190476
115.21911613831892,304.76190476190476
127.65116835613323,336.8421052631579
143.56655671654903,336.8421052631579
125.30721370820302,320.0
108.09664947858097,304.76190476190476
166.97904720799428,376.47058823529414
155.29518296495408,355.55555555555554
143.8134512078302,320.0
121.63175266936582,290.90909090909093
131.5060998109289,320.0
135.90950489012613,320.0
133.35431146190732,336.8421052631579
134.88653309579885,320.0
122.70257589617943,336.8421052631579
141.5175209688797,355.55555555555554
100.03050497186648,266.6666666666667
117.01395406743984,304.76190476190476
115.75218283706235,290.90909090909093
133.30260268934617,336.8421052631579
109.68230408088246,278.2608695652174
129.24156076486693,320.0
133.609729855447,320.0
126.25864025209333,304.76190476190476
136.84992342627567,336.8421052631579
90.80032346007513,246.15384615384616
132.14992212760555,304.76190476190476
163.9092778152278,376.47058823529414
165.05076789108134,376.47058823529414
132.63914005046067,336.8421052631579
146.36008189200265,336.8421052631579
131.4439228026137,320.0
115.47073526730219,278.2608695652174
139.68475907318052,336.8421052631579
119.60445580871489,304.76190476190476
136.55580932962977,320.0
118.6438057787285,304.76190476190476
116.87587510506302,304.76190476190476
140.38661387906558,320.0
96.07552779296739,256.0
122.18830475823437,290.90909090909093
115.05792687677099,266.6666666666667
110.19463733119362,266.6666666666667
129.0496914739337,304.76190476190476
144.26589143365908,320.0
141.59371923019506,320.0
139.91578602078079,320.0
110.52775802513888,266.6666666666667
139.16813813421862,320.0
130.99737271794993,304.76190476190476
122.83939746685259,304.76190476190476
124.79277721373201,290.90909090909093
143.67748787999753,336.8421052631579
139.47152420569768,320.0
145.5778517380475,320.0
127.10927936106012,304.76190476190476
140.60728118624013,320.0
132.5627895632145,320.0
127.08864403988112,320.0
112.20708648839525,278.2608695652174
125.45067776501061,290.90909090909093
135.25667178243128,304.76190476190476
113.14442537026953,266.6666666666667
99.87383812569206,237.03703703703704
129.85088619845823,304.76190476190476
145.11345372147437,336.8421052631579
164.6874715473148,355.55555555555554
134.32701739972816,320.0
110.03566490336881,266.6666666666667
138.72802687127637,320.0
140.29394362446254,320.0
139.4057215612337,304.76190476190476
117.11221659410371,266.6666666666667
133.45738871367018,320.0
134.76797196563982,320.0
127.65148895092503,290.90909090909093
154.8454259080138,336.8421052631579
136.9396761504118,336.8421052631579
123.76385555337566,304.76190476190476
117.4186660126664,304.76190476190476
111.9930244066913,266.6666666666667
133.7833728919703,290.90909090909093
122.90585623043052,290.90909090909093
133.47501916953948,304.76190476190476
132.32715178675437,304.76190476190476
127.68324175759057,290.90909090909093
139.44841771808993,304.76190476190476
163.5430591765735,355.55555555555554
135.24853347554458,304.76190476190476
116.61421537898293,266.6666666666667
140.2929977246094,320.0
144.4590574762491,320.0
134.85023180656202,304.76190476190476
129.18522848963667,304.76190476190476
102.16172584044877,256.0
128.66480010622146,304.76190476190476
114.17027313148328,278.2608695652174
118.04533695852695,266.6666666666667
133.66470523383845,304.76190476190476
95.89732195968864,256.0
90.71745212843679,246.15384615384616
105.79730906304547,266.6666666666667
176.76293467425708,376.47058823529414
123.5209716844595,290.90909090909093
106.46294695296096,266.6666666666667
142.227114952015,304.76190476190476
156.819729218736,376.47058823529414
125.57126526725575,290.90909090909093
158.20055422676748,336.8421052631579
138.03970005769125,304.76190476190476
127.89509556721966,290.90909090909093
170.34985683919658,355.55555555555554
129.04189678338068,304.76190476190476
128.1924486125683,290.90909090909093
136.45931790446085,290.90909090909093
150.01545278203125,336.8421052631579
151.71497509777583,336.8421052631579
172.9167864529753,355.55555555555554
130.83123871776175,304.76190476190476
154.84875171233315,336.8421052631579
118.3261389235289,266.6666666666667
129.87528157734315,290.90909090909093
138.93966112623085,304.76190476190476
140.59899194818632,320.0
139.16004711334404,336.8421052631579
136.3350661502131,290.90909090909093
125.24217976832998,290.90909090909093
123.47921953039815,278.2608695652174
97.61314533171128,237.03703703703704
148.0345015931721,336.8421052631579
178.87853742964597,376.47058823529414
154.30807144117702,336.8421052631579
136.68065172061955,304.76190476190476
128.56723354816572,290.90909090909093
119.8416976466614,290.90909090909093
144.1395416029038,336.8421052631579
154.06954570787437,336.8421052631579
131.19685181329467,304.76190476190476
133.00782333039297,304.76190476190476
147.15202796532284,336.8421052631579
124.98680293146265,304.76190476190476
152.83976802967382,336.8421052631579
140.81610124656976,304.76190476190476
142.21012987377102,320.0
169.81337245531947,355.55555555555554
136.67087815175836,320.0
121.73089750316302,304.76190476190476
146.48998062779594,320.0
137.4087673190574,320.0
148.79850103282232,336.8421052631579
143.26244937647598,320.0
115.40577884115257,278.2608695652174
145.1800898805041,336.8421052631579
127.19189925170302,290.90909090909093
123.39646973608568,278.2608695652174
135.4563037185279,304.76190476190476
117.6222088721535,278.2608695652174
122.2551001212567,290.90909090909093
134.92995390335602,304.76190476190476
130.93283922831165,304.76190476190476
116.6361930678164,266.6666666666667
152.22557308638454,355.55555555555554
113.19533760270645,256.0
123.2618025916324,304.76190476190476
129.52878833109807,290.90909090909093
116.41720220377236,278.2608695652174
150.44265585184266,336.8421052631579
133.96226870219735,320.0
147.7352343280671,336.8421052631579
167.06060476663086,355.55555555555554
124.34610453655459,290.90909090909093
131.54579174941261,304.76190476190476
86.88538841791329,228.57142857142858
115.42193653857994,278.2608695652174
111.18247474953175,278.2608695652174
122.02988817534873,290.90909090909093
94.53312392952978,237.03703703703704
131.45139273385993,290.90909090909093
131.94858331840197,290.90909090909093
155.78754731406102,336.8421052631579
101.62127956232362,256.0
110.1161452845608,256.0
137.94194820397692,320.0
134.28301345345866,320.0
128.7226116410882,336.8421052631579
119.85897916582486,290.90909090909093
109.93946096929069,278.2608695652174
122.62747480939358,290.90909090909093
133.7054018590674,304.76190476190476
123.188045581569,290.90909090909093
123.07270884514938,278.2608695652174
125.89876746705481,304.76190476190476
130.34127700689157,304.76190476190476
114.40032216455556,266.6666666666667
177.24015617818011,400.0
149.95585643836202,336.8421052631579
122.10450939155024,304.76190476190476
146.5992752690206,355.55555555555554
171.21496229075174,376.47058823529414
125.79955220819002,304.76190476190476
125.7315064847464,304.76190476190476
100.69915346194992,256.0
147.11558828016118,336.8421052631579
157.87987640478843,355.55555555555554
101.86661629864392,246.15384615384616
114.32238333757992,266.6666666666667
152.02344653998287,336.8421052631579
112.35134951919474,278.2608695652174
95.28919813990004,237.03703703703704
105.93802340071028,278.2608695652174
130.33421293081906,304.76190476190476
125.41228559551837,278.2608695652174
129.95303804176342,290.90909090909093
130.65098534424504,304.76190476190476
113.43558812968494,266.6666666666667
88.42076258287697,228.57142857142858
139.08035945313674,320.0
159.33278585853856,355.55555555555554
139.43853755879746,304.76190476190476
111.23867959008902,290.90909090909093
129.0260809979453,320.0
129.38113375096444,304.76190476190476
129.84027860801018,320.0
129.01978492650858,290.90909090909093
170.9775495695487,355.55555555555554
155.22175147596488,355.55555555555554
155.6188772375102,336.8421052631579
160.83928591824474,355.55555555555554
138.85362018114097,336.8421052631579
189.30633301005628,400.0
156.81715413098922,336.8421052631579
122.41196614887237,278.2608695652174
128.21463347968685,304.76190476190476
134.9752662817488,320.0
132.68656858980333,304.76190476190476
135.33153694852535,320.0
136.12690151942738,320.0
98.85101360292455,246.15384615384616
123.15914820775086,278.2608695652174
124.85610752074527,304.76190476190476
128.43575810927788,320.0
144.16966860414246,336.8421052631579
139.09123053252907,320.0
146.6957190439677,320.0
118.85940613117052,304.76190476190476
136.22766474619453,320.0
139.0915272931162,320.0
129.49420552756925,304.76190476190476
115.77150085683026,290.90909090909093
134.24154930306807,304.76190476190476
156.03049951231537,355.55555555555554
153.1988042209652,355.55555555555554
141.77937858737525,336.8421052631579
141.0088359430635,336.8421052631579
118.61234099465632,336.8421052631579
142.6868249662186,336.8421052631579
149.90245103049156,355.55555555555554
128.38650511496908,304.76190476190476
137.21872780287643,336.8421052631579
147.42879004795216,355.55555555555554
150.87741046284378,355.55555555555554
138.54387580957714,320.0
112.30703741654636,304.76190476190476
152.12488090749378,400.0
109.97781632241553,290.90909090909093
159.6896539598537,376.47058823529414
150.01601471471065,336.8421052631579
114.24664770758942,290.90909090909093
129.60322279770793,320.0
126.71007035581141,290.90909090909093
139.09285873721248,320.0
122.33369147763455,290.90909090909093
114.08719133624616,278.2608695652174
142.25651218149224,320.0
135.5261279234424,290.90909090909093
113.02563937062104,290.90909090909093
111.70553760615667,304.76190476190476
125.39860694530554,304.76190476190476
115.22257034333519,304.76190476190476
124.08744500797991,304.76190476190476
128.1593857704754,320.0
125.76634254153073,290.90909090909093
117.84451932340981,290.90909090909093
99.22825532736105,256.0
143.7852688518429,320.0
138.9488459993036,336.8421052631579
155.86716728194187,355.55555555555554
137.003037764709,290.90909090909093
125.73997587105049,304.76190476190476
143.19862607891795,320.0
111.97441549912794,278.2608695652174
98.6063864361693,256.0
118.6969514586837,304.76190476190476
98.02664531028663,246.15384615384616
108.32571645787137,266.6666666666667
97.37191439736608,256.0
145.32882250500205,320.0
143.48260522505922,336.8421052631579
119.07953719347361,278.2608695652174
118.21448460901571,278.2608695652174
119.49905393333314,304.76190476190476
110.79755229286731,256.0
94.25235654455543,256.0
113.66402738514384,278.2608695652174
155.09663531847772,336.8421052631579
112.77375096504717,278.2608695652174
102.62309129296192,246.15384615384616
134.32291261109347,304.76190476190476
128.0114194306254,304.76190476190476
125.52395276631526,304.76190476190476
107.05910609885943,266.6666666666667
178.9613085993902,376.47058823529414
117.44700253121742,266.6666666666667
123.53305909530218,304.76190476190476
126.37682624778495,290.90909090909093
127.30540717993787,320.0
111.89885547948599,290.90909090909093
144.07014392967065,355.55555555555554
132.17750580127017,304.76190476190476
144.89420178648558,320.0
120.81682364685437,304.76190476190476
127.52113697492042,278.2608695652174
116.69935799548587,278.2608695652174
112.79096988184828,266.6666666666667
137.67820574392593,320.0
137.1972964083576,304.76190476190476
108.85726321966774,266.6666666666667
133.11476542616248,304.76190476190476
121.34222714736859,278.2608695652174
102.17747350793721,246.15384615384616
143.25884457506143,320.0
132.9255224150976,290.90909090909093
145.78220100519917,336.8421052631579
153.88581426342543,355.55555555555554
129.9763417105096,336.8421052631579
139.98260485663837,304.76190476190476
137.6262592947818,320.0
164.65944354194957,355.55555555555554
131.21047447353638,320.0
132.0703724730173,320.0
124.12104955606083,278.2608695652174
149.0562118762594,320.0
167.66371687788654,355.55555555555554
160.1873206155229,336.8421052631579
111.87853450963236,290.90909090909093
161.7549812136973,355.55555555555554
130.78050719837898,304.76190476190476
186.34725757085434,376.47058823529414
166.56067328441807,355.55555555555554
160.9311462777959,336.8421052631579
116.6132141841816,290.90909090909093
129.32397902430012,320.0
146.1586233845887,336.8421052631579
113.41622259357482,278.2608695652174
111.3123346168315,278.2608695652174
114.4897228705624,290.90909090909093
117.37195099722571,278.2608695652174
122.46248394254081,290.90909090909093
112.75639947379386,290.90909090909093
120.19587791831711,320.0
117.55940133356053,266.6666666666667
153.32548744429002,336.8421052631579
161.28185074465082,355.55555555555554
133.69979039247582,320.0
125.00226996261254,290.90909090909093
140.66665936201338,320.0
125.44580043368374,304.76190476190476
128.66874998240525,304.76190476190476
115.29861296567414,290.90909090909093
137.46358010842496,304.76190476190476
126.89066018927515,290.90909090909093
125.44253785407864,290.90909090909093
117.82045484175488,290.90909090909093
153.81766794087028,336.8421052631579
125.99621452084232,304.76190476190476
117.81008704304031,304.76190476190476
142.3903051876001,336.8421052631579
138.05628092600935,355.55555555555554
125.21569747311311,290.90909090909093
128.7698974503629,290.90909090909093
144.69195155367686,336.8421052631579
158.91903834281405,336.8421052631579
130.76884511186447,304.76190476190476
145.48580031274338,336.8421052631579
133.08076423067195,320.0
133.50844667992595,320.0
143.73713760116146,320.0
135.40548846777997,320.0
115.82411856646837,290.90909090909093
151.6342282009116,336.8421052631579
128.5547716363794,290.90909090909093
168.66269358767366,376.47058823529414
161.75072480277223,336.8421052631579
128.9212888623698,304.76190476190476
135.18881662233713,320.0
183.4289865734541,376.47058823529414
131.80835614588125,290.90909090909093
140.38344306829464,304.76190476190476
128.24351619720693,290.90909090909093
117.65818744248661,266.6666666666667
156.11415293473289,336.8421052631579
162.4310703532476,336.8421052631579
136.46330751773834,304.76190476190476
154.07643588639272,320.0
120.27949147937704,266.6666666666667
159.6365670475571,336.8421052631579
144.34703543972165,320.0
161.61850752572556,336.8421052631579
172.24983136551194,355.55555555555554
134.07045906731145,304.76190476190476
153.57555994515096,320.0
134.99548463206332,304.76190476190476
126.65335639253831,278.2608695652174
112.09275301742252,256.0
136.07189579442945,290.90909090909093
153.14226193073065,320.0
151.43939394916927,320.0
124.73008600078582,290.90909090909093
136.17681441896508,320.0
121.31020301119658,278.2608695652174
151.7432499499454,320.0
167.05777094490836,336.8421052631579
123.10907371260345,290.90909090909093
147.99545049419268,336.8421052631579
122.05685420944266,278.2608695652174
132.0953666670763,304.76190476190476
130.1740743457303,304.76190476190476
115.93706349837566,278.2608695652174
130.25052088680795,320.0
130.9445323594708,304.76190476190476
133.96947532634687,304.76190476190476
150.99589137263163,336.8421052631579
172.9092511626765,376.47058823529414
117.80341613932669,290.90909090909093
156.3788750409253,336.8421052631579
154.82591392969005,336.8421052631579
165.8792639630213,355.55555555555554
123.08503922603018,320.0
169.4585603119409,376.47058823529414
133.58763504510446,304.76190476190476
132.61229164778575,336.8421052631579
158.045165035147,355.55555555555554
159.93910326594656,336.8421052631579
120.26382011645637,320.0
132.05719454311114,304.76190476190476
152.30362324524071,336.8421052631579
173.01680086114078,400.0
136.42219408940753,376.47058823529414
141.08351762081043,336.8421052631579
135.70636447063765,320.0
120.66969312753088,320.0
152.75328762511822,336.8421052631579
172.52211183265985,376.47058823529414
156.1567830852463,336.8421052631579
113.20200709401907,266.6666666666667
175.2011095867871,400.0
155.23344529341318,336.8421052631579
161.37843934171067,336.8421052631579
150.37440236145076,336.8421052631579
150.17812365684202,336.8421052631579
139.6435914031362,304.76190476190476
158.5054717500722,355.55555555555554
131.67231548760256,304.76190476190476
140.32986131303272,304.76190476190476
139.4782360362087,320.0
125.64395286428699,290.90909090909093
163.8522282993082,355.55555555555554
171.91732464131132,376.47058823529414
134.46602813012444,290.90909090909093
185.042623081894,376.47058823529414
131.3929040226369,304.76190476190476
121.39748545539818,304.76190476190476
173.66513443723713,355.55555555555554
122.42668727188696,278.2608695652174
132.8874161156596,304.76190476190476
136.09083066589974,304.76190476190476
138.85129396177635,320.0
109.40984227835548,266.6666666666667
125.74828141797106,290.90909090909093
162.50023999496779,355.55555555555554
137.31002286136587,304.76190476190476
145.70405456202587,336.8421052631579
136.59764829600525,320.0
168.0769859519759,336.8421052631579
138.34071394981189,320.0
131.4936618885043,290.90909090909093
142.43214881036684,304.76190476190476
115.9341801064524,290.90909090909093
115.13866386220523,278.2608695652174
155.66088671986054,336.8421052631579
146.69204686770775,320.0
156.99192747075872,336.8421052631579
180.89628161477924,376.47058823529414
142.97792020279346,304.76190476190476
139.0568084648516,304.76190476190476
144.40304261405555,336.8421052631579
133.0169927983972,290.90909090909093
164.46958536441628,355.55555555555554
146.04639566252456,320.0
149.39158783438887,320.0
139.96394748326279,304.76190476190476
134.20675431120767,304.76190476190476
179.5296958232035,355.55555555555554
148.28533643777072,304.76190476190476
156.86848357573342,336.8421052631579
171.31073221436816,355.55555555555554
170.91399999480421,355.55555555555554
153.52174137648043,320.0
138.4127958164174,304.76190476190476
141.58917553229298,304.76190476190476
116.78021836568648,278.2608695652174
114.05346847404583,266.6666666666667
125.89933557521825,304.76190476190476
136.4273398304493,304.76190476190476
112.91350609165602,266.6666666666667
146.73555009487228,320.0
145.89758443670055,320.0
129.10282415985654,290.90909090909093
146.94362859451934,320.0
141.99076981251497,304.76190476190476
131.41514043495349,304.76190476190476
157.81971572872695,336.8421052631579
132.3054349872825,290.90909090909093
136.57946498369603,304.76190476190476
157.63135507759498,336.8421052631579
139.43757020376123,320.0
173.75695093905753,355.55555555555554
152.904837251802,320.0
143.5194972053907,336.8421052631579
139.60514558989732,304.76190476190476
160.8160821640336,336.8421052631579
158.30011523465348,320.0
146.35828248945606,304.76190476190476
115.81739901115405,278.2608695652174
149.8068271907899,304.76190476190476
137.93694784540736,304.76190476190476
133.36479217306766,290.90909090909093
158.62851897931426,376.47058823529414
156.79866444909496,320.0
154.27983674052885,320.0
139.41161845090738,290.90909090909093
158.85871165079877,336.8421052631579
146.26918703088955,304.76190476190476
