ep_returns,ep_lens
14.709099452671982,39.875389408099686
14.719452674618196,40.125391849529784
14.892671952242232,39.628482972136226
14.499867092462303,39.263803680981596
14.946773457343678,39.628482972136226
15.029194432124136,39.75155279503105
15.472536860834733,40.63492063492063
16.000061804826974,41.157556270096464
16.824683229842805,42.10526315789474
16.517573231860496,41.693811074918564
16.958704566108683,42.95302013422819
17.31655491200174,42.95302013422819
16.99405316915344,42.384105960264904
17.92143741943835,43.53741496598639
18.02054908503541,43.986254295532646
17.829603049576733,43.68600682593857
18.319854407592526,44.29065743944636
18.607776257936635,44.75524475524475
18.811024523836824,45.070422535211264
18.944854825654783,45.55160142348755
20.318159951523565,47.940074906367045
19.452675840863183,46.3768115942029
20.148433713982882,47.05882352941177
20.317947716125406,47.940074906367045
19.92198340935721,46.3768115942029
19.952646750545483,47.05882352941177
20.835010422618627,48.301886792452834
21.411839957291903,49.04214559386973
20.95803194889327,48.301886792452834
20.612074977582406,47.940074906367045
21.403367458672903,49.42084942084942
21.341380882568327,49.6124031007752
21.210790025880453,49.04214559386973
21.929114523717953,50.39370078740158
21.706457141012507,49.42084942084942
21.64875925733028,50.0
22.44143681060588,51.2
22.468047141568128,51.40562248995984
22.58581658176296,51.40562248995984
22.418351412713207,50.79365079365079
22.888205145335462,52.03252032520325
24.05390421837885,54.0084388185654
22.745805593710823,51.61290322580645
23.336115085814935,52.674897119341566
23.258406486968745,52.892561983471076
23.64160553307659,53.55648535564853
23.884083415457667,53.55648535564853
23.783774654015986,53.55648535564853
23.58085025197712,53.55648535564853
23.657191683325053,53.11203319502075
24.47383118526291,55.41125541125541
25.17961013270075,55.89519650655022
23.751841007909267,53.333333333333336
24.971694016584657,55.89519650655022
24.84705374312641,55.172413793103445
25.179289744750744,56.38766519823788
26.079626104072346,57.918552036199095
25.89277787994055,57.399103139013455
25.647889842121153,57.142857142857146
26.207980231453853,58.18181818181818
25.074897901296758,56.38766519823788
25.791105099502733,58.18181818181818
26.111861273166895,58.18181818181818
26.503342878439483,58.986175115207374
26.540556019616684,58.986175115207374
26.35400140578692,58.71559633027523
27.304257913752934,60.37735849056604
28.476656351696153,63.366336633663366
27.08613606875112,61.53846153846154
28.284899483763486,62.745098039215684
27.4394022605848,61.24401913875598
29.06009059863802,64.321608040201
27.58428994680566,61.24401913875598
28.3485024497922,62.4390243902439
27.814053677623328,61.53846153846154
28.690287222424885,63.05418719211823
28.260939941214573,61.83574879227053
28.86622068092203,63.681592039801
29.691832035209504,65.3061224489796
30.386343463364266,67.01570680628272
29.83814763807928,65.64102564102564
31.080828643883997,67.01570680628272
31.899957904663882,69.56521739130434
30.97956973422521,67.36842105263158
30.809295880169568,67.36842105263158
31.32224707729597,69.56521739130434
31.31900912111353,68.44919786096257
33.6495482185595,72.72727272727273
33.53590436294921,73.14285714285714
34.005125785719535,73.98843930635839
32.75660415786684,72.31638418079096
35.3757044572083,77.10843373493977
36.01118580031773,77.10843373493977
35.98194677600611,78.04878048780488
37.12150593536389,79.01234567901234
37.13029503140031,80.0
39.06876366426967,83.66013071895425
41.1714510159627,86.48648648648648
40.237994727081364,85.33333333333333
44.08524029800647,92.7536231884058
42.95900302059303,90.14084507042253
46.92280076345916,97.70992366412214
45.12703148079285,95.5223880597015
43.14591497777828,90.14084507042253
50.48997769017884,103.2258064516129
49.44888947651716,101.58730158730158
55.34200955542365,112.28070175438596
51.499094716218394,105.78512396694215
57.34564039605954,117.43119266055047
50.97006756824949,104.91803278688525
53.71168539822401,110.34482758620689
63.78558953417396,128.0
51.6471987750609,107.56302521008404
52.19207025770916,107.56302521008404
58.288984671853925,119.62616822429906
51.451454957427664,106.66666666666667
58.56461964807114,118.51851851851852
60.52719130640969,121.9047619047619
61.5350642549759,124.27184466019418
61.11500807427307,124.27184466019418
53.65160765316678,109.4017094017094
51.42652991746679,106.66666666666667
55.41776135956519,113.27433628318585
61.71438500577508,124.27184466019418
58.38774921373809,118.51851851851852
73.00987791210821,145.45454545454547
62.36210942648775,125.49019607843137
63.19884627021918,126.73267326732673
59.88926809412912,120.75471698113208
59.486056620771,121.9047619047619
60.04631344198985,121.9047619047619
55.90624111492837,114.28571428571429
58.84138203799723,119.62616822429906
59.22630643592363,119.62616822429906
61.970080483909136,125.49019607843137
75.13956109135046,148.8372093023256
56.671487610870386,116.36363636363636
56.84838730483147,117.43119266055047
62.7027087290661,126.73267326732673
73.268801676741,145.45454545454547
64.5658962302083,130.6122448979592
62.5080945353333,126.73267326732673
66.65600570272538,134.73684210526315
68.07018608319265,136.17021276595744
65.95270881479114,134.73684210526315
68.26144689881212,139.1304347826087
70.84437941529086,142.22222222222223
70.4153477874807,140.65934065934067
73.49479265346272,147.1264367816092
66.730283485224,136.17021276595744
81.52181188845086,162.0253164556962
78.27495418631504,156.09756097560975
62.53156492303349,128.0
91.92750080488538,180.28169014084506
71.3717980038495,145.45454545454547
66.60495402993206,136.17021276595744
66.6333292616345,134.73684210526315
66.29138011958575,136.17021276595744
61.340422871254404,126.73267326732673
70.64513726417552,142.22222222222223
68.03349741663469,137.63440860215053
61.51254260202701,126.73267326732673
61.87255057096925,128.0
59.26931296743593,124.27184466019418
63.99284622768761,130.6122448979592
62.27932951759721,129.2929292929293
73.6689186982985,148.8372093023256
73.5838838653154,148.8372093023256
80.83001684148326,164.10256410256412
78.56016054129482,160.0
71.08085813790615,145.45454545454547
68.46168825036891,142.22222222222223
67.7249245394895,140.65934065934067
74.65874052872113,152.38095238095238
79.73286399609864,162.0253164556962
81.35001483378007,166.23376623376623
82.19506136768449,166.23376623376623
68.79129054775925,143.82022471910113
89.81384930588601,180.28169014084506
83.91748822923043,170.66666666666666
84.04775087372461,170.66666666666666
96.37476428152104,191.044776119403
87.61639793008433,180.28169014084506
85.73224761632113,175.34246575342465
89.81417203687556,182.85714285714286
101.62827445683038,203.17460317460316
97.28801005888432,193.93939393939394
81.4513900808251,170.66666666666666
101.05350093887563,206.4516129032258
102.27885518540936,206.4516129032258
95.54112737210217,193.93939393939394
111.1856929155529,228.57142857142858
98.67740010947773,200.0
105.96778473940499,213.33333333333334
100.56992225684107,203.17460317460316
111.2513535585132,228.57142857142858
119.27587890871024,237.03703703703704
130.51294972684266,256.0
121.73402380712123,241.50943396226415
132.44726908074946,266.6666666666667
104.50731741981072,213.33333333333334
118.21935800265453,241.50943396226415
123.16954500669956,250.98039215686273
155.79672820256192,312.1951219512195
133.8046630618701,266.6666666666667
143.16113854705756,284.44444444444446
128.83988456767432,256.0
133.23875239639236,272.3404255319149
143.8535338159068,290.90909090909093
136.55754638968705,272.3404255319149
114.80132792737872,232.72727272727272
129.50886104964076,256.0
140.5249913902372,278.2608695652174
124.66396750734687,250.98039215686273
144.728298294875,290.90909090909093
148.21030805591286,290.90909090909093
156.058712162675,312.1951219512195
137.8554572913828,278.2608695652174
155.57991078876756,312.1951219512195
150.632231908756,297.6744186046512
158.659234417268,320.0
151.303778294837,304.76190476190476
151.69007678864983,304.76190476190476
134.04981840397278,272.3404255319149
151.10474489572698,304.76190476190476
144.7807981366633,284.44444444444446
133.0423227087468,266.6666666666667
145.1560677522585,290.90909090909093
151.09127928577237,304.76190476190476
153.88394577241652,304.76190476190476
155.18151122571683,312.1951219512195
143.66813749606797,290.90909090909093
166.1415101389015,320.0
150.51590280026173,297.6744186046512
148.82823683124764,297.6744186046512
143.94250206769863,290.90909090909093
149.5712615156063,304.76190476190476
163.6357841863542,328.20512820512823
157.3594842595027,304.76190476190476
146.87533126949327,290.90909090909093
137.11695165722563,272.3404255319149
169.95052810333445,336.8421052631579
151.11714041011462,297.6744186046512
148.02497784487946,290.90909090909093
190.6395948874724,365.7142857142857
161.36648544461679,320.0
148.1049012395315,297.6744186046512
161.6283134825177,312.1951219512195
159.43906207626756,320.0
159.43164657884503,304.76190476190476
152.91895978004797,304.76190476190476
162.85679031472407,320.0
148.65078704142007,297.6744186046512
162.61701748966385,320.0
148.97587949012677,297.6744186046512
185.8763093793899,365.7142857142857
140.7160746003931,284.44444444444446
162.12769480983457,320.0
173.187208399441,336.8421052631579
168.82046836884328,328.20512820512823
137.66658167986483,272.3404255319149
159.76065293161156,312.1951219512195
164.6631156450561,320.0
166.4575934708035,320.0
180.9652408990565,345.94594594594594
158.1214715135502,312.1951219512195
172.56585503467355,336.8421052631579
167.43084964493838,328.20512820512823
151.48120805901024,297.6744186046512
154.20428307167703,304.76190476190476
177.06387562576333,336.8421052631579
162.05558551452148,312.1951219512195
150.75148104946769,290.90909090909093
145.57332146953834,278.2608695652174
146.70454875398565,284.44444444444446
145.76125127518824,284.44444444444446
149.34760591773386,290.90909090909093
143.0524219585538,278.2608695652174
164.52099505140052,312.1951219512195
135.9855010731667,266.6666666666667
139.7918437902588,272.3404255319149
132.70555820557018,261.2244897959184
143.49166556385478,278.2608695652174
183.81837534732392,355.55555555555554
176.62759717878689,336.8421052631579
144.34306743827094,284.44444444444446
186.87151581596103,355.55555555555554
139.04700286511752,272.3404255319149
154.46885733922224,304.76190476190476
155.59632804225126,304.76190476190476
175.51546299601327,336.8421052631579
170.57428608157448,328.20512820512823
165.75675188238398,320.0
138.40860369277578,272.3404255319149
168.0344246955829,328.20512820512823
186.85980298631975,355.55555555555554
160.96674160634984,312.1951219512195
157.12675304563024,312.1951219512195
176.98111684128156,336.8421052631579
164.15999401230906,320.0
164.36188080032088,320.0
183.95731897948443,355.55555555555554
148.092844725032,284.44444444444446
190.46688477678117,365.7142857142857
172.14571740734115,336.8421052631579
183.06748612412733,345.94594594594594
165.85258310845092,320.0
163.38059199365762,320.0
173.30561276217898,336.8421052631579
165.65560543993251,320.0
156.05355298585687,304.76190476190476
153.04352879426804,297.6744186046512
167.1202774051641,328.20512820512823
157.73380566062542,312.1951219512195
169.83118081857393,328.20512820512823
144.01650311768563,278.2608695652174
165.50556852441818,320.0
149.78373870986363,290.90909090909093
175.1360157540935,336.8421052631579
171.48861961031784,328.20512820512823
152.6332239410661,297.6744186046512
162.6308971507577,312.1951219512195
170.10052661666774,328.20512820512823
163.27735288969072,312.1951219512195
172.73634424585742,336.8421052631579
157.02553710025202,304.76190476190476
150.58464908784774,290.90909090909093
165.75463154240532,320.0
143.50892517830238,278.2608695652174
183.9296968378506,355.55555555555554
172.5224538147602,328.20512820512823
165.92217062050605,320.0
177.41569735305947,336.8421052631579
166.9804635511999,320.0
157.04642512590243,312.1951219512195
135.89829456274552,266.6666666666667
165.2862966158944,320.0
157.18911389245565,297.6744186046512
147.5835868405441,284.44444444444446
153.83645876443532,290.90909090909093
147.74293363127174,284.44444444444446
163.9579609801224,312.1951219512195
159.85948595829873,304.76190476190476
182.99325368494652,345.94594594594594
165.29980932254458,320.0
132.41703629824943,256.0
160.75958538989144,304.76190476190476
183.99952863743025,345.94594594594594
169.64630184390592,320.0
158.9777362151202,304.76190476190476
156.03725012008482,297.6744186046512
163.1585289345097,312.1951219512195
153.54766836902448,290.90909090909093
165.24626685764477,312.1951219512195
150.60573622557564,290.90909090909093
178.36976661024343,336.8421052631579
161.5917623069223,312.1951219512195
145.40046493607264,284.44444444444446
182.18241690221194,345.94594594594594
155.354831065912,297.6744186046512
180.8356458806581,345.94594594594594
156.31703936265882,297.6744186046512
189.2891674052548,355.55555555555554
188.41130960167018,355.55555555555554
155.33435396986673,297.6744186046512
144.1525081249785,278.2608695652174
150.67252230474392,290.90909090909093
165.64480195363765,312.1951219512195
157.59821463112914,297.6744186046512
161.04027751692325,304.76190476190476
158.39406216004085,304.76190476190476
174.8834006562866,336.8421052631579
169.4136858819099,320.0
159.09817756688508,312.1951219512195
170.42745622957867,328.20512820512823
174.8260494125461,328.20512820512823
173.69832418975525,328.20512820512823
158.273481165028,304.76190476190476
167.19707069849028,320.0
151.2586350794147,290.90909090909093
164.02881526067324,312.1951219512195
209.7193921347856,387.8787878787879
193.12371192653896,365.7142857142857
176.63109250213344,336.8421052631579
179.6973865448965,336.8421052631579
187.5356509466066,355.55555555555554
167.86545032788732,320.0
165.0051272298352,312.1951219512195
174.43480552064784,328.20512820512823
155.97471677227472,297.6744186046512
200.4624811900032,376.47058823529414
207.6389816867588,387.8787878787879
170.8966974635245,320.0
178.3470561351997,336.8421052631579
175.98670296014396,336.8421052631579
176.127239384829,328.20512820512823
184.74478354551488,345.94594594594594
167.56691670114964,320.0
167.1770424098101,320.0
176.80426613816698,336.8421052631579
174.7861824137256,328.20512820512823
154.3308053368721,297.6744186046512
153.8234353706163,290.90909090909093
165.8274076774413,312.1951219512195
199.10739526297124,376.47058823529414
156.11837709750878,297.6744186046512
175.95678475703363,336.8421052631579
160.4915544823456,304.76190476190476
162.22281075921788,312.1951219512195
181.49861913276675,345.94594594594594
166.01402988472785,312.1951219512195
163.4395581345108,312.1951219512195
188.49681938151815,355.55555555555554
169.1809224954472,320.0
159.17683233990624,304.76190476190476
169.04196567052293,320.0
152.43482141988042,290.90909090909093
140.55570961462965,272.3404255319149
155.98812109683897,297.6744186046512
171.72820295845318,328.20512820512823
177.6481402042277,336.8421052631579
173.23793360311998,328.20512820512823
146.55411084536962,278.2608695652174
168.97536310509554,320.0
166.27797870327086,312.1951219512195
155.7809275752946,297.6744186046512
175.33259669321708,336.8421052631579
189.91926843528665,355.55555555555554
163.69651712726676,312.1951219512195
154.77643823698529,297.6744186046512
175.0234522857757,336.8421052631579
155.30082261379678,297.6744186046512
171.2312150555517,320.0
163.59394124468093,312.1951219512195
177.02496520861274,336.8421052631579
173.65453619748774,328.20512820512823
174.42499647231816,328.20512820512823
177.72578178162738,336.8421052631579
181.5634858590363,336.8421052631579
161.4176598495644,304.76190476190476
184.40342070196917,345.94594594594594
169.03810777000282,312.1951219512195
189.2726382702965,355.55555555555554
174.44203666612745,328.20512820512823
168.200847259211,320.0
190.5399585713109,355.55555555555554
181.58385465344253,336.8421052631579
164.97298234829216,312.1951219512195
196.61743605426432,365.7142857142857
195.58710523561084,365.7142857142857
164.19244109142886,304.76190476190476
166.72392258505045,312.1951219512195
155.06922273532462,290.90909090909093
170.98442984849444,320.0
174.25449839882359,328.20512820512823
191.6550017209377,355.55555555555554
149.34077947251768,284.44444444444446
166.26386848804,312.1951219512195
188.47300878406614,345.94594594594594
203.36904665852114,376.47058823529414
165.2733079679185,312.1951219512195
189.00552315549626,345.94594594594594
182.22736041638382,336.8421052631579
187.46074478627486,345.94594594594594
182.80945475541984,336.8421052631579
159.19954051980673,297.6744186046512
187.19814852608505,345.94594594594594
171.52613756124646,320.0
182.73721483774517,336.8421052631579
181.87153143235992,336.8421052631579
174.04061816379593,320.0
188.428368604176,355.55555555555554
200.94007440430275,365.7142857142857
192.1506339427673,355.55555555555554
177.8862581428782,328.20512820512823
177.12010104591295,328.20512820512823
178.9814134703977,336.8421052631579
173.89515414020627,328.20512820512823
199.4270326843483,365.7142857142857
191.2006011773237,355.55555555555554
187.85570156881363,345.94594594594594
193.76362077321528,355.55555555555554
192.5618792797372,355.55555555555554
175.43399651175625,328.20512820512823
183.16622346833708,336.8421052631579
202.90343861488122,376.47058823529414
191.5657991771817,355.55555555555554
192.05875721786333,355.55555555555554
188.27226662809414,345.94594594594594
177.6843027866592,328.20512820512823
187.3423131810681,345.94594594594594
168.3016723843903,312.1951219512195
171.86681462092446,320.0
183.03927103066806,336.8421052631579
194.21276031194125,355.55555555555554
185.86254380590051,345.94594594594594
177.59239881861353,328.20512820512823
183.33060469967884,336.8421052631579
177.63700596105758,328.20512820512823
168.70951298557728,320.0
165.29266988628166,312.1951219512195
171.80848361729252,320.0
191.0431793651782,355.55555555555554
184.45865482642301,345.94594594594594
189.70854464920453,355.55555555555554
186.4228817733775,345.94594594594594
159.47784400491585,297.6744186046512
171.38393607767753,320.0
151.57507815673245,284.44444444444446
144.32186875377093,272.3404255319149
183.9819129436704,345.94594594594594
171.92704536315938,320.0
184.99702458635448,345.94594594594594
180.3309892256294,336.8421052631579
165.67819804081347,312.1951219512195
162.5555363187815,304.76190476190476
204.35969887868552,376.47058823529414
173.64087824689915,328.20512820512823
184.27054142132155,345.94594594594594
187.78311797030608,345.94594594594594
166.75926108742,312.1951219512195
198.05653400394579,365.7142857142857
185.89850523977435,345.94594594594594
198.0504814956906,365.7142857142857
159.65774885201049,304.76190476190476
193.3104625964019,355.55555555555554
179.98194548015198,336.8421052631579
161.69548744298578,304.76190476190476
153.24730963723363,290.90909090909093
179.8241186517057,336.8421052631579
175.82141831523762,328.20512820512823
194.8978424045083,355.55555555555554
199.34941046404575,365.7142857142857
190.4069442567389,345.94594594594594
185.59418179533995,345.94594594594594
169.22715283081666,320.0
185.78175314658066,345.94594594594594
198.51190063203322,365.7142857142857
195.3678806810483,365.7142857142857
160.56117410649605,297.6744186046512
184.88009850056272,345.94594594594594
170.52774132414922,320.0
171.91154308650948,320.0
203.91130355689606,376.47058823529414
174.1605143277271,320.0
199.74214111820592,365.7142857142857
183.61501911289068,336.8421052631579
164.20280734668546,304.76190476190476
191.93188027096943,355.55555555555554
187.98893967323903,345.94594594594594
195.93937880118241,355.55555555555554
173.85210404268798,320.0
206.40491743081316,376.47058823529414
206.99193100612044,376.47058823529414
183.2526977829724,336.8421052631579
182.96064807935912,336.8421052631579
189.52056075172982,345.94594594594594
179.36887613399023,328.20512820512823
174.60931591959064,320.0
182.67370539313887,336.8421052631579
194.64645508257857,355.55555555555554
179.8100734600343,328.20512820512823
201.3505545142945,365.7142857142857
208.4487636784184,376.47058823529414
176.97495907363353,320.0
201.0750948018555,365.7142857142857
183.0829661970794,336.8421052631579
197.20112646879065,355.55555555555554
169.95008524541564,312.1951219512195
185.96261652327675,336.8421052631579
190.87023337554362,345.94594594594594
164.2916587710003,297.6744186046512
184.58998817711634,336.8421052631579
208.66798921888116,376.47058823529414
200.2530133263379,365.7142857142857
200.45966808698088,365.7142857142857
178.8210539476869,328.20512820512823
190.8234226325299,345.94594594594594
217.20098267152332,387.8787878787879
190.6143599058386,345.94594594594594
203.01635564812875,365.7142857142857
178.6537324016998,328.20512820512823
196.29472371596705,355.55555555555554
188.4181930537644,345.94594594594594
163.1984733592243,304.76190476190476
199.14998199254424,365.7142857142857
192.4501970619054,355.55555555555554
178.700337727592,328.20512820512823
179.94159042139057,328.20512820512823
194.23837996293418,355.55555555555554
195.23627517156368,355.55555555555554
197.25101911819817,355.55555555555554
202.4662202999301,365.7142857142857
189.4420028797947,345.94594594594594
168.74605770725802,312.1951219512195
191.16923343194304,345.94594594594594
180.09092797553964,328.20512820512823
196.041041762269,355.55555555555554
201.35771602956,365.7142857142857
162.4589279950606,297.6744186046512
183.98732481576408,336.8421052631579
189.5960377241372,345.94594594594594
202.1930990818511,365.7142857142857
174.41464049798273,320.0
197.18182693898763,355.55555555555554
188.5464867302946,345.94594594594594
173.9090899250137,320.0
203.41070003783014,365.7142857142857
179.75126134914288,328.20512820512823
195.22651781189916,355.55555555555554
192.23817660803945,355.55555555555554
183.26000374324255,336.8421052631579
197.40576856248333,355.55555555555554
205.72312087654294,376.47058823529414
206.12705078142466,376.47058823529414
194.62470056198606,355.55555555555554
185.73416830947133,336.8421052631579
195.1989491405828,355.55555555555554
219.65599576253064,400.0
195.6395952195312,355.55555555555554
178.23937012199013,328.20512820512823
196.81381021527855,355.55555555555554
188.26615876936867,345.94594594594594
186.74318536942718,336.8421052631579
190.09061947032416,345.94594594594594
190.79428367016413,345.94594594594594
189.50230665889586,345.94594594594594
194.74566236880457,355.55555555555554
193.01906583481585,345.94594594594594
196.62171260133812,355.55555555555554
202.33147579112293,365.7142857142857
175.65284574574716,320.0
185.61955484296968,336.8421052631579
195.82885807353898,355.55555555555554
176.79983123467738,320.0
177.46964506605983,320.0
183.25333796537305,328.20512820512823
203.68531436523386,365.7142857142857
217.60618913333983,387.8787878787879
195.80303333712095,355.55555555555554
182.5687911202699,328.20512820512823
199.0147071409471,355.55555555555554
186.49413777013282,336.8421052631579
170.89176106470208,312.1951219512195
224.3837419598269,400.0
190.6243550747689,345.94594594594594
185.4021790570576,336.8421052631579
195.820905144774,355.55555555555554
201.20370750822113,365.7142857142857
207.66897565905893,376.47058823529414
195.99676850610717,355.55555555555554
205.9583366733834,376.47058823529414
182.49098646667753,336.8421052631579
209.59283666331862,376.47058823529414
180.1983823041478,328.20512820512823
206.6096945742113,376.47058823529414
180.79410229260708,328.20512820512823
190.73159144618438,355.55555555555554
201.59197264159334,365.7142857142857
216.30936008673328,387.8787878787879
194.35292320531192,355.55555555555554
189.92705884823934,345.94594594594594
214.16211807576548,387.8787878787879
202.729490407517,365.7142857142857
207.89670474676555,376.47058823529414
183.37005626405477,336.8421052631579
176.69171384417217,328.20512820512823
186.23848382991167,336.8421052631579
190.91957320169814,345.94594594594594
192.47168970608746,355.55555555555554
194.91528636172137,355.55555555555554
207.904905279931,376.47058823529414
178.38428376778356,328.20512820512823
200.41552695059863,365.7142857142857
191.13248538327736,345.94594594594594
200.5272741589777,365.7142857142857
220.91225982559354,400.0
178.312267629739,328.20512820512823
195.1957356846525,355.55555555555554
194.50878875099528,355.55555555555554
186.91141687889672,345.94594594594594
211.67829397618974,387.8787878787879
192.91372103339333,345.94594594594594
207.0940201382476,376.47058823529414
201.7629319397571,365.7142857142857
221.85030467971336,400.0
194.49487613488725,355.55555555555554
207.4878260700266,376.47058823529414
208.10472502646928,376.47058823529414
203.89784345177267,365.7142857142857
216.91926170471226,387.8787878787879
210.06902464755095,376.47058823529414
192.79566299954456,345.94594594594594
191.96242788091382,345.94594594594594
211.61252369031357,376.47058823529414
196.05145418479157,355.55555555555554
199.52451356210963,355.55555555555554
217.76464444782385,387.8787878787879
201.97161158487918,365.7142857142857
209.4017358868454,376.47058823529414
218.71355107502401,387.8787878787879
178.63201221186839,328.20512820512823
187.694962243213,336.8421052631579
193.9870513916225,345.94594594594594
199.75288269649988,355.55555555555554
208.31638877258777,376.47058823529414
194.37500324714864,345.94594594594594
193.27498512708138,345.94594594594594
211.27882329818306,376.47058823529414
205.7789080645687,365.7142857142857
191.7626123524068,345.94594594594594
173.32905180787483,312.1951219512195
200.32498755063506,355.55555555555554
200.45517012426734,355.55555555555554
219.60221663974423,387.8787878787879
203.1639564918321,365.7142857142857
194.3691818185132,345.94594594594594
205.1161884346519,365.7142857142857
195.89568030018785,345.94594594594594
194.24209211761962,345.94594594594594
212.19655479647477,376.47058823529414
204.46173189081543,365.7142857142857
212.39126746997397,376.47058823529414
197.42499759815394,355.55555555555554
219.24164334493577,387.8787878787879
189.23741083256633,336.8421052631579
183.14950897042266,328.20512820512823
182.68113526218107,328.20512820512823
193.97595142667635,345.94594594594594
174.29040396755698,312.1951219512195
213.20293702685072,376.47058823529414
198.77554918167942,355.55555555555554
201.72830703085822,355.55555555555554
200.66101733554174,355.55555555555554
186.56583294216964,336.8421052631579
212.2430753630944,376.47058823529414
193.24405880450985,345.94594594594594
199.98860201657868,355.55555555555554
208.1583760411639,365.7142857142857
203.90387090553173,365.7142857142857
213.69617517310803,376.47058823529414
220.20253933970076,387.8787878787879
200.16043058865495,355.55555555555554
212.5738355632186,376.47058823529414
210.99800465175616,376.47058823529414
194.04951680457572,345.94594594594594
198.45934047555926,355.55555555555554
211.61232642672903,376.47058823529414
207.4183937235907,365.7142857142857
187.3848977751869,336.8421052631579
198.41856310989604,355.55555555555554
200.0181515057057,355.55555555555554
187.43375162322653,336.8421052631579
220.28329895325624,387.8787878787879
205.63506686105563,365.7142857142857
188.49496831723468,336.8421052631579
199.38205160531825,355.55555555555554
221.53729869925425,387.8787878787879
189.16499669508613,336.8421052631579
193.8499805548164,345.94594594594594
187.60690619990442,336.8421052631579
198.4927015846128,355.55555555555554
203.183833537835,365.7142857142857
187.52693751309283,336.8421052631579
212.87455071892637,376.47058823529414
188.46751495722313,336.8421052631579
205.37013426902246,365.7142857142857
193.08315876214797,345.94594594594594
212.87483726468724,376.47058823529414
212.3322254336257,376.47058823529414
187.60594832745676,336.8421052631579
198.28629240877248,355.55555555555554
223.8047972501909,400.0
199.20626000921916,355.55555555555554
206.42295818309256,365.7142857142857
188.2143997353416,336.8421052631579
187.57898003390267,336.8421052631579
214.99654898158155,376.47058823529414
199.57057463605418,355.55555555555554
184.80689879090596,328.20512820512823
193.61151001453388,345.94594594594594
207.93019523015616,376.47058823529414
192.64560037940134,345.94594594594594
191.29169172760552,345.94594594594594
198.92278814836845,355.55555555555554
181.7956640869031,328.20512820512823
227.0086140543016,400.0
213.43924955368666,376.47058823529414
210.85234991852275,376.47058823529414
200.26069958031042,355.55555555555554
205.47455556037858,365.7142857142857
211.21197848799437,376.47058823529414
204.90185089200426,365.7142857142857
217.34867453184165,387.8787878787879
218.35016753223,387.8787878787879
210.935745432126,376.47058823529414
203.9440032473849,365.7142857142857
218.10223879348993,387.8787878787879
219.1999711614969,387.8787878787879
227.0718979678547,400.0
212.46083089870822,376.47058823529414
225.90693685373424,400.0
217.97173430376037,387.8787878787879
206.21148242531427,365.7142857142857
201.9525752690825,355.55555555555554
216.9216324151969,387.8787878787879
226.36663331378452,400.0
202.18551020110073,355.55555555555554
179.89970523528888,320.0
211.67028525725775,376.47058823529414
213.77499565120766,376.47058823529414
220.53799109784651,387.8787878787879
213.55331028796226,376.47058823529414
212.41457378588348,376.47058823529414
204.75274864033517,365.7142857142857
200.81136724356912,355.55555555555554
213.0427876254543,376.47058823529414
222.87219335634842,387.8787878787879
215.09987137529316,376.47058823529414
184.12214545802735,328.20512820512823
207.23202953963255,365.7142857142857
200.4052227099387,355.55555555555554
197.00419360641243,345.94594594594594
190.7504257205942,336.8421052631579
201.76435178495717,355.55555555555554
201.6163024117332,355.55555555555554
197.85967251904583,355.55555555555554
200.7989615206795,355.55555555555554
200.01736568657262,355.55555555555554
215.50928597240892,376.47058823529414
201.94686032594288,355.55555555555554
201.81267232668296,355.55555555555554
214.89605636575888,376.47058823529414
208.83966775047352,365.7142857142857
201.48379152825956,355.55555555555554
208.54261723086697,365.7142857142857
195.55909241672714,345.94594594594594
219.3438150943646,387.8787878787879
200.66024920531,355.55555555555554
206.22727231443494,365.7142857142857
174.98566516605234,312.1951219512195
213.8410067081097,376.47058823529414
201.82096057644864,355.55555555555554
199.45287453411052,355.55555555555554
225.90853442551747,400.0
215.97888488532828,376.47058823529414
192.36275100035783,336.8421052631579
227.93612322306836,400.0
196.08141764491108,345.94594594594594
208.21179769373856,365.7142857142857
202.37790115168187,355.55555555555554
206.24935419904156,365.7142857142857
220.9184113850579,387.8787878787879
222.0920921961078,387.8787878787879
201.561481669389,355.55555555555554
223.1850213030984,387.8787878787879
202.09947667496604,355.55555555555554
214.38122742640485,376.47058823529414
202.960956440104,355.55555555555554
202.15776136995106,355.55555555555554
227.81728389824508,400.0
218.78249947713593,387.8787878787879
228.09813949560095,400.0
206.88198340747542,365.7142857142857
212.0525663921042,376.47058823529414
202.23671491775406,355.55555555555554
209.25681596238542,365.7142857142857
189.34083885522514,336.8421052631579
200.58611032995202,355.55555555555554
215.273858177935,376.47058823529414
205.33191857555093,365.7142857142857
207.43581409249575,365.7142857142857
215.43543864215928,376.47058823529414
202.13802416298452,355.55555555555554
189.63440469782432,336.8421052631579
203.0333133545888,355.55555555555554
229.77015306756925,400.0
199.5984055767887,355.55555555555554
201.6450302923442,355.55555555555554
221.1862352102778,387.8787878787879
200.43657261598298,355.55555555555554
179.05207245672423,320.0
220.15780202434885,387.8787878787879
200.2713087543945,355.55555555555554
202.3238528918216,355.55555555555554
189.61359587153788,336.8421052631579
206.51853370574784,365.7142857142857
195.72695738627746,345.94594594594594
201.24362712833124,355.55555555555554
206.22857272738983,365.7142857142857
219.26547847118513,387.8787878787879
202.00411733706107,355.55555555555554
214.68180810054054,376.47058823529414
194.7543910601149,345.94594594594594
219.45043850511607,387.8787878787879
195.5139995733107,345.94594594594594
200.89299637484203,355.55555555555554
188.54344065981374,336.8421052631579
227.50405483184107,400.0
228.38803316484808,400.0
213.9300847467686,376.47058823529414
195.62541493069682,345.94594594594594
220.50484151901728,387.8787878787879
203.40522720983122,355.55555555555554
190.0689463142939,336.8421052631579
195.32003816436696,345.94594594594594
170.00350347303464,304.76190476190476
187.84756327789356,336.8421052631579
195.0168316891969,345.94594594594594
189.92778468275276,336.8421052631579
184.88373430333772,328.20512820512823
202.11414033315572,355.55555555555554
189.47389578037738,336.8421052631579
184.286972667695,328.20512820512823
207.62156913161675,365.7142857142857
185.41007001387555,328.20512820512823
213.51288335778779,376.47058823529414
206.8443396652839,365.7142857142857
215.24437379452317,376.47058823529414
214.40488452214166,376.47058823529414
181.71216425071205,320.0
208.70709786063796,365.7142857142857
196.302226919388,345.94594594594594
184.86226557263,328.20512820512823
178.56850219654902,312.1951219512195
198.90845386536054,345.94594594594594
190.33949009192943,336.8421052631579
229.6537508527078,400.0
197.8918751402306,345.94594594594594
210.60907477543876,365.7142857142857
204.1966312185617,355.55555555555554
192.92431688510177,336.8421052631579
185.79960483588258,328.20512820512823
210.1418587257239,365.7142857142857
217.36240636434272,376.47058823529414
211.13533311825773,365.7142857142857
216.3082225207263,376.47058823529414
195.0049641689935,345.94594594594594
191.27021825487623,336.8421052631579
182.78275759614618,320.0
222.81224612557324,387.8787878787879
227.50922632940183,387.8787878787879
191.18140575462175,336.8421052631579
205.46148180176075,355.55555555555554
194.91286515456778,336.8421052631579
196.17399701165513,345.94594594594594
222.83054382141023,387.8787878787879
203.47313587416457,355.55555555555554
214.86599772412063,376.47058823529414
210.17503676946075,365.7142857142857
217.27042775538914,376.47058823529414
205.4140431693441,355.55555555555554
223.59294006180104,387.8787878787879
218.1290539317692,376.47058823529414
222.98786329729666,387.8787878787879
204.39317640106907,355.55555555555554
210.75111403614682,365.7142857142857
210.25525579212336,365.7142857142857
209.81581619859375,365.7142857142857
223.8953771914268,387.8787878787879
214.38700547856047,376.47058823529414
218.53789945999466,376.47058823529414
217.1890584543427,376.47058823529414
224.56131058975942,387.8787878787879
207.84867643456164,365.7142857142857
225.0263210810058,387.8787878787879
210.39392083470406,365.7142857142857
198.4858865000453,345.94594594594594
222.4219240111066,387.8787878787879
210.24857179426547,365.7142857142857
197.22917285167443,345.94594594594594
216.10522192158174,376.47058823529414
225.4223832573175,387.8787878787879
182.4180390185404,320.0
211.64100714274744,365.7142857142857
210.56823364701737,365.7142857142857
204.97621917167336,355.55555555555554
199.1041753663821,345.94594594594594
177.90377979618512,312.1951219512195
216.91021858256366,376.47058823529414
216.46467779388323,376.47058823529414
218.40658436094185,376.47058823529414
193.37226420625873,336.8421052631579
203.93682453580348,355.55555555555554
204.57723481213804,355.55555555555554
211.80359357627432,365.7142857142857
224.11450814256614,387.8787878787879
204.613123175273,355.55555555555554
194.86135103571004,336.8421052631579
217.37531620316236,376.47058823529414
223.18789427491902,387.8787878787879
199.2939479531768,345.94594594594594
225.04843078562178,387.8787878787879
223.31069274691546,387.8787878787879
210.47982458740967,365.7142857142857
218.6678039271782,376.47058823529414
205.81139361107898,355.55555555555554
218.7361871078253,376.47058823529414
220.3318325837769,376.47058823529414
225.74169180031635,387.8787878787879
227.1630817745815,387.8787878787879
225.39426786575808,387.8787878787879
219.6238947271215,376.47058823529414
213.63811888435202,365.7142857142857
210.83587716041544,365.7142857142857
206.25039602594268,355.55555555555554
224.60457936059657,387.8787878787879
234.44501264541987,400.0
218.76667211779096,376.47058823529414
214.32270643410112,365.7142857142857
212.94260782626816,365.7142857142857
210.89885954028,365.7142857142857
226.0445742445771,387.8787878787879
207.1632282314208,355.55555555555554
192.65289383325614,336.8421052631579
231.08576578295992,400.0
228.2060727242692,387.8787878787879
187.736538710041,328.20512820512823
212.7196869727472,365.7142857142857
225.1443095559053,387.8787878787879
232.8553852882128,400.0
193.2162236046836,336.8421052631579
205.30030753324772,355.55555555555554
215.85034965182507,376.47058823529414
219.76336964690827,376.47058823529414
197.8035482709608,345.94594594594594
213.16335068346825,365.7142857142857
211.75227386478062,365.7142857142857
226.8058775611053,387.8787878787879
224.58581641510858,387.8787878787879
188.71108400769072,328.20512820512823
225.44495239827043,387.8787878787879
205.57076545019305,355.55555555555554
223.22834811934823,387.8787878787879
200.35205047145365,345.94594594594594
217.72758592650405,376.47058823529414
212.67305340088896,365.7142857142857
225.06715037078607,387.8787878787879
224.22960454501327,387.8787878787879
225.71688363677427,387.8787878787879
210.61428117606542,365.7142857142857
193.59528250292243,336.8421052631579
233.98501037120195,400.0
225.9996247723731,387.8787878787879
221.3264406659188,376.47058823529414
204.06954111314502,355.55555555555554
206.12941899791562,355.55555555555554
198.92274644868493,345.94594594594594
219.51618696409665,376.47058823529414
223.8025985837181,387.8787878787879
225.99076944873894,387.8787878787879
232.088704658081,400.0
218.37565697916403,376.47058823529414
216.32400695106742,376.47058823529414
203.1540568874756,355.55555555555554
201.02817027944985,345.94594594594594
206.3976305102107,355.55555555555554
205.0045573104005,355.55555555555554
223.7540485500119,387.8787878787879
232.90650822862725,400.0
231.72228126170788,400.0
227.61477385766744,387.8787878787879
217.49005178789668,376.47058823529414
207.01359820776275,355.55555555555554
225.81857628183482,387.8787878787879
234.9791711304426,400.0
234.60581647840445,400.0
234.98946999217674,400.0
215.61807003496327,365.7142857142857
227.41477189522627,387.8787878787879
220.92160715140403,376.47058823529414
210.76682572346712,355.55555555555554
213.62240767135745,365.7142857142857
226.95354936126284,387.8787878787879
227.10982027156564,387.8787878787879
233.50539090860096,400.0
218.976765747158,376.47058823529414
216.05770999616252,365.7142857142857
226.57901734822437,387.8787878787879
225.69220183176054,387.8787878787879
228.63998894554783,387.8787878787879
201.26019921320386,345.94594594594594
207.61072594460745,355.55555555555554
227.3317415286742,387.8787878787879
228.29442426368678,387.8787878787879
226.72053178206923,387.8787878787879
221.16761484732976,376.47058823529414
213.4015457551354,365.7142857142857
230.69529276228909,387.8787878787879
228.8920102761579,387.8787878787879
225.1149699399189,387.8787878787879
207.1560793650843,355.55555555555554
223.29314530254283,376.47058823529414
202.23533678395125,345.94594594594594
208.22047939487024,355.55555555555554
221.39706728192127,376.47058823529414
216.89783291575407,365.7142857142857
216.7536510261221,365.7142857142857
236.03511459014703,400.0
214.7553386310231,365.7142857142857
202.35781971033222,345.94594594594594
215.7969268511197,365.7142857142857
212.74199486766994,365.7142857142857
214.4084516143001,365.7142857142857
189.14552723071444,328.20512820512823
228.86404319728078,387.8787878787879
216.41808677896032,365.7142857142857
221.3305476914333,376.47058823529414
197.35313544630716,336.8421052631579
219.09754055228188,376.47058823529414
210.0834100009987,355.55555555555554
220.68524183669444,376.47058823529414
214.9149708501757,365.7142857142857
196.15008376448702,336.8421052631579
215.52625811431167,365.7142857142857
216.53295714145034,365.7142857142857
202.3202060550452,345.94594594594594
225.77654998588997,387.8787878787879
234.52723805721496,400.0
235.1349569001012,400.0
208.00562459145493,355.55555555555554
236.9005134440571,400.0
221.34323591792494,376.47058823529414
213.56663734812415,365.7142857142857
227.61312165962218,387.8787878787879
227.46355023402765,387.8787878787879
225.87898094199699,387.8787878787879
214.23183730476813,365.7142857142857
237.35953906522536,400.0
228.26081621607864,387.8787878787879
220.4133349900929,376.47058823529414
213.4482198649841,365.7142857142857
227.55084303147913,387.8787878787879
213.5050274524566,365.7142857142857
235.3350768825657,400.0
219.33350251081973,376.47058823529414
235.80546711273468,400.0
227.77235060776349,387.8787878787879
233.8655779624173,400.0
218.85147697131723,376.47058823529414
227.31014148594952,387.8787878787879
202.14328893256342,345.94594594594594
227.5107534733406,387.8787878787879
208.59240516075317,355.55555555555554
214.61535152118523,365.7142857142857
220.06257372962315,376.47058823529414
227.05910075673256,387.8787878787879
222.34889484373306,376.47058823529414
227.14940269515762,387.8787878787879
237.6990746361543,400.0
226.454034076324,387.8787878787879
233.4322307079584,400.0
222.52444387329697,376.47058823529414
229.38309183690427,387.8787878787879
213.32729722224877,365.7142857142857
214.81160300611424,365.7142857142857
226.90498568952398,387.8787878787879
213.6483327530078,365.7142857142857
227.80574190187983,387.8787878787879
220.19178315750517,376.47058823529414
228.13135831770595,387.8787878787879
227.15368479997875,387.8787878787879
221.03985737710727,376.47058823529414
213.8234738265572,365.7142857142857
226.90823461689865,387.8787878787879
220.4091905509665,376.47058823529414
228.79658180529432,387.8787878787879
221.0099048855877,376.47058823529414
200.56050955224052,345.94594594594594
215.51258287806607,365.7142857142857
228.94364935746734,387.8787878787879
227.41764435117983,387.8787878787879
219.08376718533057,376.47058823529414
229.29673321945947,387.8787878787879
236.42607684358416,400.0
210.70900802120929,355.55555555555554
221.02834334357618,376.47058823529414
215.19183184683038,365.7142857142857
209.26323363120807,355.55555555555554
213.58290983625554,365.7142857142857
215.7535837338106,365.7142857142857
208.28276378028306,355.55555555555554
236.10467856631908,400.0
209.10431639235009,355.55555555555554
229.2031059272703,387.8787878787879
238.35413203442027,400.0
220.63040899008695,376.47058823529414
221.40854262302753,376.47058823529414
215.30248851461178,365.7142857142857
215.9362367233517,365.7142857142857
227.7397252852888,387.8787878787879
230.7506936697327,387.8787878787879
235.3747882958353,400.0
213.77123630474992,365.7142857142857
236.97679275564622,400.0
201.46399557784832,345.94594594594594
222.48639771395295,376.47058823529414
210.96957645423396,355.55555555555554
214.33886479114483,365.7142857142857
222.65863108489106,376.47058823529414
213.83614947567006,365.7142857142857
223.41446023878893,376.47058823529414
228.02648741392977,387.8787878787879
228.26475240287823,387.8787878787879
220.32740196486904,376.47058823529414
216.89499267048117,365.7142857142857
214.95069471137185,365.7142857142857
228.4024288541668,387.8787878787879
230.0335197757305,387.8787878787879
236.9166093143616,400.0
228.31812542292016,387.8787878787879
209.84784411658353,355.55555555555554
202.46778702498005,345.94594594594594
219.95891982525052,376.47058823529414
208.60936711297052,355.55555555555554
222.8527853246815,376.47058823529414
223.58868437851675,376.47058823529414
215.07253656079607,365.7142857142857
228.56302875245763,387.8787878787879
221.48505060235468,376.47058823529414
218.46145721418105,365.7142857142857
214.86776726667222,365.7142857142857
205.99761595666368,355.55555555555554
216.2409277934593,365.7142857142857
230.5945301075476,387.8787878787879
237.73155816608528,400.0
229.17066358648654,387.8787878787879
228.30326720242934,387.8787878787879
228.3255798879339,387.8787878787879
226.02375927175657,376.47058823529414
230.18273297423818,387.8787878787879
223.99157853442708,376.47058823529414
222.84178344123535,376.47058823529414
228.76632378035515,387.8787878787879
218.642890876936,365.7142857142857
230.53592331760115,387.8787878787879
222.12068755421583,376.47058823529414
221.99196080896579,376.47058823529414
216.56323993030628,365.7142857142857
202.75876542714025,345.94594594594594
229.70935642732766,387.8787878787879
229.4369235351141,387.8787878787879
216.9793390286385,365.7142857142857
228.38725986317465,387.8787878787879
220.8135257515905,376.47058823529414
230.23468511597628,387.8787878787879
223.39409693406088,376.47058823529414
210.20936515708124,355.55555555555554
236.4291919499208,400.0
223.29819029577533,376.47058823529414
216.72302493009178,365.7142857142857
229.1221244562837,387.8787878787879
202.6491820036495,345.94594594594594
221.7175535870072,376.47058823529414
231.18274183449637,387.8787878787879
215.48717034599258,365.7142857142857
222.77247041882697,376.47058823529414
221.5533644132577,376.47058823529414
229.19880945307654,387.8787878787879
227.52135552605245,387.8787878787879
209.83964592723663,355.55555555555554
230.60962079306395,387.8787878787879
231.07631569215502,387.8787878787879
219.0673672650949,365.7142857142857
222.5818508473085,376.47058823529414
229.87206124195532,387.8787878787879
215.2089084460275,365.7142857142857
220.28590034086025,365.7142857142857
209.59923478394344,355.55555555555554
204.55149170696754,345.94594594594594
209.6378056692164,355.55555555555554
216.3724492805404,365.7142857142857
235.82840614737717,400.0
215.98580324984238,365.7142857142857
199.54476511718835,336.8421052631579
216.7909002081707,365.7142857142857
209.13889894830737,355.55555555555554
212.25777359042203,355.55555555555554
216.82515947510794,365.7142857142857
237.79314456812443,400.0
238.01784333680638,400.0
223.29564090058037,376.47058823529414
211.98312230018993,355.55555555555554
222.14750659559286,376.47058823529414
236.7929759235887,400.0
237.0053441407183,400.0
240.2426762661945,400.0
232.0773684344679,387.8787878787879
230.57284403029226,387.8787878787879
217.91216822518226,365.7142857142857
229.76286112336132,387.8787878787879
239.93721947512742,400.0
231.49731392371572,387.8787878787879
223.6567483038227,376.47058823529414
216.9917657023379,365.7142857142857
231.4848076558945,387.8787878787879
241.14509029605006,400.0
216.2954532929613,365.7142857142857
240.90048743376875,400.0
224.33834544671979,376.47058823529414
231.94404458566657,387.8787878787879
223.72605182289323,376.47058823529414
238.8482112083604,400.0
240.31466053914198,400.0
238.57035027822013,400.0
236.40447252285702,400.0
224.51754379649105,376.47058823529414
231.7637375562641,387.8787878787879
232.90477388990303,387.8787878787879
230.8995694483141,387.8787878787879
237.7412040308189,400.0
231.3657115261376,387.8787878787879
210.35490231775572,355.55555555555554
236.8231022453401,400.0
211.1502434018594,355.55555555555554
212.70156973908612,355.55555555555554
225.91075107403117,376.47058823529414
183.73799101726584,312.1951219512195
200.75393473957416,336.8421052631579
234.0896301790962,387.8787878787879
195.67156943971455,328.20512820512823
217.46049795856098,365.7142857142857
222.9238853933653,376.47058823529414
215.5951065363477,365.7142857142857
234.03356176032892,387.8787878787879
219.5583832843738,365.7142857142857
212.33952618110277,355.55555555555554
237.40731512225398,400.0
239.25555735129933,400.0
206.87554642584936,345.94594594594594
223.55800202570876,376.47058823529414
205.51756051014937,345.94594594594594
235.0765671842363,387.8787878787879
217.27961591067145,365.7142857142857
198.9097697242971,336.8421052631579
230.49945738901823,387.8787878787879
232.25406297648652,387.8787878787879
232.4746169300314,387.8787878787879
222.49458665741852,376.47058823529414
221.9606188784462,376.47058823529414
223.73171364965307,376.47058823529414
225.8127580422033,376.47058823529414
237.32364566346718,400.0
225.0769530720916,376.47058823529414
241.90142849013182,400.0
229.9967442285922,387.8787878787879
231.48398732944125,387.8787878787879
230.82900970994805,387.8787878787879
228.67823434791148,387.8787878787879
224.5740491581817,376.47058823529414
229.5893075975951,387.8787878787879
223.57585089499062,376.47058823529414
236.78137816232947,400.0
225.32667989369125,376.47058823529414
210.81087235833618,355.55555555555554
223.6781322376404,376.47058823529414
238.62608152223964,400.0
217.640789716934,365.7142857142857
238.64593664929885,400.0
211.48199406277428,355.55555555555554
224.27406835996953,376.47058823529414
239.3243324803708,400.0
223.6466636243518,376.47058823529414
232.02396787811003,387.8787878787879
229.88101317466783,387.8787878787879
215.9932917866924,365.7142857142857
233.91548262088457,387.8787878787879
229.30048255943802,387.8787878787879
230.36748511898585,387.8787878787879
232.0405106832962,387.8787878787879
226.93734662060723,387.8787878787879
236.5761448695677,400.0
205.20286928923574,345.94594594594594
240.02960987421,400.0
209.85059029050115,355.55555555555554
217.5795169984658,365.7142857142857
224.16098700247082,376.47058823529414
223.86760769120315,376.47058823529414
226.07731083320664,376.47058823529414
230.41051046745264,387.8787878787879
231.57342771294876,387.8787878787879
225.80293772245773,376.47058823529414
223.91072864451647,376.47058823529414
224.6123731227182,376.47058823529414
225.9007760667694,376.47058823529414
233.0260401467091,387.8787878787879
221.18290149921194,376.47058823529414
239.9415213156525,400.0
225.5661329227541,376.47058823529414
238.8091920127746,400.0
219.97220948921927,365.7142857142857
237.3962191159785,400.0
224.80314423853142,376.47058823529414
218.80539607277748,365.7142857142857
239.67557854069827,400.0
225.3735248796299,376.47058823529414
232.6510047170131,387.8787878787879
225.35285960639737,376.47058823529414
232.26435706253642,387.8787878787879
224.694332685948,376.47058823529414
232.15826291058465,387.8787878787879
232.7109302461559,387.8787878787879
240.02430372238294,400.0
184.16669960120686,312.1951219512195
233.915157474982,387.8787878787879
221.1717539624207,365.7142857142857
225.35141785772302,376.47058823529414
220.07462502751412,365.7142857142857
205.29735005244413,345.94594594594594
216.73951545579996,365.7142857142857
232.63700886432844,387.8787878787879
217.46655624290375,365.7142857142857
232.75543171357322,387.8787878787879
214.57447490998064,365.7142857142857
233.85368084684455,387.8787878787879
239.93400318555996,400.0
230.4431902436515,387.8787878787879
231.80498561576997,387.8787878787879
217.40700923565277,365.7142857142857
216.66755409779086,365.7142857142857
239.68837614388895,400.0
225.08957186322573,376.47058823529414
223.76920384693707,376.47058823529414
226.22616260855585,376.47058823529414
211.92799068202203,355.55555555555554
226.54968743569353,376.47058823529414
232.67323816873218,387.8787878787879
223.37014579283468,376.47058823529414
225.90430640916443,376.47058823529414
225.67408631350372,376.47058823529414
239.2544415859997,400.0
228.15891198197357,376.47058823529414
231.42077495585656,387.8787878787879
226.3027972888023,376.47058823529414
226.8330296880989,376.47058823529414
237.7099216226187,400.0
241.66119311572362,400.0
219.7363030784487,365.7142857142857
219.6849867523183,365.7142857142857
234.37685581320665,387.8787878787879
219.50289454088758,365.7142857142857
222.35122143063683,376.47058823529414
239.84866078472365,400.0
232.54215162840353,387.8787878787879
226.43065008926064,376.47058823529414
242.0488846386359,400.0
225.70221496048657,376.47058823529414
238.8508120232693,400.0
218.31939814578186,365.7142857142857
218.1755041946249,365.7142857142857
241.1099608579135,400.0
225.63154362280358,376.47058823529414
240.03626151322078,400.0
217.14541302712166,365.7142857142857
224.89864762491754,376.47058823529414
218.20429349207564,365.7142857142857
217.95435590988663,365.7142857142857
239.09869716396682,400.0
224.66988813672734,376.47058823529414
231.0103134254914,387.8787878787879
226.78509602774102,376.47058823529414
217.65710393231168,365.7142857142857
234.59553053485362,387.8787878787879
213.2498173496003,355.55555555555554
225.43501423701184,376.47058823529414
238.51071719436032,400.0
230.51215564549122,387.8787878787879
230.85182858239924,387.8787878787879
216.12650228807667,365.7142857142857
242.34062081253938,400.0
232.66357806794073,387.8787878787879
240.2655545917304,400.0
224.6706553122348,376.47058823529414
223.89934637394833,376.47058823529414
225.59277579922724,376.47058823529414
236.236450068688,387.8787878787879
231.77322080291137,387.8787878787879
233.79428217421037,387.8787878787879
210.97122394585642,355.55555555555554
220.80874925809854,365.7142857142857
234.02455988288773,387.8787878787879
232.2976362930955,387.8787878787879
233.7290944375683,387.8787878787879
222.43303195904468,365.7142857142857
240.70931398326934,400.0
239.5883816267911,400.0
225.36894687032208,376.47058823529414
226.22956073396185,376.47058823529414
205.83280357594714,345.94594594594594
238.68623392666584,400.0
241.18201970061833,400.0
226.6654599700671,376.47058823529414
223.88271013423898,376.47058823529414
225.09298169957535,376.47058823529414
216.12440897011356,365.7142857142857
218.64874712349734,365.7142857142857
220.7235049695373,365.7142857142857
241.38834655758328,400.0
240.16280559314941,400.0
241.31519092988205,400.0
231.32326909684133,387.8787878787879
220.38537386393637,365.7142857142857
239.84015966844663,400.0
215.53403108027547,355.55555555555554
201.37131180591228,336.8421052631579
233.449141677462,387.8787878787879
205.56233262702187,345.94594594594594
225.84062499009264,376.47058823529414
216.59287902419797,365.7142857142857
219.68224468103546,365.7142857142857
217.23418841630107,365.7142857142857
232.86922813467476,387.8787878787879
213.38406296977007,355.55555555555554
226.143045702871,376.47058823529414
219.75143701174457,365.7142857142857
225.81737539548848,376.47058823529414
225.19926549469727,376.47058823529414
227.4545108746834,376.47058823529414
233.9714091752445,387.8787878787879
215.0669227277491,355.55555555555554
241.50858836451562,400.0
234.3219033489797,387.8787878787879
226.40483578086855,376.47058823529414
236.41896186326855,387.8787878787879
239.455752066093,400.0
239.1294459116176,400.0
241.23930622440497,400.0
221.7195678947954,365.7142857142857
225.92054337041782,376.47058823529414
203.62235298135232,345.94594594594594
218.93090535923753,365.7142857142857
236.31728729734212,387.8787878787879
218.43385037136332,365.7142857142857
217.11263874484837,365.7142857142857
224.25166466499675,376.47058823529414
235.14574998550404,387.8787878787879
218.81464227117894,365.7142857142857
232.56057760483517,387.8787878787879
226.5663298103653,376.47058823529414
226.43145373384377,376.47058823529414
219.62725262606253,365.7142857142857
241.23512961656866,400.0
231.31721024386505,387.8787878787879
219.22377727454926,365.7142857142857
232.39144116371358,387.8787878787879
216.81040468291783,355.55555555555554
233.29034516290318,387.8787878787879
242.36501613024473,400.0
241.2466060040451,400.0
226.86116727311662,376.47058823529414
241.92077258807143,400.0
241.9264759838216,400.0
227.4818898391322,376.47058823529414
221.73914772843605,365.7142857142857
212.94850171332652,355.55555555555554
241.25807445198848,400.0
222.1827643592654,365.7142857142857
235.5477372259905,387.8787878787879
219.22571385638406,365.7142857142857
208.09027835623286,345.94594594594594
227.15272919160077,376.47058823529414
207.48956398148198,345.94594594594594
227.92591904386032,376.47058823529414
228.55828943370713,376.47058823529414
213.17966033208805,355.55555555555554
218.89836901996955,365.7142857142857
242.32304074864865,400.0
233.9743033512639,387.8787878787879
239.04859761872024,400.0
224.93955254369143,376.47058823529414
212.86487886964562,355.55555555555554
233.50514908630313,387.8787878787879
219.78153736255933,365.7142857142857
226.20034862192918,376.47058823529414
225.73193532855413,376.47058823529414
242.25210599404306,400.0
220.78769662960715,365.7142857142857
225.51308836427265,376.47058823529414
226.3759454211568,376.47058823529414
236.05008238173656,387.8787878787879
207.95074930102018,345.94594594594594
226.61757217308428,376.47058823529414
234.770002695076,387.8787878787879
235.3471794137187,387.8787878787879
213.67721787899748,355.55555555555554
224.9398572337797,376.47058823529414
233.80809294674128,387.8787878787879
241.75636615349964,400.0
244.37552051283063,400.0
226.97003121230037,376.47058823529414
237.4578907011308,387.8787878787879
235.72634469362478,387.8787878787879
239.12750046909616,400.0
222.9748240820393,365.7142857142857
243.9746499614571,400.0
225.77050624398353,376.47058823529414
229.3447614675561,376.47058823529414
237.30055886078566,387.8787878787879
211.56846743348913,355.55555555555554
233.1642441095717,387.8787878787879
234.76431022077693,387.8787878787879
233.38288090224864,387.8787878787879
225.66124922121344,376.47058823529414
213.20063046468698,355.55555555555554
225.33318701326084,376.47058823529414
242.23994833702886,400.0
240.49714853017383,400.0
230.11478120361994,376.47058823529414
242.44236000731223,400.0
226.2975763162478,376.47058823529414
240.79525331250966,400.0
235.6513796704832,387.8787878787879
220.83337747612825,365.7142857142857
235.07546728004317,387.8787878787879
234.06901992242896,387.8787878787879
244.94484772363728,400.0
220.2745034723311,365.7142857142857
243.5855662108197,400.0
232.89554412680423,387.8787878787879
236.05339104367826,387.8787878787879
214.7860278274798,355.55555555555554
233.788682899735,387.8787878787879
226.41953832468414,376.47058823529414
246.76853335177466,400.0
234.9865024927795,387.8787878787879
233.14017924418806,387.8787878787879
221.04728718748697,365.7142857142857
235.53828118911326,387.8787878787879
228.02943643739286,376.47058823529414
242.55436583300838,400.0
216.48945417885227,355.55555555555554
222.39079633841283,365.7142857142857
236.70125903260558,387.8787878787879
234.86563773652946,387.8787878787879
229.62767209638992,376.47058823529414
212.15039937372063,345.94594594594594
214.25622541850535,355.55555555555554
233.38062780028108,387.8787878787879
226.30317588022015,376.47058823529414
219.9936412662699,365.7142857142857
226.31791124983167,376.47058823529414
227.2959224377395,376.47058823529414
227.611769692518,376.47058823529414
229.36130302008,376.47058823529414
231.32468449672663,387.8787878787879
234.1031754881339,387.8787878787879
238.04345362338253,387.8787878787879
247.10648013782935,400.0
220.2695475740723,365.7142857142857
217.37591654709507,355.55555555555554
238.58083313046558,400.0
204.13573446880886,336.8421052631579
225.17358936968574,376.47058823529414
220.5999436934431,365.7142857142857
220.04629682907247,365.7142857142857
234.70189407339632,387.8787878787879
226.44716526525121,376.47058823529414
236.56982909155937,387.8787878787879
224.61947006028842,376.47058823529414
225.3063480829164,376.47058823529414
239.90588264404795,400.0
231.96935473757586,387.8787878787879
226.6538147151116,376.47058823529414
226.63602232454042,376.47058823529414
239.07789245683648,400.0
238.28167638625308,387.8787878787879
230.0424958739734,376.47058823529414
234.76075961266457,387.8787878787879
220.0817710281598,365.7142857142857
232.93255836103216,387.8787878787879
221.3784342652477,365.7142857142857
234.35383127554346,387.8787878787879
243.52166323288557,400.0
229.12709035906641,376.47058823529414
225.26450694810057,376.47058823529414
243.41403363595634,400.0
234.64167814912398,387.8787878787879
238.7567167871563,387.8787878787879
219.87944346638236,365.7142857142857
199.232393614639,328.20512820512823
210.213494005803,345.94594594594594
233.19237852554267,387.8787878787879
207.413609428793,345.94594594594594
241.92551349383817,400.0
227.80846541830667,376.47058823529414
227.84954574300582,376.47058823529414
234.59514502540276,387.8787878787879
222.00096531624163,365.7142857142857
222.20483037185977,365.7142857142857
225.9325991462288,376.47058823529414
237.25561802294638,387.8787878787879
217.05811590738958,355.55555555555554
243.61152130124876,400.0
225.3204321456242,376.47058823529414
219.04764037564925,365.7142857142857
225.8717032572288,376.47058823529414
221.7404722813153,365.7142857142857
226.30357484560932,376.47058823529414
209.42582448233532,345.94594594594594
219.44363479066894,365.7142857142857
214.46554955658877,355.55555555555554
213.6903098656896,355.55555555555554
198.5158761628929,328.20512820512823
220.99601013357528,365.7142857142857
227.54673638299812,376.47058823529414
227.0447610536672,376.47058823529414
220.09649393034022,365.7142857142857
204.49018215053465,336.8421052631579
204.89727017851723,336.8421052631579
228.63898924112794,376.47058823529414
212.72819294416885,355.55555555555554
227.657274914306,376.47058823529414
219.54098456455648,365.7142857142857
220.38228232299755,365.7142857142857
229.04505205677287,376.47058823529414
235.68491102165882,387.8787878787879
235.5610405060138,387.8787878787879
221.70099555749852,365.7142857142857
244.49118785453373,400.0
236.50594650798632,387.8787878787879
235.57918388122184,387.8787878787879
216.83203621654104,355.55555555555554
216.40114723434434,355.55555555555554
244.01366624149546,400.0
237.39552404921272,387.8787878787879
233.29864906815817,387.8787878787879
216.95930619697506,355.55555555555554
238.74128931010046,387.8787878787879
238.40679802453167,387.8787878787879
230.52100553051574,376.47058823529414
236.12166388883475,387.8787878787879
215.3255027920933,355.55555555555554
235.54733941587355,387.8787878787879
232.83300188453717,387.8787878787879
225.8820000293764,376.47058823529414
222.08535663934242,365.7142857142857
228.84850389200994,376.47058823529414
218.24972676421558,365.7142857142857
239.04576030776494,387.8787878787879
213.87516322891958,355.55555555555554
228.17290570829985,376.47058823529414
220.7147441340203,365.7142857142857
228.5662087522255,376.47058823529414
232.71183314103226,387.8787878787879
221.43315597245405,365.7142857142857
243.41430012676656,400.0
228.68641584866785,376.47058823529414
234.84577222816182,387.8787878787879
208.12762618511726,345.94594594594594
236.14778880581218,387.8787878787879
230.83643305019407,387.8787878787879
233.19665428465657,387.8787878787879
242.02391929015022,400.0
235.32554655861492,387.8787878787879
227.97096098618198,376.47058823529414
211.01486751900208,345.94594594594594
242.50401983099113,400.0
243.15431445333118,400.0
229.63618567774813,376.47058823529414
231.2932913009355,376.47058823529414
216.2777037523176,355.55555555555554
229.35243402392044,376.47058823529414
217.6130902343249,355.55555555555554
244.87483852569645,400.0
227.4003984878595,376.47058823529414
227.04486005533127,376.47058823529414
228.1707532419641,376.47058823529414
218.10589687513652,355.55555555555554
237.3118824613261,387.8787878787879
222.0291252610182,365.7142857142857
217.44953702529318,355.55555555555554
238.69797026790926,387.8787878787879
245.430362238731,400.0
239.72593946003562,387.8787878787879
230.64838775999166,376.47058823529414
239.071196335372,387.8787878787879
224.99198495085088,376.47058823529414
244.88581484440283,400.0
229.30253301290733,376.47058823529414
221.8322354772796,365.7142857142857
238.36172394813687,387.8787878787879
236.24281934656182,387.8787878787879
222.17536172754853,365.7142857142857
215.79441467239508,355.55555555555554
234.94385973601885,387.8787878787879
235.61053779054734,387.8787878787879
233.75182992173646,387.8787878787879
226.92420907707518,376.47058823529414
234.45847698064816,387.8787878787879
226.68595722688258,376.47058823529414
214.06430472794537,355.55555555555554
231.81431587717537,376.47058823529414
233.2085637367209,387.8787878787879
244.65857541308168,400.0
237.7559257348912,387.8787878787879
235.91525816299915,387.8787878787879
245.17094199278182,400.0
229.4158090994102,376.47058823529414
209.8156624406807,345.94594594594594
236.08398954208224,387.8787878787879
243.92101380263796,400.0
237.3105568035737,387.8787878787879
242.3328386629299,400.0
237.2045986487082,387.8787878787879
240.3059077852803,387.8787878787879
237.45625566858044,387.8787878787879
242.94149425384322,400.0
235.19052176220458,387.8787878787879
236.96960487801036,387.8787878787879
245.47740211146174,400.0
226.9105996566662,376.47058823529414
244.3392901520904,400.0
244.29159881946987,400.0
248.1509058558015,400.0
237.76933500348883,387.8787878787879
214.51786437160357,355.55555555555554
230.90731176676164,376.47058823529414
222.01837229060868,365.7142857142857
234.95805944694393,387.8787878787879
228.20016165472012,376.47058823529414
238.14383908471387,387.8787878787879
227.58500896739574,376.47058823529414
235.71379619935036,387.8787878787879
229.38775572619457,376.47058823529414
237.73792681500245,387.8787878787879
239.37707171072483,387.8787878787879
224.9090611507332,365.7142857142857
229.77562716759363,376.47058823529414
246.9426490328539,400.0
244.8739534047585,400.0
231.4148554633547,376.47058823529414
217.35788505028896,355.55555555555554
248.63130553982853,400.0
237.20461998479868,387.8787878787879
236.99703962038404,387.8787878787879
236.99238729030188,387.8787878787879
235.1204182444353,387.8787878787879
235.0874630922408,387.8787878787879
237.8438420936591,387.8787878787879
231.85871745543648,376.47058823529414
232.38183300519702,376.47058823529414
237.94842816548905,387.8787878787879
239.20034477335426,387.8787878787879
230.79805612430619,376.47058823529414
237.77077877971107,387.8787878787879
216.34088186835314,355.55555555555554
214.52835937257433,355.55555555555554
226.56726852564339,376.47058823529414
235.67330189816076,387.8787878787879
236.95187115797833,387.8787878787879
207.2065644870655,345.94594594594594
243.53220679900932,400.0
230.69513358547172,376.47058823529414
215.65703586420167,355.55555555555554
237.79978081765708,387.8787878787879
228.8524021345585,376.47058823529414
239.14863962614433,387.8787878787879
229.61735986826787,376.47058823529414
245.23528378738263,400.0
224.60287907025926,365.7142857142857
219.82104236349826,365.7142857142857
235.57303212580013,387.8787878787879
233.367364939511,376.47058823529414
216.2580661895561,355.55555555555554
244.88243816357016,400.0
239.31421612935435,400.0
237.90327652695981,387.8787878787879
235.86554144795588,387.8787878787879
230.19429993766974,376.47058823529414
245.28861941135514,400.0
228.15434432932932,376.47058823529414
228.4859494740302,376.47058823529414
229.48037721354763,376.47058823529414
223.52298355541302,365.7142857142857
230.3167012385674,376.47058823529414
226.95582690499324,376.47058823529414
225.986123245317,376.47058823529414
229.76001549163558,376.47058823529414
227.88232470040452,376.47058823529414
219.51567762343188,365.7142857142857
222.15053010223548,365.7142857142857
233.0075288938459,387.8787878787879
227.79715870867068,376.47058823529414
229.46116342748613,376.47058823529414
234.99390941721762,387.8787878787879
235.01005956130882,387.8787878787879
226.9036451735763,376.47058823529414
235.49601216864454,387.8787878787879
230.49865009741765,376.47058823529414
223.6250300041218,365.7142857142857
244.28157269719537,400.0
227.73425395599295,376.47058823529414
229.2765206464642,376.47058823529414
234.7580753281839,387.8787878787879
230.299392136999,376.47058823529414
205.3702934305599,345.94594594594594
228.1833151255289,376.47058823529414
237.39584959568018,387.8787878787879
236.1460727264374,387.8787878787879
223.4727413237288,365.7142857142857
238.25794915886596,387.8787878787879
228.99681097896587,376.47058823529414
237.28942559813595,387.8787878787879
228.67832720031848,376.47058823529414
237.51923572309886,387.8787878787879
248.44058208749814,400.0
241.9148017345521,387.8787878787879
238.01157658953628,387.8787878787879
228.53994912946342,376.47058823529414
227.52953582909424,376.47058823529414
242.30052835446958,400.0
229.54478826768343,376.47058823529414
237.17757106214714,387.8787878787879
236.90543672106392,387.8787878787879
240.7763511828067,387.8787878787879
212.93681793578037,355.55555555555554
229.67093760904268,376.47058823529414
245.69062465353574,400.0
241.09774957436804,400.0
228.85004151199306,376.47058823529414
230.23585499469343,376.47058823529414
236.88668692744903,387.8787878787879
231.64544078579317,376.47058823529414
228.83109975124918,376.47058823529414
237.80226637434149,387.8787878787879
244.37012412867136,400.0
214.67066846247624,355.55555555555554
229.42205454344247,376.47058823529414
226.3227523248673,376.47058823529414
214.23844145347076,355.55555555555554
240.63652368194715,387.8787878787879
237.67046658576953,387.8787878787879
239.96851371454426,387.8787878787879
235.68833136344693,387.8787878787879
225.36946483598402,376.47058823529414
245.63255733439075,400.0
221.55376033516092,365.7142857142857
222.69769817217048,365.7142857142857
236.22441389421903,387.8787878787879
244.44088914687666,400.0
217.22542080346622,355.55555555555554
235.0981623265995,387.8787878787879
229.8990220493803,376.47058823529414
244.79619070690723,400.0
225.87614089316358,376.47058823529414
225.90526288704157,365.7142857142857
239.80801991104173,387.8787878787879
236.5465479498598,387.8787878787879
236.44457002955164,387.8787878787879
215.15646710521528,355.55555555555554
227.2781983892307,376.47058823529414
237.0729586063446,387.8787878787879
220.46705425996547,365.7142857142857
214.7725829926637,355.55555555555554
223.97473363827933,365.7142857142857
231.47752184476371,376.47058823529414
238.01289744135957,387.8787878787879
210.63891588457864,345.94594594594594
220.4807569220119,365.7142857142857
214.5489928114303,355.55555555555554
228.31157714629032,376.47058823529414
229.01232074676216,376.47058823529414
220.59536420580253,365.7142857142857
230.29685884301017,376.47058823529414
235.86741350925416,387.8787878787879
243.34352860891616,400.0
234.50697260432108,387.8787878787879
227.4503820258465,376.47058823529414
243.22536426313405,400.0
245.59857465142696,400.0
230.2950004254352,376.47058823529414
238.82038750221005,387.8787878787879
237.19190033588126,387.8787878787879
242.71362038271312,400.0
224.1254148173051,365.7142857142857
230.7091246876736,376.47058823529414
248.1806303666971,400.0
237.22321027199357,387.8787878787879
243.29369290926235,400.0
233.83444213930028,387.8787878787879
222.57362965931927,365.7142857142857
237.29625544201372,387.8787878787879
230.38823639299076,376.47058823529414
245.7894203031264,400.0
238.67831329046138,387.8787878787879
228.5068061641679,376.47058823529414
233.47392233736625,387.8787878787879
228.09610784758468,376.47058823529414
223.20441580817123,365.7142857142857
211.00274780162783,345.94594594594594
231.17158647030504,376.47058823529414
222.33646509595042,365.7142857142857
221.19116773477265,365.7142857142857
212.78202439618153,355.55555555555554
235.59461203248108,387.8787878787879
224.2401010534921,365.7142857142857
238.40479177519043,387.8787878787879
239.18067934239696,387.8787878787879
244.95807256565124,400.0
245.58438248032087,400.0
