ep_returns,ep_lens
14.263953545536776,423.52941176470586
11.296541456892692,378.94736842105266
19.385995394359746,480.0
16.693253576161844,360.0
20.183415193254945,378.94736842105266
25.249705740790873,378.94736842105266
26.10312881146218,378.94736842105266
34.79897928006598,450.0
34.630471998141694,400.0
49.55742900625686,480.0
42.47220101738024,400.0
44.11590284670702,400.0
49.40490675789595,423.52941176470586
51.14311301597067,400.0
53.06330088625431,378.94736842105266
61.50758033335613,342.85714285714283
55.0145809260318,327.27272727272725
54.18345505939444,378.94736842105266
55.736298197376485,400.0
65.67410046295554,378.94736842105266
66.16624878472629,378.94736842105266
53.885210071510315,423.52941176470586
61.32602369055613,342.85714285714283
57.270837609058425,400.0
60.17126794159938,313.04347826086956
70.22306678714007,360.0
60.20874969252536,327.27272727272725
57.23059764863103,300.0
62.28792591311038,327.27272727272725
62.54611871172039,378.94736842105266
70.46094474973718,342.85714285714283
71.33793631449419,342.85714285714283
64.47469997500579,313.04347826086956
68.92284690201734,342.85714285714283
67.08914397066306,313.04347826086956
66.17362912123758,360.0
61.154548395559615,378.94736842105266
64.79324391870095,342.85714285714283
61.03948792515808,327.27272727272725
60.288683121067685,360.0
67.44832430808,313.04347826086956
61.83046084566803,360.0
61.26134297374119,327.27272727272725
70.13795381623753,327.27272727272725
66.22755865788919,313.04347826086956
64.96162716890038,400.0
68.32824676142275,342.85714285714283
61.75796966194404,400.0
70.53584968477547,327.27272727272725
73.10637834717633,313.04347826086956
69.09885461634991,327.27272727272725
69.31322918243424,327.27272727272725
71.02280095006951,313.04347826086956
67.06220642802937,378.94736842105266
74.24044027691356,313.04347826086956
70.17956867651593,327.27272727272725
67.83088221794269,378.94736842105266
72.95589275341422,313.04347826086956
76.0175554376355,342.85714285714283
75.58763626644544,327.27272727272725
75.0120499418137,342.85714285714283
72.74725465281026,360.0
67.55204734125068,378.94736842105266
77.283346866221,360.0
73.9377543941761,360.0
79.18329806418608,342.85714285714283
62.23036350429679,423.52941176470586
65.41586680884151,400.0
78.70911858042687,300.0
74.28398955164525,360.0
65.96343605574191,378.94736842105266
73.40621489572631,327.27272727272725
68.38244328885678,327.27272727272725
67.61056459653472,327.27272727272725
65.50285427900651,342.85714285714283
67.04203172725678,378.94736842105266
71.45357417846706,300.0
69.52760140854343,360.0
68.9478193407541,327.27272727272725
63.55886945982987,360.0
66.55119851435447,327.27272727272725
68.28431567912314,342.85714285714283
64.40826729071169,327.27272727272725
68.25853049895046,327.27272727272725
62.6553847267141,327.27272727272725
57.94331026854286,360.0
56.98059180111316,342.85714285714283
57.91086908186444,327.27272727272725
57.917288478408985,327.27272727272725
50.90360202271853,342.85714285714283
60.42680881849155,360.0
60.951131776888296,327.27272727272725
61.08795998395924,327.27272727272725
61.491584740364075,342.85714285714283
59.25523395906358,342.85714285714283
59.619150675461164,360.0
63.56165068020861,360.0
60.21803360511741,342.85714285714283
60.36807091871813,327.27272727272725
61.35803044044839,342.85714285714283
60.513899331766154,342.85714285714283
70.40178278350085,327.27272727272725
67.08428691510957,360.0
69.51394515458857,327.27272727272725
74.95435470952079,342.85714285714283
71.41285755584755,313.04347826086956
69.33102957698601,360.0
72.86692921754762,300.0
68.02584909655432,327.27272727272725
62.642319984810264,378.94736842105266
66.95242666130838,327.27272727272725
66.75804162390114,400.0
71.39349497689605,327.27272727272725
64.9137836435715,378.94736842105266
65.13968145837549,327.27272727272725
58.0631974272267,423.52941176470586
71.0322205892515,300.0
75.42534029928618,342.85714285714283
71.47198393346612,360.0
75.35306739902903,327.27272727272725
73.04797441370191,378.94736842105266
71.03844489809815,313.04347826086956
67.35485320422572,423.52941176470586
73.12954379761655,360.0
73.5014639361709,342.85714285714283
70.52981155945501,342.85714285714283
70.1945495012976,342.85714285714283
69.20679900738234,360.0
70.11879584841716,342.85714285714283
72.2309483370451,342.85714285714283
65.2463652484342,327.27272727272725
64.164105700214,342.85714285714283
71.27939587840203,327.27272727272725
70.61492844515801,342.85714285714283
64.07265360121093,342.85714285714283
66.36347002609334,360.0
67.06311680742311,327.27272727272725
66.39619077914685,360.0
65.36647154135123,342.85714285714283
72.53480932924857,327.27272727272725
61.96895436988813,378.94736842105266
66.61799820476502,360.0
57.71562027643607,400.0
64.60382533911825,327.27272727272725
66.26725330162027,327.27272727272725
74.36264160159772,313.04347826086956
67.7359922007829,342.85714285714283
66.58144750333449,342.85714285714283
68.07841070120229,313.04347826086956
74.68970106580703,313.04347826086956
61.94298344955027,327.27272727272725
60.44756380694199,360.0
54.66679566597024,313.04347826086956
56.8323881050075,342.85714285714283
59.19811766229792,313.04347826086956
53.72887644304965,360.0
59.060324771234285,313.04347826086956
64.91440167336538,400.0
59.94739136316783,313.04347826086956
55.161014543185836,327.27272727272725
62.05804886944516,360.0
58.499120429502604,342.85714285714283
53.41996177019652,327.27272727272725
56.75831502026116,360.0
66.94647017120992,313.04347826086956
52.27267293040824,327.27272727272725
60.03114317170839,327.27272727272725
66.1679758316682,360.0
59.759099605677,342.85714285714283
59.189029362180065,300.0
60.27664499956688,342.85714285714283
56.94391525030253,327.27272727272725
52.50631730397323,342.85714285714283
56.03758547233302,360.0
53.62320277892028,313.04347826086956
54.065211978762534,300.0
57.83688863607339,342.85714285714283
65.64684939518958,342.85714285714283
57.102588887724195,342.85714285714283
62.47265378544485,313.04347826086956
57.29116724689492,327.27272727272725
65.2955432497593,327.27272727272725
63.946461182727255,313.04347826086956
64.28058547724505,360.0
56.63727604779015,327.27272727272725
71.15776545132073,342.85714285714283
59.05458537901084,313.04347826086956
64.01710573124271,360.0
63.21176974101522,327.27272727272725
69.51025195561687,327.27272727272725
75.29947442880949,313.04347826086956
68.44700129711559,327.27272727272725
62.520888995864716,327.27272727272725
61.84217074884936,400.0
64.84356129827714,313.04347826086956
64.24490975088585,342.85714285714283
72.62556562350565,313.04347826086956
64.54417324049412,378.94736842105266
63.77960101010334,342.85714285714283
67.5853990033467,342.85714285714283
65.88499949596685,378.94736842105266
65.94192838423182,342.85714285714283
74.42430419069693,327.27272727272725
63.55804224977191,327.27272727272725
68.52253210681617,327.27272727272725
70.7091907058288,327.27272727272725
71.19673878046862,378.94736842105266
62.3902555015007,327.27272727272725
54.041350411358366,378.94736842105266
62.088677910958616,313.04347826086956
57.90213672939441,300.0
55.44028105646309,327.27272727272725
66.14148805960785,313.04347826086956
59.582726672149654,300.0
56.87029928113541,327.27272727272725
57.82340852209749,342.85714285714283
66.86762820695087,313.04347826086956
63.720569645492354,313.04347826086956
59.07667633493368,360.0
56.47171329784898,360.0
61.11014047626271,327.27272727272725
62.996501222803964,360.0
58.92413013767323,327.27272727272725
68.54872435159861,313.04347826086956
64.00082431834718,313.04347826086956
58.87055718900561,342.85714285714283
65.38783912446878,327.27272727272725
66.3200107855045,300.0
67.31084190114052,327.27272727272725
67.65510803418174,288.0
69.43073387724495,313.04347826086956
52.87042402392578,313.04347826086956
70.62080902641318,313.04347826086956
69.06395641577986,300.0
76.84539205971102,313.04347826086956
67.48009268907232,300.0
66.58935915818532,360.0
69.80175544328951,313.04347826086956
71.30512712982578,300.0
74.7409856108601,313.04347826086956
75.19156897714711,313.04347826086956
63.43440796390865,327.27272727272725
66.11668930323931,313.04347826086956
74.7209048256044,327.27272727272725
70.82147254956763,313.04347826086956
65.57487404222948,360.0
69.34998045712906,327.27272727272725
79.98666766520917,300.0
60.266691652924976,342.85714285714283
67.7562358461395,327.27272727272725
70.14127949062872,327.27272727272725
66.6815889520444,327.27272727272725
56.25717641276406,400.0
74.64297005087411,327.27272727272725
80.00137457749577,342.85714285714283
75.08733574946265,313.04347826086956
62.08498452128441,360.0
63.431491953513856,400.0
76.04835907625846,378.94736842105266
70.28340600574577,327.27272727272725
83.94323890864744,342.85714285714283
77.16839599981125,342.85714285714283
79.12708137658272,360.0
67.54612479365544,360.0
55.0385406025637,400.0
78.66375290029907,342.85714285714283
70.89273916555312,313.04347826086956
78.44917083841932,342.85714285714283
87.46961143667274,378.94736842105266
81.73088811033625,400.0
91.98693819227167,400.0
60.36266612144446,360.0
73.84969102468827,342.85714285714283
66.80508364444333,360.0
76.27759835039507,327.27272727272725
79.68286647726254,360.0
75.91195811840659,327.27272727272725
61.290041689290334,342.85714285714283
74.59956221331413,342.85714285714283
69.58122770370193,342.85714285714283
63.08741375371042,327.27272727272725
66.90719172647549,342.85714285714283
56.53631855984655,360.0
59.18806397471462,360.0
74.35949387913807,313.04347826086956
72.51350317567606,327.27272727272725
66.31448141478103,342.85714285714283
76.46256515318868,378.94736842105266
68.09203970834058,300.0
67.00805258568727,313.04347826086956
61.04574240925242,360.0
62.22871039018136,327.27272727272725
64.48041912716393,313.04347826086956
58.56567308562811,400.0
72.99774683982551,342.85714285714283
64.79882731162706,342.85714285714283
64.99421253446668,400.0
68.65925363987446,400.0
71.99028937481263,378.94736842105266
63.56857726568295,360.0
74.94431015968588,378.94736842105266
62.04639548061154,313.04347826086956
78.31460446137774,342.85714285714283
75.50222170478466,360.0
50.687201559263116,342.85714285714283
59.84699633774862,423.52941176470586
56.44823516999509,360.0
64.0982987704276,378.94736842105266
74.12946581534436,342.85714285714283
68.55736896615848,423.52941176470586
70.86455148926012,327.27272727272725
67.02397787668096,378.94736842105266
66.67884371430863,378.94736842105266
68.79999165743608,342.85714285714283
78.53797091237603,378.94736842105266
62.06885312739535,342.85714285714283
84.54492176232301,360.0
76.6114451614108,327.27272727272725
78.02602197909025,378.94736842105266
58.955364452421485,360.0
85.65887460091527,327.27272727272725
76.1114793591066,360.0
83.74031723609662,450.0
70.8121985959985,400.0
69.63088783371661,360.0
70.89177459222583,327.27272727272725
76.70924169797436,360.0
63.36522627273786,360.0
76.8424816590871,378.94736842105266
73.42485601397115,360.0
51.96044176662818,300.0
77.20756098488033,400.0
53.36034859325233,313.04347826086956
76.4699770522319,327.27272727272725
75.40624921803709,378.94736842105266
71.41568252713316,360.0
63.70938336722581,360.0
63.23668107240828,300.0
73.79591202067016,378.94736842105266
68.58402638743017,300.0
65.64705868388322,342.85714285714283
59.028605846187645,378.94736842105266
85.80497297493818,400.0
67.3794938286752,360.0
61.22982300843641,360.0
69.86166013127392,313.04347826086956
63.01330017130216,360.0
62.81732748383742,342.85714285714283
73.5376340138355,378.94736842105266
50.76106570854858,400.0
71.59596273430711,313.04347826086956
62.928647243351364,360.0
49.90383350808131,378.94736842105266
71.110561686434,378.94736842105266
73.02337122818996,400.0
65.72593413333209,360.0
74.40620077426385,360.0
65.02933263265571,327.27272727272725
75.84385120456561,342.85714285714283
81.12043896720003,400.0
64.12298519420524,378.94736842105266
66.58250340845235,327.27272727272725
72.99659789319988,378.94736842105266
74.55309425431946,400.0
75.21081755690163,360.0
80.47235084263724,327.27272727272725
79.67579410759437,342.85714285714283
86.8460536500734,400.0
77.79950334297368,360.0
70.47640874810709,378.94736842105266
78.86129303004151,378.94736842105266
87.17116850116689,360.0
76.87045569750268,400.0
74.74444835132843,360.0
67.95833866210086,327.27272727272725
74.41983367528472,423.52941176470586
68.00923368074139,342.85714285714283
67.9201856010485,342.85714285714283
67.22580987778281,313.04347826086956
64.12866798510775,360.0
74.53723229266356,360.0
56.298188449048844,327.27272727272725
60.651142030637,327.27272727272725
83.65529220128458,400.0
68.86956305271423,378.94736842105266
73.11085236786364,360.0
66.87926355614681,360.0
51.37663401524645,313.04347826086956
51.522060984034106,327.27272727272725
49.87240593664295,342.85714285714283
67.66210570115597,327.27272727272725
72.93021520270437,313.04347826086956
77.39788087972404,378.94736842105266
64.9365516896555,342.85714285714283
62.33468037747952,300.0
72.42461181097487,327.27272727272725
61.30655520207336,313.04347826086956
69.87453731204627,342.85714285714283
70.57915921520063,360.0
69.65460767052203,342.85714285714283
68.77052703923272,327.27272727272725
54.26679144617074,327.27272727272725
82.21845699456318,342.85714285714283
70.70868140924483,360.0
80.69827385041584,360.0
106.1266535134009,400.0
61.7003802463151,327.27272727272725
60.14886367265201,327.27272727272725
75.71338429649599,342.85714285714283
60.2021272834638,300.0
71.46464873038066,342.85714285714283
60.55061967486233,300.0
58.767176264734495,313.04347826086956
67.25292065494791,360.0
72.61914949492119,342.85714285714283
63.78806415884653,300.0
79.21606352188425,342.85714285714283
72.77065065642459,327.27272727272725
71.81709527131281,360.0
57.019585588088866,300.0
44.106025931502955,300.0
56.20344208466329,327.27272727272725
59.9817353018722,313.04347826086956
53.25458404270805,300.0
54.50434244557474,313.04347826086956
52.817233474519846,300.0
56.26579122029834,288.0
66.81827723280782,327.27272727272725
57.13991726468485,300.0
58.83451613168582,313.04347826086956
68.14007507408023,400.0
64.65345061011226,300.0
71.50049611717894,360.0
68.36142402742205,300.0
68.5983637438874,327.27272727272725
63.30360823369193,288.0
74.85613925718242,342.85714285714283
70.55414156092053,313.04347826086956
68.88165380339908,327.27272727272725
62.863154064118056,313.04347826086956
71.22296914794316,400.0
68.63667428400032,400.0
69.3502026779456,313.04347826086956
75.90879145327277,327.27272727272725
70.8144940228747,327.27272727272725
63.20043213570011,327.27272727272725
53.03836721303894,288.0
61.25363979662879,342.85714285714283
73.75721725184167,342.85714285714283
70.91348439687182,327.27272727272725
56.86163027548466,400.0
45.586951804851886,327.27272727272725
38.07049203290713,327.27272727272725
47.96126132044884,342.85714285714283
51.649435459579855,378.94736842105266
51.61952558354479,342.85714285714283
45.58669196619615,327.27272727272725
45.916511594668485,313.04347826086956
36.57918723085016,313.04347826086956
47.66689163961444,327.27272727272725
40.43287840474917,313.04347826086956
49.70804212400849,327.27272727272725
51.150033065445385,313.04347826086956
48.95129972578438,327.27272727272725
42.05305258324888,300.0
40.619338651737735,300.0
45.310325183536015,360.0
37.364955216606155,288.0
41.85297593517024,288.0
40.846503514278595,327.27272727272725
39.49476959661981,360.0
43.99885216191514,313.04347826086956
43.59012654018974,378.94736842105266
35.81819524182519,342.85714285714283
42.824146543110714,313.04347826086956
37.45745220174539,342.85714285714283
45.72761346200627,360.0
34.38252027083373,300.0
51.684529412715484,327.27272727272725
41.00583504608443,342.85714285714283
38.513408136031984,327.27272727272725
41.99899928291368,327.27272727272725
49.65009114742821,313.04347826086956
47.953223808462866,327.27272727272725
48.78913512602318,360.0
42.32731624795752,327.27272727272725
58.57082669962836,327.27272727272725
59.93049347719555,360.0
70.89452551947363,423.52941176470586
62.321151384470184,360.0
50.957526506146856,313.04347826086956
50.94309841839284,342.85714285714283
47.762418390932986,313.04347826086956
58.21755589201437,342.85714285714283
54.8682613244419,342.85714285714283
54.37316827816808,342.85714285714283
58.37324311373515,313.04347826086956
54.844418785582995,423.52941176470586
54.04036301156307,342.85714285714283
54.00706445106581,378.94736842105266
52.64348287103154,313.04347826086956
53.87085986468229,378.94736842105266
50.78628643023458,327.27272727272725
44.5667742207565,342.85714285714283
41.183113970421175,300.0
42.77510784118637,342.85714285714283
52.67593525256775,300.0
54.89611647087762,342.85714285714283
57.38673584054732,313.04347826086956
49.661456036854574,342.85714285714283
60.57516540715078,342.85714285714283
58.76715521409921,342.85714285714283
59.159456899875885,313.04347826086956
52.05523327854846,327.27272727272725
63.456917751864836,342.85714285714283
46.15842038419604,288.0
56.99554796573373,327.27272727272725
54.00257850305234,313.04347826086956
56.93135510199386,327.27272727272725
50.019696914181125,327.27272727272725
49.80550489962306,327.27272727272725
49.85374505628226,342.85714285714283
55.741553926884805,313.04347826086956
39.00332465536341,400.0
49.511863182282546,313.04347826086956
54.949711729581416,342.85714285714283
51.56603257076367,342.85714285714283
44.820881713729705,313.04347826086956
64.79978143533476,378.94736842105266
48.938027941954914,327.27272727272725
42.6743902394265,313.04347826086956
54.435759931886544,300.0
53.92073879342926,313.04347826086956
52.78474977541898,327.27272727272725
50.15908611196938,313.04347826086956
38.337731264357856,288.0
47.55501205465638,300.0
41.23280878063367,288.0
51.0530585013888,327.27272727272725
47.27526902524567,342.85714285714283
37.20265452990879,276.9230769230769
44.78471668086362,342.85714285714283
40.89507944139001,313.04347826086956
35.04777836986346,313.04347826086956
44.10848723409685,313.04347826086956
37.972966570704216,342.85714285714283
39.543641771282935,342.85714285714283
43.33039533699901,288.0
44.993447269755485,313.04347826086956
37.55831491313913,266.6666666666667
37.24182337756443,327.27272727272725
31.718467536193735,313.04347826086956
37.19072766554586,342.85714285714283
30.39518949717823,276.9230769230769
33.83381080048724,313.04347826086956
42.22017741077707,360.0
45.55044993370334,360.0
42.41235520199269,360.0
33.885109677083776,313.04347826086956
36.27925256157227,313.04347826086956
58.32215512007016,400.0
44.03244808274429,313.04347826086956
35.93640889799758,313.04347826086956
39.66985957759749,313.04347826086956
45.6564881068993,300.0
40.12754425072491,327.27272727272725
38.27334850105737,313.04347826086956
48.056776362609604,313.04347826086956
48.33212995331339,327.27272727272725
46.241927039630355,288.0
49.85812124408946,313.04347826086956
47.88194719851107,342.85714285714283
40.81550182955444,327.27272727272725
43.51992743393915,378.94736842105266
53.779683925309726,313.04347826086956
54.905362198725555,342.85714285714283
54.19087589383869,327.27272727272725
45.93883849048473,327.27272727272725
42.23234698529833,313.04347826086956
55.2104487855138,313.04347826086956
50.37983649095995,300.0
50.576703878216335,300.0
40.88157646233619,327.27272727272725
50.21623175875216,313.04347826086956
49.478399049457494,313.04347826086956
53.11347278209292,327.27272727272725
45.76677273509815,300.0
49.23933631801721,342.85714285714283
49.780663723747395,360.0
47.48585644631394,313.04347826086956
55.150891585091365,313.04347826086956
52.296675077516,342.85714285714283
58.58345259719861,360.0
57.38767628072822,327.27272727272725
54.31771319443842,378.94736842105266
67.80995805986582,400.0
52.84673583891495,300.0
49.93711481256757,327.27272727272725
51.30809908273095,327.27272727272725
53.74276074835585,360.0
39.21931988584134,400.0
34.68927645216375,342.85714285714283
56.61616886839399,342.85714285714283
40.8553217237161,342.85714285714283
49.25859688419869,300.0
53.98803588849552,342.85714285714283
55.141250026724556,342.85714285714283
47.085235034098496,342.85714285714283
52.28178465283553,327.27272727272725
47.051455263938045,360.0
40.80300739830977,300.0
55.12859681304707,342.85714285714283
50.60385172081653,342.85714285714283
56.2826320195226,360.0
53.63810292591018,313.04347826086956
48.83742080703661,360.0
61.66007623078313,342.85714285714283
49.21231822505663,313.04347826086956
59.509901085440944,378.94736842105266
49.055866714905505,327.27272727272725
60.253822603412885,327.27272727272725
53.86596096331791,300.0
69.25657373363023,360.0
49.49865257056802,327.27272727272725
46.2102054780563,313.04347826086956
53.13151303173113,327.27272727272725
47.247372658492985,288.0
56.88794243127048,360.0
64.71563672840976,360.0
52.51101785279566,360.0
56.04690455165281,327.27272727272725
66.31191785575074,342.85714285714283
62.33237048365173,360.0
62.378782328771265,313.04347826086956
57.836443013500556,342.85714285714283
56.07874009821364,327.27272727272725
48.88290581872106,288.0
50.83741349787973,360.0
60.47503578661026,360.0
44.08128676637864,300.0
50.278580806582724,327.27272727272725
49.86128434572617,300.0
55.1455251343484,300.0
50.44157135162281,342.85714285714283
51.32149687874185,313.04347826086956
59.554285082839996,360.0
56.235233425870085,327.27272727272725
53.107179180410476,327.27272727272725
65.3041509750891,360.0
55.22029182408804,313.04347826086956
50.41856973756638,300.0
55.61539664718898,288.0
56.93010826494664,400.0
47.67185699200662,313.04347826086956
54.8114351283009,313.04347826086956
55.178752611713676,360.0
49.1856420470348,300.0
66.75692286081657,423.52941176470586
64.16958255170428,342.85714285714283
53.90813171221177,327.27272727272725
54.012052131610744,327.27272727272725
39.08602295648921,313.04347826086956
61.145137898786174,360.0
58.80698058075498,313.04347826086956
57.74687661057523,342.85714285714283
46.11763245946153,327.27272727272725
56.259547245181295,342.85714285714283
68.59704122411466,327.27272727272725
64.68604094822207,342.85714285714283
48.11535188373808,313.04347826086956
63.54165265186059,378.94736842105266
46.546105006484076,288.0
57.420474816160535,360.0
59.00915520167542,327.27272727272725
63.2258192008408,342.85714285714283
71.77913799192585,360.0
58.682855225442374,313.04347826086956
60.63057480094024,360.0
58.19324976573906,342.85714285714283
57.17276019129976,342.85714285714283
54.39828222787011,313.04347826086956
61.255812158374965,342.85714285714283
60.14311786159588,360.0
58.94244236100425,342.85714285714283
49.89826692574287,300.0
43.13232155241822,327.27272727272725
52.482622629641114,360.0
66.13570594940923,342.85714285714283
54.1608496465833,313.04347826086956
58.777683211467135,327.27272727272725
53.958126435988085,360.0
53.08495200739042,300.0
47.858515820334446,300.0
67.1154922718428,327.27272727272725
60.8390841618836,327.27272727272725
47.297126563225255,342.85714285714283
57.81986728111976,360.0
53.039804504454544,313.04347826086956
55.597754860083434,327.27272727272725
56.32532681627977,342.85714285714283
52.03955246211813,378.94736842105266
53.215711593556264,342.85714285714283
53.12645857377732,327.27272727272725
52.73281043577047,342.85714285714283
69.47356529973443,327.27272727272725
60.34867181717224,342.85714285714283
64.94967732374361,378.94736842105266
60.17323531664538,378.94736842105266
64.19912394821529,327.27272727272725
53.0629838659312,288.0
55.25664245891726,327.27272727272725
57.781172274300665,327.27272727272725
62.93817971987313,360.0
65.45655031932091,360.0
59.38234327310779,360.0
57.42288093133714,327.27272727272725
56.34667217211641,342.85714285714283
58.60904681658492,327.27272727272725
52.65741538134355,313.04347826086956
50.57138944527781,288.0
53.355390573862316,327.27272727272725
48.887259127196046,300.0
55.62458871378076,378.94736842105266
63.803926692966684,327.27272727272725
57.000624776012266,313.04347826086956
58.07999710323956,313.04347826086956
61.37380552364985,342.85714285714283
64.20014359678511,313.04347826086956
73.5521186202911,378.94736842105266
60.07220679578124,313.04347826086956
70.3204395659763,400.0
64.2619111227259,342.85714285714283
48.77990974363538,327.27272727272725
56.87288599751636,327.27272727272725
44.79120608850466,276.9230769230769
58.28315536892844,342.85714285714283
69.43260468064197,327.27272727272725
45.589367912845965,342.85714285714283
57.674747781491256,313.04347826086956
62.14221257886641,342.85714285714283
54.071948657228134,313.04347826086956
81.14584301369402,378.94736842105266
47.308573495361536,327.27272727272725
57.72857681450257,327.27272727272725
59.17757099495583,342.85714285714283
59.40973144764062,327.27272727272725
53.0227478757504,342.85714285714283
64.89997198654434,313.04347826086956
60.63530333369111,342.85714285714283
78.17938826106726,360.0
58.68396986960388,360.0
72.78908982441712,360.0
70.1794441570868,360.0
66.83409806834443,342.85714285714283
66.29515514971014,327.27272727272725
69.3905756917462,378.94736842105266
70.28941920631887,360.0
57.558558111555506,327.27272727272725
64.9714618795632,360.0
72.58748963008492,400.0
65.57678037964969,342.85714285714283
67.08487419311308,400.0
81.24864120890341,400.0
75.42159172615936,378.94736842105266
62.515577320110296,342.85714285714283
54.395827428758054,288.0
64.18162489046725,360.0
49.542605935745264,327.27272727272725
70.67286426725784,327.27272727272725
65.02782804582105,360.0
68.63217808435495,342.85714285714283
68.82464897222067,400.0
52.096163828701435,288.0
68.67308220213559,360.0
71.11455788047051,378.94736842105266
64.1943440329863,450.0
67.44508673736686,360.0
62.083985411165465,360.0
59.146032407421835,327.27272727272725
58.977352681083985,360.0
69.24221793800334,378.94736842105266
58.2058162474712,313.04347826086956
70.36300335984085,360.0
60.62477007102477,360.0
60.94784756480567,313.04347826086956
45.81890240894423,300.0
48.62988233739016,378.94736842105266
58.95565713617123,342.85714285714283
56.20469429429736,327.27272727272725
75.51316574118911,423.52941176470586
65.82883359122647,378.94736842105266
46.551988482911014,288.0
53.76704667451588,300.0
62.12885693898394,360.0
55.92224135859874,342.85714285714283
81.49148387436779,450.0
63.477776961333106,378.94736842105266
54.53345788198531,360.0
54.20164854032297,342.85714285714283
69.3049129523158,360.0
65.28600346790871,378.94736842105266
70.31983379559654,378.94736842105266
59.55187862225279,342.85714285714283
60.35564291692142,360.0
64.89590424805287,378.94736842105266
60.31977132752801,360.0
74.05408994736301,342.85714285714283
64.00663511447735,327.27272727272725
52.268181462980166,313.04347826086956
65.95637803384004,327.27272727272725
66.85056561595594,400.0
47.98765108671047,342.85714285714283
63.45785823101951,378.94736842105266
61.76249549890054,313.04347826086956
53.82746897236144,327.27272727272725
54.53963380907071,360.0
51.34704287241293,360.0
69.43296536614545,342.85714285714283
71.35786367123373,378.94736842105266
58.02728999859271,327.27272727272725
71.94157077666033,400.0
64.15466553645747,360.0
70.90879911845484,400.0
78.70677831884969,423.52941176470586
81.20881579429977,378.94736842105266
58.06127155197554,342.85714285714283
61.55497900645438,342.85714285714283
68.03259308912344,400.0
56.55263860974783,360.0
54.8502970980254,327.27272727272725
74.92517459881668,360.0
53.01395653148617,313.04347826086956
64.6366960246771,313.04347826086956
56.95035027916265,342.85714285714283
64.48272879620525,360.0
92.71024800044003,450.0
61.65385131142328,342.85714285714283
64.90443444044479,327.27272727272725
67.86197651035556,360.0
62.96286563826896,342.85714285714283
65.44243619624186,360.0
66.89074782641487,342.85714285714283
64.51992631391983,327.27272727272725
62.384408165686395,378.94736842105266
60.677562637173786,313.04347826086956
44.973293799553176,342.85714285714283
60.123743084938646,342.85714285714283
67.09658430398524,378.94736842105266
60.528921299156664,342.85714285714283
73.27546205742362,378.94736842105266
69.40845492195785,360.0
66.7442682203495,342.85714285714283
78.65069567878962,378.94736842105266
57.63428357641512,342.85714285714283
61.547779707581284,400.0
49.11220186230088,342.85714285714283
54.88400484247763,327.27272727272725
54.010009618435255,360.0
77.41622186266638,400.0
65.87520128027728,360.0
47.07198561251472,342.85714285714283
65.60404053275781,360.0
62.55285388153407,378.94736842105266
77.08947996745793,378.94736842105266
77.6804047794896,360.0
46.49451159151401,313.04347826086956
56.02636411267544,360.0
66.37780843862178,360.0
58.50564162257241,313.04347826086956
43.08783432349061,342.85714285714283
39.122183272395866,313.04347826086956
70.29693882119858,400.0
55.8639316634124,342.85714285714283
46.582009627349926,300.0
64.11854109544709,378.94736842105266
71.54583472724453,378.94736842105266
82.75201772465441,378.94736842105266
72.2991287234721,342.85714285714283
59.127168082515865,327.27272727272725
57.43286939606974,400.0
81.04058928953484,423.52941176470586
94.65335646225537,423.52941176470586
59.24174175907308,360.0
51.81617816939463,360.0
58.78194238254653,300.0
53.297346498837044,288.0
64.68782354427611,360.0
62.45327125639636,342.85714285714283
47.40801053375613,300.0
51.96732954128073,342.85714285714283
50.48299357268515,300.0
55.15237896159965,342.85714285714283
63.111309647245406,313.04347826086956
68.18911023190589,378.94736842105266
56.56176432604603,360.0
68.56464438567889,378.94736842105266
75.1475846303461,400.0
60.358815936031675,327.27272727272725
42.41177150258803,300.0
60.779702700127615,327.27272727272725
73.20692955194657,378.94736842105266
48.75131438324306,378.94736842105266
64.99530295353672,342.85714285714283
60.790656587769426,327.27272727272725
54.497005883526924,300.0
45.46960336266274,327.27272727272725
63.016729581776346,360.0
52.87673270118501,313.04347826086956
61.611153352695034,342.85714285714283
53.779203147424354,342.85714285714283
56.09192332474783,327.27272727272725
66.21825060010802,342.85714285714283
75.7514705888736,378.94736842105266
55.271915528905645,327.27272727272725
83.33325568985606,378.94736842105266
61.538232192421134,327.27272727272725
61.90850246056778,327.27272727272725
58.467500983778514,378.94736842105266
59.61404987551003,342.85714285714283
61.983517860936296,360.0
64.47057960559924,327.27272727272725
71.81976333487502,342.85714285714283
60.70811246405629,327.27272727272725
74.1923856940264,378.94736842105266
76.25189401770689,360.0
70.8929272924329,378.94736842105266
73.97760456781323,378.94736842105266
67.49160179662562,360.0
58.687739872327434,313.04347826086956
82.03802421909685,400.0
54.30908389823751,342.85714285714283
70.58020752875824,360.0
71.42101744910632,360.0
62.68065802219235,327.27272727272725
68.94519178981447,360.0
65.74280087776289,342.85714285714283
79.97098257334154,378.94736842105266
63.63276882103209,313.04347826086956
61.23231477572665,360.0
67.05494801419678,378.94736842105266
80.05949219134057,400.0
76.55504507330244,360.0
62.33704414800363,327.27272727272725
60.32620614771887,313.04347826086956
58.0454108025221,300.0
66.6479376390642,360.0
90.56900615157024,400.0
79.11233268978995,360.0
61.05448251865702,342.85714285714283
76.39821738288633,378.94736842105266
51.022447798437206,342.85714285714283
67.96913560522975,360.0
69.6855248170106,342.85714285714283
64.10441315301985,327.27272727272725
75.76748074055196,342.85714285714283
59.506033324600075,327.27272727272725
56.15056673053354,327.27272727272725
50.42860675387719,313.04347826086956
65.43297944252753,313.04347826086956
79.07903340445354,378.94736842105266
68.86089393496927,360.0
82.8462603641281,378.94736842105266
52.389759125908995,300.0
73.79163795629569,327.27272727272725
63.385457893013395,378.94736842105266
56.249387354858044,313.04347826086956
77.68618140265784,378.94736842105266
69.62222533560796,360.0
81.93513552132508,400.0
68.84320685255639,378.94736842105266
61.05520872737424,313.04347826086956
71.24352272964424,342.85714285714283
67.94563420937988,360.0
83.86650178088176,378.94736842105266
72.37100738597614,360.0
61.46953760750851,342.85714285714283
75.82561794028054,378.94736842105266
70.68810608620772,342.85714285714283
68.62705543249403,327.27272727272725
54.29572895625713,327.27272727272725
72.88261641358477,342.85714285714283
71.00156147846289,378.94736842105266
70.39006030807518,360.0
58.015443433947496,342.85714285714283
69.25891883149787,360.0
80.04809895785135,378.94736842105266
50.86223324268855,327.27272727272725
53.207263683612325,423.52941176470586
75.38333940180198,342.85714285714283
64.32526571030888,342.85714285714283
66.11669849108695,378.94736842105266
66.31636994144276,360.0
64.33901041083183,327.27272727272725
58.80985053627183,313.04347826086956
75.37472210389221,400.0
67.67876991821412,360.0
67.69412688342865,360.0
91.47939002510512,450.0
68.11208117209713,342.85714285714283
65.89371916919838,327.27272727272725
69.57108205982783,360.0
61.02373100517819,342.85714285714283
62.16336063464755,378.94736842105266
78.45568145699023,423.52941176470586
70.88790110678929,423.52941176470586
63.75221796596053,342.85714285714283
49.257230062494116,313.04347826086956
72.95016721540308,360.0
72.7597312061693,378.94736842105266
64.8578243363982,342.85714285714283
68.37724804353593,378.94736842105266
51.758003923165816,313.04347826086956
74.10900906215431,342.85714285714283
56.640463359274634,342.85714285714283
79.13358614475082,360.0
64.77567891812308,360.0
54.64255285104669,342.85714285714283
73.25224993813735,514.2857142857143
55.05595228720341,300.0
67.993263217271,360.0
68.81112884893993,400.0
84.8227287770073,378.94736842105266
51.5455416176315,360.0
77.74792143998037,378.94736842105266
75.20089161115393,360.0
67.03350229604568,342.85714285714283
52.54322213838254,327.27272727272725
73.76998902744282,400.0
76.21262250296671,378.94736842105266
46.04972609434963,327.27272727272725
61.13376087329525,360.0
79.2994347643191,378.94736842105266
79.18768074068586,360.0
61.377069127799665,342.85714285714283
80.24168356596576,400.0
55.98242269248076,300.0
64.31884336305276,327.27272727272725
79.81667218801685,378.94736842105266
94.34193046703074,400.0
61.76759958680556,360.0
56.76798591164948,327.27272727272725
96.3755749877691,423.52941176470586
75.37184131730596,378.94736842105266
58.14911786582184,327.27272727272725
75.43321496548333,400.0
70.5294100662908,400.0
48.68539841434485,300.0
70.50859730112178,327.27272727272725
66.25826703129084,342.85714285714283
71.83824108197474,423.52941176470586
62.836197208010596,342.85714285714283
41.81964176831947,266.6666666666667
60.75469951480599,327.27272727272725
79.72149715312577,400.0
69.75348175647275,378.94736842105266
61.7803046560762,327.27272727272725
59.79292442528521,313.04347826086956
75.31187023431139,342.85714285714283
59.703956649444414,327.27272727272725
79.72648636571573,378.94736842105266
60.34581348609706,327.27272727272725
73.62715999410645,400.0
67.50735273516547,378.94736842105266
64.90277306623905,342.85714285714283
64.69601272558675,342.85714285714283
68.48113686918514,360.0
66.99400378730344,342.85714285714283
70.95558993603585,400.0
53.610811298182476,360.0
50.9856088638117,313.04347826086956
65.36340175183872,360.0
76.52568709454519,400.0
60.942189590843896,300.0
91.34285980371014,378.94736842105266
70.22042320371489,360.0
70.70822817231311,423.52941176470586
49.50211146581201,327.27272727272725
58.42643147565781,300.0
77.61932491650597,360.0
62.63968796002161,327.27272727272725
84.7521893261195,450.0
88.79492269128379,423.52941176470586
77.08856731174141,378.94736842105266
73.33672817804735,342.85714285714283
67.51969466195887,327.27272727272725
65.97330525101061,378.94736842105266
60.27059569349881,313.04347826086956
65.61931918509708,378.94736842105266
78.6853087446686,423.52941176470586
80.17620839935131,378.94736842105266
85.13632689679372,400.0
59.49604094913901,327.27272727272725
63.50692605457175,327.27272727272725
82.13646317768404,360.0
70.37681985156041,423.52941176470586
85.53147942562599,423.52941176470586
61.5739634673516,300.0
80.12402633609585,360.0
63.39433514370337,313.04347826086956
67.13525683980494,327.27272727272725
60.92673407646908,327.27272727272725
83.95534742050242,480.0
58.54910416765795,327.27272727272725
60.50725975449552,360.0
73.9111780644121,342.85714285714283
83.02208003400524,378.94736842105266
74.42360040873417,360.0
82.22883133750892,360.0
79.35295200234347,378.94736842105266
92.76152252206958,423.52941176470586
72.9379611357373,327.27272727272725
55.56579924676259,327.27272727272725
95.8961653995318,423.52941176470586
64.97190196276298,327.27272727272725
83.13418494385164,400.0
82.00725740496382,360.0
92.54040125641062,450.0
78.40373934970064,400.0
73.29654384094536,342.85714285714283
71.77536874288387,400.0
74.19842081987608,360.0
60.665806877904835,313.04347826086956
51.328636031452945,313.04347826086956
71.92116745956446,378.94736842105266
64.03419615912723,342.85714285714283
77.79556723513457,378.94736842105266
73.80558517895227,450.0
72.02762941757368,400.0
81.6626766414077,400.0
82.881495462006,342.85714285714283
65.33288500401888,342.85714285714283
57.94836093692423,342.85714285714283
76.9758293322051,400.0
64.70948487604882,327.27272727272725
67.88216493134223,360.0
76.08449637019207,360.0
68.95663846330515,360.0
80.67788826325295,342.85714285714283
69.37600215232725,360.0
80.89097115959623,378.94736842105266
73.33929016897486,400.0
80.47831998575877,400.0
72.84763051350129,360.0
79.59304672278533,342.85714285714283
80.20896942134961,378.94736842105266
59.900405785883514,342.85714285714283
66.96684685040593,342.85714285714283
66.3652977815742,378.94736842105266
66.16535598162497,342.85714285714283
73.12807716915304,360.0
69.65268581388996,360.0
73.89140924089631,378.94736842105266
78.63030155717476,342.85714285714283
81.24834832886309,378.94736842105266
76.71315113163146,360.0
71.60337080544002,378.94736842105266
97.21349001227445,400.0
66.6543553260073,400.0
71.40829197975556,360.0
75.71381909150877,378.94736842105266
82.24099225382021,400.0
83.97883216084351,400.0
72.4413268672158,423.52941176470586
67.1958236547197,360.0
66.19578361786473,342.85714285714283
76.5366723974402,360.0
80.65355303785252,400.0
88.41769529562524,450.0
79.19579491596116,378.94736842105266
72.22766127305123,400.0
67.72593719875988,342.85714285714283
86.62432417473488,400.0
83.28187258470889,360.0
64.46960762382238,327.27272727272725
71.5168727013878,342.85714285714283
64.78925336121527,342.85714285714283
67.32974446322433,327.27272727272725
70.67142894431714,327.27272727272725
49.27609037562482,313.04347826086956
50.20142026586317,276.9230769230769
71.03007165315431,360.0
66.8974264909,327.27272727272725
61.95679843402844,313.04347826086956
56.18593828400082,313.04347826086956
66.07425714487948,342.85714285714283
54.25774663535696,378.94736842105266
39.05072987040809,360.0
60.647015268718576,360.0
79.69120150245772,360.0
56.92978239785016,313.04347826086956
65.73148538115043,360.0
59.078620826679916,327.27272727272725
62.32809029330917,327.27272727272725
68.57344470411789,400.0
64.82108006942889,327.27272727272725
69.43339980547978,327.27272727272725
53.42185110512107,327.27272727272725
63.036333467734565,313.04347826086956
69.27531667586916,360.0
73.20816904519452,378.94736842105266
43.737711092021904,300.0
50.43182657755568,342.85714285714283
68.71464563068929,360.0
57.802828277273484,300.0
55.46475621719414,288.0
64.48509931988217,313.04347826086956
48.69403019561932,288.0
55.42262516233413,300.0
84.30038598265914,378.94736842105266
84.05611311266657,423.52941176470586
69.54730910606892,360.0
55.71659143432209,342.85714285714283
78.35440983591944,360.0
58.56100397501745,327.27272727272725
67.69105066644067,342.85714285714283
62.41746788902585,342.85714285714283
74.65060458912741,378.94736842105266
54.78809448512349,313.04347826086956
58.23587008255365,313.04347826086956
53.97615090257737,313.04347826086956
76.10415451865532,400.0
60.94861616438564,327.27272727272725
66.10069191928937,342.85714285714283
67.50024058162805,342.85714285714283
62.463802098220675,342.85714285714283
63.90284975096345,342.85714285714283
61.043157384856826,342.85714285714283
72.08223953062966,400.0
69.73772308234172,342.85714285714283
83.07827934078486,360.0
70.14681790879878,342.85714285714283
60.26304292586944,313.04347826086956
65.94082220294491,342.85714285714283
45.379716479565204,313.04347826086956
62.87616043418879,327.27272727272725
64.58127180119686,313.04347826086956
59.508674604274326,300.0
54.64848847124037,327.27272727272725
56.089894911047324,313.04347826086956
75.02603014563795,378.94736842105266
61.54013821570315,327.27272727272725
59.33254281833968,327.27272727272725
45.88717950954378,313.04347826086956
86.84133494919405,400.0
62.583056998161574,327.27272727272725
75.24312653148361,360.0
66.12704556388569,327.27272727272725
69.95994028359002,400.0
58.25998487527086,313.04347826086956
61.374723654343185,360.0
88.89919600665756,378.94736842105266
46.51500207047888,288.0
76.82107857509324,400.0
58.493562397213395,327.27272727272725
77.92228635133417,360.0
61.124768483311456,327.27272727272725
68.5007481811086,342.85714285714283
65.80077269627866,342.85714285714283
68.85943210239948,378.94736842105266
66.74609899317063,327.27272727272725
56.527983694053844,327.27272727272725
67.00223574180079,378.94736842105266
71.93844514766803,378.94736842105266
66.7690179613025,378.94736842105266
64.82205452096014,327.27272727272725
79.09147851586488,360.0
79.86612178817302,360.0
66.34382159214908,313.04347826086956
68.38524383231798,360.0
89.20775999785505,400.0
78.01748531709032,378.94736842105266
66.75797350947703,342.85714285714283
67.1884587353467,378.94736842105266
83.44730679583148,400.0
60.37622636503563,327.27272727272725
64.97786558134558,360.0
78.45695852901677,360.0
79.90421942612316,423.52941176470586
71.35225734256746,378.94736842105266
73.67222769359316,360.0
68.21703512596221,342.85714285714283
65.6055915514898,378.94736842105266
55.64857462849312,300.0
64.67865580946159,360.0
52.40427835395437,288.0
79.32749896157517,378.94736842105266
59.73157043877208,342.85714285714283
71.6559622385553,378.94736842105266
81.60764324758354,378.94736842105266
70.0365686606981,400.0
65.34316713225836,342.85714285714283
98.02962375240013,450.0
60.436177258903875,327.27272727272725
65.32964772059405,378.94736842105266
71.30905929601252,360.0
90.9902845716077,480.0
64.8789710814001,360.0
67.98359631114674,360.0
75.35814867094498,360.0
69.5697225155371,423.52941176470586
78.51821359565552,400.0
71.76998624457549,378.94736842105266
59.66968074737656,313.04347826086956
77.60599578878367,378.94736842105266
78.11933445901106,360.0
89.57535377864582,378.94736842105266
71.40493019985709,378.94736842105266
68.45391255653693,327.27272727272725
75.1436931083738,378.94736842105266
74.65872063845951,378.94736842105266
87.47960264918638,378.94736842105266
70.93466157434811,342.85714285714283
77.86950047098615,400.0
67.20419004914653,360.0
69.27093189557908,400.0
69.99871236069428,342.85714285714283
65.82603139033003,378.94736842105266
88.49390355095889,400.0
100.88953395076972,480.0
84.05503368961593,378.94736842105266
69.80526555937925,378.94736842105266
65.06496633358607,342.85714285714283
72.56972695186914,360.0
77.60698128340168,378.94736842105266
65.25699852292766,327.27272727272725
76.56646379590828,400.0
57.59451224398302,313.04347826086956
54.8422923499892,300.0
68.35718803608452,342.85714285714283
87.6163416892462,423.52941176470586
102.31635883636388,450.0
74.41530983155658,342.85714285714283
73.08461654485934,360.0
85.76345772765463,423.52941176470586
65.02398423347488,342.85714285714283
89.00599250509825,378.94736842105266
70.46662827302062,378.94736842105266
65.8979917356033,342.85714285714283
56.76194671469952,327.27272727272725
81.2004609928272,360.0
58.88128332722904,327.27272727272725
61.65473480472,300.0
61.05093616017594,327.27272727272725
72.59345643247097,342.85714285714283
85.26231100877669,378.94736842105266
74.51778154428011,378.94736842105266
69.77659246282364,360.0
66.74009645908849,360.0
49.34771982698464,300.0
59.268576829436455,342.85714285714283
65.09280673683617,327.27272727272725
66.2781085842363,360.0
64.97449817322457,342.85714285714283
58.07020115122738,360.0
65.21572416343419,400.0
73.73242120185105,378.94736842105266
79.64210919759432,400.0
65.02466357976421,342.85714285714283
68.01462027325815,360.0
68.15942976053898,360.0
73.12362096756901,378.94736842105266
96.03619944205059,423.52941176470586
99.51623257968885,400.0
80.35920758744193,378.94736842105266
69.0798851940261,360.0
95.31532650416557,423.52941176470586
78.81243615126071,342.85714285714283
81.01778284063067,400.0
64.90912233657963,342.85714285714283
80.58142308985043,378.94736842105266
72.12429884627274,378.94736842105266
64.66791649886378,342.85714285714283
63.489538448621104,327.27272727272725
85.3580312278628,400.0
66.66672398852579,342.85714285714283
94.72869546770123,423.52941176470586
68.37993803435367,360.0
64.44879545182131,342.85714285714283
84.27370446717799,400.0
65.78565253104122,360.0
72.30607884906138,342.85714285714283
63.41429725470219,360.0
69.09900245055766,360.0
78.83583372998841,400.0
113.2725397675403,514.2857142857143
73.98112268622674,423.52941176470586
75.53029541130627,360.0
65.12845487642142,327.27272727272725
84.92516220523954,378.94736842105266
85.05043730712701,400.0
56.06638832499295,327.27272727272725
65.51102167433731,360.0
67.09108630996137,327.27272727272725
64.12619923807338,360.0
71.53005703838593,360.0
60.520542482442224,360.0
62.62626410451742,400.0
77.11300785436852,423.52941176470586
68.06048779418799,327.27272727272725
84.81105433155011,423.52941176470586
63.855411162199424,327.27272727272725
74.3653086395737,400.0
69.27578795078692,360.0
68.86396465274814,313.04347826086956
83.41948721481623,378.94736842105266
66.63465919567241,360.0
61.536165510335685,360.0
61.49683094270877,327.27272727272725
58.542827998583086,300.0
52.099977018874306,288.0
72.84508844940753,360.0
52.4071953724295,342.85714285714283
77.35877336326709,378.94736842105266
62.45022428334486,360.0
76.33873860681061,360.0
66.16866811970806,342.85714285714283
68.88100723656868,342.85714285714283
76.37011362961861,400.0
56.87174810456906,342.85714285714283
90.40500067455775,423.52941176470586
68.05378390251424,342.85714285714283
65.6439116034935,423.52941176470586
83.61905827363455,423.52941176470586
68.44632125203897,378.94736842105266
74.15421678437966,360.0
77.04538559324708,360.0
54.38945848153497,360.0
65.35388113833439,378.94736842105266
69.2084939846489,327.27272727272725
50.65499734818386,300.0
70.80678956888347,327.27272727272725
58.972456587000686,342.85714285714283
82.56055209226197,360.0
82.28811640096309,400.0
63.964370749639066,342.85714285714283
83.54958545196743,400.0
60.90180961669355,360.0
61.546804679842786,288.0
73.92460699191456,378.94736842105266
62.80959366533328,378.94736842105266
56.14925442862907,300.0
72.52938072350072,360.0
62.47627960125656,327.27272727272725
79.36781632146625,378.94736842105266
50.73990722772584,342.85714285714283
58.20369889353239,327.27272727272725
64.22024486980973,327.27272727272725
64.62755800936566,313.04347826086956
62.894266124528706,313.04347826086956
78.02149493920892,378.94736842105266
80.77176098696951,400.0
90.08251490826142,400.0
50.19451251564525,300.0
56.365246330886634,360.0
40.344743924642415,276.9230769230769
60.34450220121748,327.27272727272725
92.71553028808597,400.0
67.06010440691621,313.04347826086956
80.69685572280723,378.94736842105266
80.38826052050415,378.94736842105266
87.80504706512973,400.0
65.58704402854512,342.85714285714283
67.1120236890937,327.27272727272725
69.72972614311611,378.94736842105266
77.80603850400537,400.0
76.33312592772899,400.0
83.39917686539337,423.52941176470586
65.41292225321043,360.0
55.230943838612674,342.85714285714283
82.27385304660372,400.0
59.95068287005728,342.85714285714283
64.4637005658749,378.94736842105266
54.51873754515197,342.85714285714283
56.17424424730774,342.85714285714283
70.4907790873155,342.85714285714283
85.82131244604597,423.52941176470586
59.31942041957237,327.27272727272725
75.06796104947206,400.0
82.67066803729811,378.94736842105266
56.30394775632989,313.04347826086956
78.03366364314547,400.0
80.84763642912122,400.0
87.65635099124898,400.0
72.4627404578131,378.94736842105266
66.1874426569922,342.85714285714283
66.4364731648473,342.85714285714283
76.28042373663055,360.0
72.32233549037751,400.0
67.17193949276083,360.0
72.07974945332612,378.94736842105266
88.21631161297188,423.52941176470586
63.707594856091276,327.27272727272725
67.3697190527778,327.27272727272725
89.63543688774602,400.0
67.50498515389506,342.85714285714283
56.84585039002551,313.04347826086956
70.84942369410541,342.85714285714283
81.41906162237044,423.52941176470586
69.39985711156302,378.94736842105266
83.61906484119041,378.94736842105266
