ep_returns,ep_lens
42.60525779179964,600.0
27.05131816884892,450.0
36.83566239903051,450.0
55.30389124840424,553.8461538461538
62.539175545947934,600.0
86.87929869128156,600.0
58.945233949756954,553.8461538461538
95.9393137683556,600.0
119.71196485078524,600.0
136.83021189252,600.0
127.20878371537013,600.0
135.67591721345548,600.0
129.7902294675366,600.0
71.2709469848486,342.85714285714283
79.84573233964045,360.0
122.71430998725451,553.8461538461538
90.3223013124495,423.52941176470586
124.32901727174016,600.0
101.909199321114,514.2857142857143
130.1356161774763,600.0
145.70647927933473,600.0
113.77355016075151,450.0
107.35627539782674,423.52941176470586
134.52703477662163,514.2857142857143
132.01099724662882,553.8461538461538
154.8733487866396,600.0
140.09123076793315,553.8461538461538
142.60593823005178,553.8461538461538
172.55176708088985,600.0
180.4303095465409,600.0
175.15149138888515,600.0
188.05108257542466,600.0
189.26293350206245,600.0
179.21144644926426,600.0
180.52161797260024,600.0
168.92681081779088,553.8461538461538
182.66233583713804,600.0
182.17915249487226,553.8461538461538
203.0442853376555,600.0
153.2633526446401,514.2857142857143
142.491147732965,480.0
162.8564962123136,600.0
147.4464906316465,553.8461538461538
127.13445576475536,480.0
131.7662052966147,480.0
180.4634026307242,600.0
173.83140883376947,553.8461538461538
163.60386927547148,514.2857142857143
164.57221645364322,480.0
192.12511297586622,553.8461538461538
151.38556686477446,480.0
130.0941796416717,423.52941176470586
143.58909671821465,450.0
174.26773548702022,514.2857142857143
142.4045706255094,450.0
163.72421663893016,514.2857142857143
167.61915099091647,514.2857142857143
152.40072819811328,480.0
197.43682197064726,553.8461538461538
178.65112598698596,514.2857142857143
203.64301515639735,600.0
190.54771318285108,553.8461538461538
150.94159966074076,480.0
147.0253417281181,480.0
192.26940826122717,553.8461538461538
164.70019021442502,480.0
162.69919173090287,480.0
200.99183624730404,553.8461538461538
147.89340293974158,450.0
176.30455580709227,480.0
214.1742817048889,600.0
208.05644308241543,553.8461538461538
211.85031835387156,600.0
232.76217956118603,600.0
225.26701644225398,600.0
235.757619709075,600.0
199.13632625586405,514.2857142857143
171.19812692560566,450.0
177.34885159730135,514.2857142857143
166.2857040300232,450.0
202.66211813741484,514.2857142857143
158.18353677151245,450.0
184.29481646127837,553.8461538461538
231.51880456806882,600.0
181.91439329063112,514.2857142857143
222.67349138137294,600.0
231.59897919535481,600.0
224.97277433403846,600.0
214.15751287910692,553.8461538461538
165.9084675544119,450.0
214.4518617686398,553.8461538461538
219.11433549935504,553.8461538461538
214.17681181620966,553.8461538461538
169.79412547041025,480.0
151.74016180047647,450.0
205.08379744494079,514.2857142857143
219.68117948244162,553.8461538461538
192.86582747710867,514.2857142857143
207.94931814607236,553.8461538461538
243.07040363354608,600.0
255.3116936325583,600.0
203.766756549624,514.2857142857143
189.03025444571105,514.2857142857143
232.9216307688862,600.0
211.03165620972703,553.8461538461538
244.64892238554975,600.0
217.66908537145704,553.8461538461538
243.85795804362226,600.0
226.52166106122365,600.0
184.20815813676822,553.8461538461538
228.65824617045382,600.0
221.67920265756584,553.8461538461538
236.07292254540846,553.8461538461538
196.0189548367112,514.2857142857143
187.1015588471755,480.0
188.24132197162848,514.2857142857143
216.92516883806033,553.8461538461538
169.0664357711729,450.0
195.8730087615254,514.2857142857143
177.12430562587275,514.2857142857143
204.83775099540506,553.8461538461538
243.44530023293305,600.0
214.42667884340196,514.2857142857143
221.13100709212983,553.8461538461538
210.04511549585553,553.8461538461538
234.66153848615906,553.8461538461538
238.04081951914745,600.0
198.19696496151155,514.2857142857143
222.8083282215684,553.8461538461538
208.5137079379364,514.2857142857143
231.57523079796087,553.8461538461538
199.23228917992267,514.2857142857143
207.23685414018718,514.2857142857143
201.6579347511166,480.0
246.08373228163825,600.0
222.64382902496456,553.8461538461538
215.68932285093652,514.2857142857143
232.22805003026386,553.8461538461538
230.55792049105202,553.8461538461538
232.468432908163,553.8461538461538
200.90044282931328,514.2857142857143
251.87315173833164,600.0
263.4952488255577,600.0
248.0671158284729,600.0
219.76643331474708,553.8461538461538
220.43684598241487,553.8461538461538
261.8954734232945,600.0
222.83334581927014,553.8461538461538
227.49378646342475,600.0
242.19999496384148,600.0
191.2244612137742,514.2857142857143
155.63001883937412,480.0
216.00808186641757,600.0
219.87805525855887,553.8461538461538
233.8652239728216,600.0
215.8811030119912,553.8461538461538
250.5771090576214,600.0
241.76915346664603,600.0
247.057940467728,600.0
263.92930421777834,600.0
242.89593130029667,600.0
219.35189249284952,553.8461538461538
229.97524486007435,553.8461538461538
226.6889780626123,553.8461538461538
233.50651577196209,600.0
246.12538745237234,600.0
217.46333593104583,553.8461538461538
196.35243652379918,553.8461538461538
257.7169127450986,600.0
235.7458786796303,600.0
225.20543495985476,553.8461538461538
213.49925746056167,553.8461538461538
201.31163822525528,514.2857142857143
195.99464429791422,514.2857142857143
203.6436722397781,553.8461538461538
223.4924802978653,600.0
238.8094983342322,600.0
183.02256197021543,514.2857142857143
197.99296963827626,514.2857142857143
195.8286397719844,514.2857142857143
239.00801573352803,600.0
242.30804432704204,600.0
242.90344384881976,600.0
232.24792226852784,553.8461538461538
241.6138829650682,600.0
250.8078009226222,600.0
239.19034456094982,600.0
251.19055001518245,600.0
259.30912154449084,600.0
177.76598086092153,480.0
253.3551351444936,600.0
221.72028603654923,553.8461538461538
261.78202921114377,600.0
202.23884588066372,553.8461538461538
236.18456400447465,600.0
226.89117817024317,600.0
234.29586968469863,553.8461538461538
249.34492534542264,600.0
245.550875928099,600.0
241.0693887579545,600.0
240.91215889785073,600.0
235.75474982284777,600.0
250.12637379065748,600.0
218.24654849256797,553.8461538461538
251.17954257902184,600.0
201.3306349479169,514.2857142857143
229.4507934059116,553.8461538461538
225.2593607740426,553.8461538461538
261.0406583472491,600.0
237.70562753965882,600.0
255.29530437625525,600.0
260.894974881618,600.0
256.9828656277903,600.0
235.60856749834747,600.0
260.1181782485815,600.0
266.18318173180324,600.0
254.57417841196659,600.0
231.62540072843348,553.8461538461538
248.39266594059336,600.0
265.0565143177428,600.0
261.17811070739873,600.0
261.9158215030372,600.0
252.71414298489353,600.0
263.22829432192356,600.0
260.481309312407,600.0
263.0762078523229,600.0
255.4453254562293,600.0
271.34126441084624,600.0
261.15188376125843,600.0
262.32563569838163,600.0
262.7261173468095,600.0
255.38762260207218,600.0
263.78729741808576,600.0
256.2745503269624,600.0
268.3385586445766,600.0
266.2399541213736,600.0
253.651095527791,600.0
259.21839679795016,600.0
258.1156142049766,600.0
232.18522766512,600.0
261.3143761201159,600.0
258.62744980704844,600.0
249.74259116382436,600.0
269.1988963746239,600.0
256.13663283778226,600.0
258.6575306788663,600.0
250.88184397339464,600.0
224.95614585508488,553.8461538461538
232.30620303289183,600.0
222.65970413732677,553.8461538461538
240.4994433496778,600.0
246.62906682174923,600.0
237.53535597876996,600.0
204.09177428899176,553.8461538461538
249.13504602398822,600.0
229.89114120680105,600.0
220.75853266069743,553.8461538461538
261.26249859973933,600.0
252.08838122414247,600.0
227.1143613426508,553.8461538461538
235.48014260657627,600.0
228.96170227133268,600.0
196.52305223989575,514.2857142857143
176.56737869268122,514.2857142857143
236.5778643045987,600.0
245.76666856177974,600.0
254.95756414518834,600.0
210.02823125443558,553.8461538461538
219.84324722309248,553.8461538461538
250.00102930904623,600.0
235.29268306425794,600.0
241.13763686658274,600.0
238.29403937851552,600.0
241.37201702357493,600.0
251.4675778589544,600.0
259.19377061590495,600.0
263.4369061460836,600.0
247.48071895385564,600.0
264.6352868986685,600.0
262.84350991460764,600.0
262.09758071339917,600.0
261.8353738813287,600.0
251.41658307807492,600.0
232.2434547459874,600.0
250.04566767674172,600.0
260.0094322715254,600.0
250.9542997678869,600.0
230.13105824344467,553.8461538461538
251.53183871085466,600.0
258.2092120615313,600.0
237.10317127213966,600.0
229.83341240806044,600.0
264.2259701155476,600.0
265.40778183128333,600.0
256.7082124848088,600.0
259.65439847055956,600.0
255.76152446668365,600.0
267.7808490948451,600.0
259.0622911512456,600.0
256.81054604375987,600.0
249.01615804089658,600.0
255.25221483413,600.0
234.35276125404772,553.8461538461538
281.24735170532426,600.0
272.5921443943547,600.0
273.2538510523902,600.0
246.41887560453154,600.0
251.7137324711995,600.0
248.82611072120915,553.8461538461538
277.0412658879663,600.0
261.2131919587178,600.0
260.59242728231385,600.0
273.1198381553819,600.0
262.2519048674522,600.0
249.0704154687982,600.0
259.03818898654066,600.0
277.9151220639806,600.0
259.7204857253892,600.0
264.71551344054814,600.0
277.56615412895286,600.0
281.53105465573867,600.0
257.9158726074159,600.0
268.0025697196704,600.0
262.55996091202974,600.0
286.89792183731555,600.0
258.47758065779476,600.0
265.1913313723897,600.0
277.77623622500505,600.0
265.82721346982913,600.0
277.897395647608,600.0
271.28191748783166,600.0
265.5506889659415,600.0
252.90662955807124,600.0
252.35457642389397,600.0
245.28611346886464,600.0
229.58841991454977,553.8461538461538
274.2099382034013,600.0
234.56782014614691,553.8461538461538
265.2867505791129,600.0
262.15911923845425,600.0
267.34538479526054,600.0
241.97290191971916,553.8461538461538
235.5158941351582,553.8461538461538
261.0013357794864,600.0
212.70222542036598,514.2857142857143
221.56260751505326,514.2857142857143
202.98012062565394,480.0
256.02051049792925,600.0
252.2538622660357,553.8461538461538
247.65919570513987,553.8461538461538
259.88391538723704,600.0
262.0408307068528,600.0
265.82175978173046,600.0
268.1764058315111,600.0
269.21219624211875,600.0
261.14651122809977,600.0
243.1966946498975,553.8461538461538
244.08390712107192,553.8461538461538
235.51116404167195,553.8461538461538
225.05747011747005,553.8461538461538
213.0256896823104,514.2857142857143
205.520883550649,514.2857142857143
232.01653678591128,553.8461538461538
236.40260623045626,553.8461538461538
238.07107533260947,553.8461538461538
261.2943046703828,600.0
262.72844600588815,600.0
234.11983765781136,553.8461538461538
180.7876420889823,450.0
234.57987772833434,553.8461538461538
241.42664448451154,553.8461538461538
236.16565270755518,553.8461538461538
232.71269214299156,553.8461538461538
268.5872633027515,600.0
248.891098751602,553.8461538461538
238.57029091338384,553.8461538461538
270.47125638163175,600.0
259.87349131629367,600.0
221.71024880531056,553.8461538461538
234.72066758508075,553.8461538461538
262.4045967074399,600.0
258.25464042373966,600.0
264.12132221769724,600.0
265.00031350933915,600.0
267.9916148934453,600.0
279.98802753150545,600.0
249.92416673116006,553.8461538461538
248.39506764805714,553.8461538461538
279.2648921945087,600.0
244.7094330511785,553.8461538461538
239.72229968800445,553.8461538461538
275.1266008479859,600.0
263.58052032335587,600.0
281.1736849325077,600.0
270.5731493324778,600.0
281.8431029354056,600.0
268.6802158622068,600.0
232.788980152853,553.8461538461538
248.2315373864674,553.8461538461538
270.65852664681967,600.0
263.2643534589598,600.0
269.9309265799827,600.0
271.7936257642777,600.0
243.0119541158367,553.8461538461538
243.0049813195297,553.8461538461538
252.21842145601863,600.0
270.0092313264253,600.0
242.1383401628785,553.8461538461538
259.54494957716724,600.0
272.93332694978886,600.0
228.86357188110063,553.8461538461538
267.8407970378725,600.0
239.52671242256258,553.8461538461538
241.55627519889913,553.8461538461538
245.83065344939558,553.8461538461538
247.17880925598044,553.8461538461538
262.5597555442259,600.0
219.92371463042556,514.2857142857143
257.97474014272285,600.0
215.25472952798896,514.2857142857143
276.96801627108084,600.0
255.30317142568973,553.8461538461538
203.2701969136655,480.0
251.21642445893173,553.8461538461538
244.9403492735362,553.8461538461538
272.65585295261496,600.0
227.77876634205796,514.2857142857143
276.3639836796477,600.0
247.2734931264191,553.8461538461538
261.7191905196192,600.0
264.45283349455457,600.0
200.16102288009296,514.2857142857143
229.80685187397424,553.8461538461538
245.8351174726486,553.8461538461538
239.64941155889622,553.8461538461538
261.31838337752384,600.0
272.9137472065641,600.0
241.8520642691323,553.8461538461538
215.22357471986,514.2857142857143
235.73340349566192,553.8461538461538
261.31053491926184,600.0
208.46319758495946,514.2857142857143
247.06292733581625,553.8461538461538
263.5996294643881,600.0
265.1609155164041,600.0
261.1236920638244,600.0
233.34171550008648,553.8461538461538
264.94681795094135,600.0
227.74961591326758,553.8461538461538
272.6201337771641,600.0
208.2978640163434,553.8461538461538
123.21513505834186,514.2857142857143
173.34153738779946,600.0
171.8664126879181,600.0
139.99768117705435,514.2857142857143
162.01018459612214,553.8461538461538
153.67154717833398,553.8461538461538
216.6435050364346,600.0
163.3900357484012,600.0
246.19536066870947,600.0
137.0280108816651,553.8461538461538
167.38583310311571,553.8461538461538
222.1006161559967,600.0
164.86092830366377,600.0
168.13091267773476,514.2857142857143
216.2779894550459,600.0
150.34978884469365,553.8461538461538
187.18297683546666,600.0
187.09462110844214,553.8461538461538
180.03841428883874,553.8461538461538
212.70499544686425,600.0
186.4700927124635,600.0
156.78545725999714,553.8461538461538
157.30737369106836,480.0
194.1351970536515,600.0
226.71351307141347,600.0
166.0326410106939,553.8461538461538
188.28451541146865,600.0
194.70883942295072,600.0
200.10433344188925,600.0
138.1480550622562,600.0
166.9635671467011,553.8461538461538
148.91245832691928,514.2857142857143
199.9051178012611,600.0
205.5952274599223,600.0
174.81702817800672,600.0
178.3064024111626,553.8461538461538
146.63277835003103,553.8461538461538
148.12058316465973,553.8461538461538
184.63022732918125,600.0
203.54031222457527,600.0
140.55810848951322,514.2857142857143
171.57673488015828,600.0
214.96797588111224,600.0
180.2373355000334,600.0
176.0118857492306,600.0
187.69331253174343,600.0
166.0201754269647,553.8461538461538
219.2041605825515,600.0
226.83609267849008,600.0
202.91613219655207,600.0
127.9991995310143,514.2857142857143
154.22579604246954,514.2857142857143
232.76612123641272,600.0
182.2473670157992,553.8461538461538
168.58360753626462,600.0
173.2163896221122,600.0
203.1974923449985,600.0
141.9503019541248,553.8461538461538
128.70387180590845,514.2857142857143
158.50679628378282,553.8461538461538
170.10592202700312,600.0
155.81623922582384,553.8461538461538
180.55161975790654,600.0
149.77407633687613,553.8461538461538
179.44485666952713,600.0
221.45205841444127,600.0
172.88281638949192,600.0
191.28397752699138,600.0
180.5226815473566,600.0
168.97927122087668,600.0
172.86689358428248,600.0
184.53866131188298,600.0
171.58699562192837,600.0
192.24212264431193,600.0
158.4651451417375,600.0
215.2075408186698,600.0
170.87504372995252,514.2857142857143
172.8352731476599,600.0
196.20311839319,600.0
165.98721882663475,600.0
211.73564539989243,600.0
153.21656053218646,600.0
183.02077688450595,600.0
201.67533615513457,600.0
169.36813497535644,600.0
241.34422651525372,600.0
191.71475820050318,600.0
213.0990176285212,600.0
204.92757212996648,600.0
167.23031187756945,514.2857142857143
192.5292537126259,600.0
185.22187204482478,600.0
176.29104070250133,553.8461538461538
178.7949529303989,553.8461538461538
135.7204077506226,553.8461538461538
181.86831590094036,553.8461538461538
179.22380134137367,600.0
164.02970803787684,600.0
165.25049730364347,600.0
202.6333820192472,600.0
147.94783442777506,600.0
192.16263671482025,553.8461538461538
162.37494054854224,600.0
170.5977040075026,600.0
181.80845384770907,600.0
185.72308888420403,600.0
146.10993385581617,600.0
235.57835581149016,600.0
202.0628510954746,600.0
191.49221375059378,600.0
228.04999590069957,553.8461538461538
192.4493993849812,600.0
181.3474481926637,600.0
193.92333535991293,553.8461538461538
150.73785259141698,553.8461538461538
174.4947008762674,600.0
169.93060458934397,600.0
219.07605161658668,600.0
208.7138685314471,600.0
211.05827721095062,553.8461538461538
209.789298064454,600.0
232.80956325560987,600.0
173.134539320635,553.8461538461538
237.92529315695083,600.0
147.56531504622382,553.8461538461538
136.33196254350582,514.2857142857143
152.47748438403852,514.2857142857143
177.4949965756888,600.0
205.87304973029356,553.8461538461538
189.61442905163423,553.8461538461538
136.13753053966667,480.0
124.64229555803836,450.0
176.99020395761684,553.8461538461538
184.80758747513556,553.8461538461538
176.33569573215965,553.8461538461538
184.42532869870183,553.8461538461538
206.5742544223419,553.8461538461538
192.13272616916905,553.8461538461538
183.38708711078496,480.0
215.09078981467962,600.0
176.68683301150637,553.8461538461538
189.4406118051611,553.8461538461538
167.31190313548262,514.2857142857143
196.53902677943782,600.0
223.63970196320722,600.0
198.35847564108846,600.0
128.88224770017362,480.0
130.66482163489343,450.0
158.79029691500315,480.0
174.64597331988472,553.8461538461538
154.69441213598773,553.8461538461538
125.46827690360888,450.0
137.4618975385693,450.0
102.29821301779332,400.0
209.7754931833637,600.0
123.14361684353159,450.0
148.0779746796972,450.0
138.88395411017817,480.0
173.32326496409814,553.8461538461538
205.496121989018,600.0
171.4022509065468,514.2857142857143
178.28288491888725,553.8461538461538
217.93039381394752,600.0
178.9421111114127,600.0
153.08786828616226,514.2857142857143
207.21241600458828,600.0
191.902566827792,553.8461538461538
193.88024625400993,514.2857142857143
218.39723024071498,600.0
183.87266535273744,514.2857142857143
170.3148340753589,514.2857142857143
185.106402186745,600.0
198.6270849541616,553.8461538461538
133.88568302276536,450.0
195.85069532551623,553.8461538461538
156.03670926947325,514.2857142857143
235.03955553907596,600.0
154.05534461198425,480.0
214.26512680160033,553.8461538461538
215.90086382234253,600.0
180.59592262428353,553.8461538461538
186.9279559612753,514.2857142857143
193.26114468761565,600.0
189.71477099995195,600.0
202.61859518369567,600.0
187.32262965942365,600.0
223.5794311770832,600.0
169.43129706934548,553.8461538461538
206.5980140618054,600.0
184.0901538620254,553.8461538461538
115.39436867818618,423.52941176470586
196.64018343163752,553.8461538461538
206.03783715711873,600.0
191.9997446517244,553.8461538461538
219.21671077308534,600.0
229.64650687663809,600.0
187.02256806325616,553.8461538461538
192.41643419666948,553.8461538461538
215.6297892989081,600.0
171.97687684674503,514.2857142857143
157.50383531395516,480.0
231.9051584979228,600.0
192.18424267397683,553.8461538461538
190.47101082894108,553.8461538461538
192.08570212104675,480.0
157.41482575262464,480.0
166.09367853184668,480.0
165.50725978531105,480.0
157.8274316486251,450.0
186.2175564914676,514.2857142857143
197.84902200551008,553.8461538461538
184.09785607223802,514.2857142857143
166.3999494585295,480.0
176.83338134656017,480.0
207.53214165999333,553.8461538461538
150.44213564525683,450.0
224.38271585432616,600.0
221.4966811068784,600.0
187.99157637858266,514.2857142857143
180.51260699712196,480.0
185.6797543184623,514.2857142857143
183.70166619631866,514.2857142857143
206.58135196153688,553.8461538461538
190.65796384230453,553.8461538461538
175.34555113553225,514.2857142857143
172.834520498952,514.2857142857143
223.02771673884197,600.0
217.30040084680618,600.0
205.97834613645912,553.8461538461538
170.32600208719762,480.0
184.38135493982728,514.2857142857143
211.93636381528373,553.8461538461538
209.21421586861373,553.8461538461538
185.09235904999747,514.2857142857143
239.83923190788263,600.0
224.59319804362545,600.0
170.02545619483496,514.2857142857143
227.1537444776312,553.8461538461538
247.80758064246126,600.0
172.47088187489095,480.0
183.26332333134954,553.8461538461538
210.4760313011188,553.8461538461538
198.9246398545727,553.8461538461538
190.8735082286055,514.2857142857143
234.1706497237767,600.0
212.89040595346262,553.8461538461538
222.43782053917363,553.8461538461538
179.52298837930928,480.0
213.47148987139568,553.8461538461538
235.02095710063398,553.8461538461538
231.66331484628907,600.0
191.8946066414234,553.8461538461538
161.62149190264446,480.0
202.31163430204688,514.2857142857143
230.99772235722818,600.0
155.26597417479664,480.0
212.80675095459918,514.2857142857143
219.91699427227252,600.0
177.54483733087733,514.2857142857143
169.32723120861098,480.0
199.03766290299816,553.8461538461538
154.8470726039476,450.0
181.6581681101707,514.2857142857143
196.91489508604843,553.8461538461538
229.47371255502094,600.0
194.2425228308142,600.0
196.77925362596508,553.8461538461538
196.87760349795042,553.8461538461538
189.97712093498833,600.0
188.92343955176756,553.8461538461538
227.1148143410152,600.0
215.2787817575492,553.8461538461538
229.0257904197027,600.0
175.52991177245346,514.2857142857143
199.9799112238115,553.8461538461538
213.5336440899458,553.8461538461538
157.6033893994689,450.0
222.46681250887966,600.0
201.8250760955148,553.8461538461538
158.25250558306814,480.0
203.80881422002082,553.8461538461538
207.8762497797825,600.0
184.43275073853843,514.2857142857143
227.7138135580976,600.0
240.22954024453614,600.0
241.85630196676345,600.0
204.72234701869613,514.2857142857143
229.01848789117446,600.0
188.02434093973773,553.8461538461538
191.02746224461995,553.8461538461538
225.04160452177544,600.0
200.76869010893887,553.8461538461538
235.8630058597929,600.0
255.0853523286295,600.0
254.90969947329083,600.0
227.33338535764895,600.0
228.70651201542717,600.0
190.561516039422,553.8461538461538
236.71887095684545,600.0
201.25643494398588,553.8461538461538
199.1295417219229,514.2857142857143
212.06766101471072,553.8461538461538
199.68276965434464,553.8461538461538
168.6462955692925,514.2857142857143
180.73471778379403,514.2857142857143
187.2205711887131,553.8461538461538
152.94789735655726,450.0
192.88063298482507,514.2857142857143
163.4571005148173,480.0
164.73005864640658,480.0
200.4772975226915,553.8461538461538
201.20139297780273,553.8461538461538
180.38531992470053,553.8461538461538
199.50811185618053,514.2857142857143
229.77695881787008,600.0
208.00191355680866,553.8461538461538
157.80468540973882,480.0
168.56291318441416,514.2857142857143
169.02494049268583,480.0
221.16371732344157,600.0
224.9533881920429,600.0
232.31230485062918,600.0
214.4552175654434,600.0
211.75037132456447,553.8461538461538
239.91316419898465,600.0
205.8757114071182,553.8461538461538
176.26326650114683,514.2857142857143
214.65269683135045,553.8461538461538
224.11933719174513,600.0
236.39892179314722,600.0
170.31934326311813,480.0
228.47514745545413,600.0
210.87299665969377,600.0
204.6036084360641,553.8461538461538
216.12833793641832,600.0
177.82807144168348,514.2857142857143
196.3288223274572,553.8461538461538
207.05146105554056,553.8461538461538
215.3134738473405,553.8461538461538
210.51266731712815,553.8461538461538
248.63243554568305,600.0
221.7617295284549,600.0
238.89430109281344,600.0
155.2932552396098,450.0
180.73480178549602,514.2857142857143
172.19320706383454,480.0
190.30152706515173,514.2857142857143
152.27933990332195,450.0
220.66355143677706,553.8461538461538
191.58383459075588,514.2857142857143
190.0595686702881,514.2857142857143
180.29933934124534,514.2857142857143
120.48096296909256,400.0
147.36858246800074,450.0
254.44640580575776,600.0
214.44026877136247,553.8461538461538
158.37327538937245,450.0
171.85217369373066,480.0
240.35962509331782,553.8461538461538
222.02138707636183,600.0
218.95458959203566,553.8461538461538
202.86484031318332,553.8461538461538
180.05546708231904,514.2857142857143
208.46780905004778,553.8461538461538
225.29317219990148,600.0
235.19252394253564,553.8461538461538
214.86632456906452,553.8461538461538
152.4191009935435,450.0
190.6524158869687,480.0
189.77377013342615,514.2857142857143
189.76717378399195,514.2857142857143
222.59934441361182,553.8461538461538
215.77158653537754,600.0
238.19200773785602,600.0
227.3332262600699,600.0
229.97484081891582,600.0
216.30935706326272,553.8461538461538
221.5446098298031,553.8461538461538
243.89161130514216,600.0
254.21549478275688,600.0
217.14796596959573,553.8461538461538
227.82464167383523,553.8461538461538
243.8064121979007,600.0
203.18563484665776,553.8461538461538
220.66403637260598,600.0
228.89812469326216,553.8461538461538
216.98096877488666,553.8461538461538
199.38498382784394,553.8461538461538
212.63199462692305,553.8461538461538
204.142097327591,553.8461538461538
235.850257388116,600.0
175.93121909655616,480.0
240.0726742979002,600.0
205.5332318474778,553.8461538461538
230.80524439976162,600.0
229.75317914115496,553.8461538461538
214.31137027703573,553.8461538461538
168.71773138695823,480.0
163.35008469361736,514.2857142857143
245.55765175350572,600.0
222.01210755717227,600.0
211.6608593556325,553.8461538461538
179.8570936380735,514.2857142857143
196.079731377287,514.2857142857143
175.62508451347966,514.2857142857143
221.59548116923298,553.8461538461538
235.62996091154082,600.0
248.41936626271104,600.0
233.8939281766673,600.0
192.36124452722288,553.8461538461538
223.1075833479819,553.8461538461538
195.1245837103383,514.2857142857143
187.4403486589998,553.8461538461538
198.20170508906708,514.2857142857143
165.22380771304657,480.0
244.57027206187192,600.0
183.0957067422651,514.2857142857143
215.93564987731,553.8461538461538
239.1424600635216,600.0
234.62713503781023,600.0
236.9163650980954,600.0
235.44859834434533,600.0
235.525938915767,600.0
194.93103418551996,514.2857142857143
196.96753488014593,553.8461538461538
230.25457193051835,553.8461538461538
219.97771804093497,553.8461538461538
225.7982795822941,553.8461538461538
202.73321582132647,553.8461538461538
238.2471712237941,600.0
235.65641856023277,600.0
190.524980291574,514.2857142857143
243.65104138690788,600.0
234.2166948441354,600.0
226.87481940737413,553.8461538461538
226.31335380147115,600.0
226.9409783584739,553.8461538461538
249.49142389771933,600.0
196.70866423667619,514.2857142857143
228.14628400791477,600.0
206.0086409321812,514.2857142857143
219.98312246689076,553.8461538461538
240.5940872455119,600.0
223.5658146831612,553.8461538461538
240.4262269917427,600.0
201.05260448266614,514.2857142857143
241.89802432542444,600.0
235.10624963447853,600.0
215.13380568259345,553.8461538461538
248.99366814967686,600.0
207.46009888879706,553.8461538461538
262.94694834090495,600.0
252.87164415478026,600.0
234.92937358794373,600.0
206.3383090240307,553.8461538461538
228.43376145294505,600.0
203.6416438710062,553.8461538461538
208.5929105883411,553.8461538461538
216.7630340086397,600.0
244.98006809181734,600.0
207.17092018993682,553.8461538461538
237.5823901553134,600.0
212.9116064024156,553.8461538461538
251.95361546361633,600.0
242.9366759106446,600.0
210.35118588688266,553.8461538461538
242.24338532592773,600.0
253.84057255374685,600.0
219.12658514759397,553.8461538461538
245.01509291955676,600.0
187.33462211267505,514.2857142857143
187.09066634422456,514.2857142857143
197.33962326738046,514.2857142857143
221.30391655811684,553.8461538461538
262.2284561571334,600.0
195.87074573142166,514.2857142857143
203.30660439392884,553.8461538461538
251.58983958651936,600.0
214.35579485103136,553.8461538461538
228.01395371581984,600.0
248.9244892608824,600.0
247.64821726730898,600.0
203.1473401640403,553.8461538461538
232.89219838192298,600.0
219.979706675471,553.8461538461538
247.32452918516913,600.0
230.84604260530787,600.0
233.6266787836247,600.0
221.2719689576913,553.8461538461538
241.2366376513337,600.0
249.17349132193928,600.0
249.6563655687985,600.0
247.4757756027244,600.0
241.43548915414354,600.0
200.16662599807142,553.8461538461538
225.78740550158858,553.8461538461538
240.0480369617554,600.0
243.83003034099272,600.0
250.10945063514234,600.0
255.4520436016321,600.0
202.56063093801944,553.8461538461538
231.33193341161254,600.0
243.63417917053127,600.0
256.77575688562246,600.0
241.83175527809786,600.0
236.5701697220929,600.0
234.61799219658997,600.0
191.49875658224923,514.2857142857143
213.8116577865264,553.8461538461538
261.75514729939937,600.0
261.09241484400616,600.0
242.91944768438609,600.0
267.72591292345584,600.0
263.59077547310056,600.0
248.13353633085197,600.0
245.93014603211736,600.0
244.82064268262516,600.0
253.74770376523176,600.0
254.5002581895744,600.0
178.00260119344478,480.0
250.77357999766207,600.0
260.5168781274511,600.0
257.27669891875536,600.0
236.33674490368617,600.0
245.69656451180683,600.0
245.99489686658436,600.0
245.28797565952468,600.0
251.1138249670083,600.0
239.78969869875928,600.0
243.63375537735647,600.0
204.62275432137403,553.8461538461538
251.3020555388242,600.0
243.6679202887308,600.0
219.7213839066627,600.0
260.1776675714313,600.0
255.71748145629954,600.0
238.35205502133405,600.0
238.01303464649342,600.0
232.67458254806084,600.0
243.91643188331474,600.0
228.04993740347265,553.8461538461538
247.88758271330937,600.0
248.41032714516396,600.0
256.1892319297538,600.0
216.66423001459881,553.8461538461538
229.53633761227593,600.0
232.96331471869712,600.0
243.97590859356356,600.0
225.3288650003831,553.8461538461538
252.84694875000207,600.0
238.34846654093488,600.0
222.6373203434127,553.8461538461538
247.91590312499636,600.0
227.3478565483592,553.8461538461538
251.87722433918256,600.0
224.77623044777025,553.8461538461538
238.37159042636983,600.0
241.27219881598083,600.0
243.6488041938405,600.0
252.1238337472257,600.0
243.53390537502983,600.0
219.5254855108479,553.8461538461538
240.92384501059533,600.0
244.58819150061018,600.0
222.58937147139096,553.8461538461538
257.64075143932416,600.0
256.4260987173779,600.0
224.71981987661,553.8461538461538
250.16102297096333,600.0
241.19425935972035,600.0
255.36326058105638,600.0
251.4473968470542,600.0
245.44287184162079,600.0
254.80338754920888,600.0
261.24415983547556,600.0
247.45847170013715,600.0
252.40836197658552,600.0
243.98065306088813,600.0
258.0252708957907,600.0
243.42907453116288,600.0
234.4070738475058,600.0
250.7419597842735,600.0
255.4478277786944,600.0
250.25177038723527,600.0
242.6578522794932,600.0
237.25079058680694,600.0
248.02509430213817,600.0
260.19614600688834,600.0
237.45066033184253,600.0
226.88162097533433,553.8461538461538
237.09304581801686,553.8461538461538
241.51889566123054,600.0
237.36545377237954,600.0
239.24496705730985,600.0
242.80119772053618,600.0
241.35927800662333,600.0
255.22835568702735,600.0
261.85977108352773,600.0
228.5411186050863,553.8461538461538
226.05981305518736,553.8461538461538
246.01342646666635,600.0
260.85679593093374,600.0
260.7827335418658,600.0
261.6495540758273,600.0
238.97225003990278,600.0
246.3149952928528,600.0
210.70675380970977,553.8461538461538
256.612667126692,600.0
255.3610237076043,600.0
246.13875273056757,600.0
249.77762555640413,600.0
250.46269677063765,600.0
240.28283842513585,600.0
254.42317136160077,600.0
257.66007000459,600.0
267.66324930464475,600.0
239.41542382887795,600.0
221.90651231979083,553.8461538461538
258.2429498398296,600.0
219.65775214726,553.8461538461538
235.7211762006797,553.8461538461538
254.3346676730333,600.0
256.931176720154,600.0
264.3114630696022,600.0
246.7519105076203,600.0
264.4549824239722,600.0
236.32433538997995,600.0
254.42428726625326,600.0
227.39710979778528,553.8461538461538
259.33309776487334,600.0
210.48962584822723,553.8461538461538
237.25490157364942,553.8461538461538
257.89342708528847,600.0
236.060075107161,600.0
254.88326056362789,600.0
206.68433003140225,514.2857142857143
248.72213782935117,600.0
226.40191679415486,553.8461538461538
244.95861017313288,600.0
253.57544680538012,600.0
265.0275242540253,600.0
254.2942583695807,600.0
246.3852356158302,600.0
255.85414273311355,600.0
250.87029306845454,600.0
237.78164885861014,553.8461538461538
248.17969054192804,600.0
254.97412782793523,600.0
250.84404838029502,600.0
251.2295737126993,600.0
258.4722852461059,600.0
238.58462352628308,553.8461538461538
251.11162754837585,600.0
254.594298563493,600.0
246.9381334898089,600.0
253.57337073849257,600.0
239.92450551487718,600.0
258.4137285722008,600.0
215.0263021488774,553.8461538461538
255.0822348406123,600.0
246.74524393752048,600.0
250.45173167802022,600.0
253.63879679168713,600.0
255.98953924695425,600.0
261.61537101292754,600.0
253.58230157975927,600.0
240.02901363964176,600.0
246.1578146713142,600.0
236.62432515612514,600.0
241.53455179621565,600.0
258.9104163533781,600.0
237.92979800707917,600.0
251.4669357012143,600.0
240.7777386868139,600.0
248.2590127455121,600.0
246.48511136471677,600.0
247.02109923334865,600.0
254.6790816348711,600.0
220.68867623059407,553.8461538461538
251.7799183885718,600.0
253.64677482279083,600.0
266.4924197855682,600.0
216.40273656966008,553.8461538461538
251.8020089864822,600.0
228.6041036714763,553.8461538461538
251.13662510631423,600.0
257.66289624691456,600.0
260.4111086697216,600.0
219.2501224797941,553.8461538461538
247.2349043938423,600.0
258.84126353611555,600.0
254.4032474122264,600.0
257.0408526515202,600.0
256.695923873176,600.0
220.49874916395044,553.8461538461538
256.88920027829585,600.0
253.5439899998906,600.0
250.2682208090596,600.0
251.93785461790944,600.0
237.63692297227203,600.0
237.5971479244714,600.0
234.26843723070456,600.0
239.66122976302424,600.0
243.07594550203245,600.0
249.90430453243837,600.0
227.8738719385762,553.8461538461538
234.59544908510668,600.0
259.51501437762755,600.0
240.25724590816387,600.0
247.75458771394435,600.0
209.22128277819604,553.8461538461538
226.30754031652305,600.0
253.74291936679356,600.0
245.2316798392673,600.0
229.38351683550297,553.8461538461538
239.9763297873573,600.0
213.47297310057144,553.8461538461538
254.01939476908277,600.0
246.89331218380076,600.0
228.32657437376272,553.8461538461538
256.73387787411446,600.0
215.54219136576285,553.8461538461538
254.99788398741399,600.0
253.32549806819202,600.0
218.48563123694262,553.8461538461538
256.3338658181646,600.0
264.28627010223227,600.0
234.46888975283377,600.0
233.3929152031882,600.0
252.6672303253788,600.0
250.47162410822776,600.0
196.5093250942568,514.2857142857143
256.8552030211708,600.0
255.15121049256723,600.0
253.93673538061591,600.0
259.682796503252,600.0
263.4659599593319,600.0
252.72754884655174,600.0
239.54217058330673,600.0
235.92864977303577,600.0
257.6399080873666,600.0
258.4248558574288,600.0
253.7125409272012,600.0
249.14569433364645,600.0
251.73299312721812,600.0
253.9649566930523,600.0
230.64030824258043,553.8461538461538
258.82290011354235,600.0
251.510283720199,600.0
259.47855341241393,600.0
261.66326434485467,600.0
248.58856725788715,600.0
258.9367410762483,600.0
256.8453333631149,600.0
249.5767797575721,600.0
254.90309586718286,600.0
247.59710410297598,600.0
254.4838875936166,600.0
261.83143609515474,600.0
231.05444530336655,553.8461538461538
266.0807757673036,600.0
256.32313433904284,600.0
254.56104928995921,600.0
253.08706956269728,600.0
246.03289774855998,600.0
255.11940257758974,600.0
245.62212441593283,600.0
206.24467965100015,514.2857142857143
257.29948426899335,600.0
256.70075566360714,600.0
260.6971827731041,600.0
244.61580891449606,600.0
239.83149827929734,600.0
253.79738833508418,600.0
252.0411894789294,600.0
250.41493410903703,600.0
254.75059072921806,600.0
255.76224856972024,600.0
255.14090606197678,600.0
253.79430728574008,600.0
255.28665041382843,600.0
258.3461691535503,600.0
228.0973058997603,553.8461538461538
261.03141697289897,600.0
250.5996292770532,600.0
247.33162801069014,600.0
229.72793929688152,553.8461538461538
220.5337886932982,553.8461538461538
259.5558365410733,600.0
219.32640701157425,553.8461538461538
223.85027507717183,553.8461538461538
225.76724296906877,553.8461538461538
246.73475366649618,600.0
246.7816843206606,600.0
249.00606736439045,600.0
251.61238818879235,600.0
247.86368584183867,600.0
236.18155640704416,600.0
230.9478326179639,553.8461538461538
218.06856052051205,553.8461538461538
267.8887656534253,600.0
252.59059345506884,600.0
251.97293299385146,600.0
251.2664846830904,600.0
225.51941650051893,553.8461538461538
249.39172211918824,600.0
241.3778790369247,600.0
220.83170320945484,553.8461538461538
231.69865424655256,553.8461538461538
242.76293545135,600.0
229.63681986522303,553.8461538461538
256.29312465598224,600.0
230.98620979890714,553.8461538461538
256.59983138591014,600.0
242.45645861435688,600.0
252.41116807337116,600.0
259.0417293009462,600.0
253.5182567156613,600.0
228.97494775652254,553.8461538461538
258.2254803386618,600.0
249.33865986404126,600.0
248.95296729291886,600.0
249.70884202991397,600.0
245.64254395440722,600.0
264.67708609152834,600.0
227.2508780130581,553.8461538461538
259.66140155078784,600.0
261.42434887060045,600.0
230.09006361439683,553.8461538461538
246.7894956813034,600.0
181.76338513563493,480.0
253.60484509476623,600.0
250.00471186168988,600.0
245.66889662650996,600.0
253.55998576253012,600.0
245.0688910051069,600.0
257.1025111842635,600.0
220.34304967566857,553.8461538461538
254.7117074601343,600.0
233.99418305797082,553.8461538461538
261.2728221213843,600.0
226.74630048793136,553.8461538461538
251.82891527912878,600.0
233.29116720396567,553.8461538461538
254.76542622762543,600.0
259.4417370192593,600.0
247.32191953149012,600.0
239.8125689118625,600.0
255.93830087516608,600.0
260.7387015595189,600.0
254.08771177748181,600.0
229.014209336463,553.8461538461538
216.896174730198,553.8461538461538
229.81077546522525,553.8461538461538
249.3353648247611,600.0
254.95885364531054,600.0
202.1545881657278,514.2857142857143
239.20228772403382,600.0
228.63664487901772,553.8461538461538
252.43326070826913,600.0
252.50618879870885,600.0
223.86844633290895,553.8461538461538
252.31014992951086,600.0
245.73167161721258,600.0
258.3867351408297,600.0
238.7137569061773,600.0
256.20937534025614,600.0
238.2938088825658,600.0
223.14182365411293,553.8461538461538
255.19999201996748,600.0
253.60048162448342,600.0
257.1818274107838,600.0
254.33775675422217,600.0
252.43911348124414,600.0
218.19995812168372,553.8461538461538
231.13808161109577,553.8461538461538
251.8664826156944,600.0
253.78250039662052,600.0
242.98353916093518,600.0
234.58210581061147,553.8461538461538
251.40405907066304,600.0
246.05228961296265,600.0
259.7039731441482,600.0
220.08593922052526,553.8461538461538
249.27128026312673,600.0
257.2205300187845,600.0
264.0314146496007,600.0
257.9535967757302,600.0
253.6648015251836,600.0
256.2743642208521,600.0
248.15615537032633,600.0
256.9377719498646,600.0
215.02348861860386,553.8461538461538
248.2466441008436,600.0
252.56805234908256,600.0
231.65399049106293,553.8461538461538
247.93386102276887,600.0
247.98265515021123,600.0
223.27432691850194,553.8461538461538
232.49084286267828,553.8461538461538
258.840273546408,600.0
241.15928082443585,600.0
245.5402336668582,600.0
249.29976432669852,600.0
250.5640916034322,600.0
251.3345249310935,600.0
243.19372887650002,600.0
249.13896606213976,600.0
246.3736455626154,600.0
223.943694910425,553.8461538461538
252.69937980823124,600.0
260.3473016024233,600.0
258.03262073513145,600.0
261.8260637608866,600.0
230.3941696485134,553.8461538461538
250.59115560356136,600.0
256.01335236862246,600.0
248.47592392587873,600.0
245.4665699074526,600.0
224.79405097996863,553.8461538461538
223.9608392831218,553.8461538461538
219.9195717721835,553.8461538461538
226.81544573113231,553.8461538461538
257.3976441713293,600.0
228.26641900159393,553.8461538461538
213.35511552080823,553.8461538461538
231.1187183984547,553.8461538461538
256.05993482447417,600.0
253.56989364646702,600.0
165.84805033072217,450.0
201.0573169302663,514.2857142857143
254.1089473422032,600.0
256.99429567723655,600.0
258.85966813733506,600.0
237.54184207778098,553.8461538461538
229.2764538664254,553.8461538461538
247.26869062059072,600.0
226.6099428079819,553.8461538461538
234.4594804081022,553.8461538461538
249.23130650772364,600.0
260.96843895776846,600.0
253.74910666275278,600.0
255.83586303011984,600.0
253.86922040851684,600.0
244.85896249281748,600.0
227.1709774300865,553.8461538461538
236.4186179974459,553.8461538461538
251.8506501217246,600.0
250.1723758169335,600.0
229.79504369092385,553.8461538461538
249.3596037965627,600.0
222.21557273010617,553.8461538461538
263.12843874453154,600.0
213.14265489690956,514.2857142857143
232.3170383019982,553.8461538461538
253.23492001079808,600.0
252.57990811698946,600.0
254.53331882622945,600.0
256.99905998880337,600.0
250.5090086354014,600.0
259.4505081550957,600.0
244.1463685228131,600.0
228.04623340406417,553.8461538461538
227.62174839587385,553.8461538461538
224.70712716852194,553.8461538461538
261.7325942744592,600.0
251.45092827818436,600.0
210.14025410293996,514.2857142857143
256.5435538235516,600.0
256.25194606910776,600.0
262.79452363492175,600.0
264.02247561693815,600.0
251.1303864100115,600.0
258.23094943028406,600.0
206.61120660810235,514.2857142857143
254.42360819649494,600.0
256.79461192302216,600.0
255.83168738885354,600.0
259.4271540168841,600.0
254.2391247325987,600.0
263.8469810575295,600.0
252.83861110337332,600.0
258.0762861241901,600.0
255.85923559923137,600.0
223.19875052721017,553.8461538461538
256.7452817602174,600.0
256.9939547703299,600.0
229.06740777994543,553.8461538461538
258.6180856321568,600.0
246.97236040783216,600.0
252.19146934756557,600.0
252.20095794083934,600.0
252.25427880549853,600.0
250.59399111703965,600.0
261.6036439636257,600.0
232.58125983570545,553.8461538461538
210.78116271545156,514.2857142857143
248.9556784108756,600.0
252.46379361935442,600.0
253.37930699905868,600.0
208.654055730969,553.8461538461538
260.21481569876977,600.0
251.6647232121859,600.0
246.9367553472373,600.0
256.8534473225616,600.0
235.28657186338828,553.8461538461538
251.92984318082526,600.0
249.64065090657095,600.0
261.7826486857466,600.0
261.06226280752685,600.0
240.033459689941,600.0
256.4571026291804,600.0
240.2424398014999,600.0
255.1150402780428,600.0
238.24632063898414,600.0
259.5549801932711,600.0
267.2828151146196,600.0
253.87406988222617,600.0
251.81551615549566,600.0
249.338471773258,600.0
256.0738508692951,600.0
259.97029935398757,600.0
256.4828213280723,600.0
257.1383912159311,600.0
231.39515934084332,553.8461538461538
230.59184940465718,553.8461538461538
239.9972011099629,600.0
256.678313888334,600.0
253.3298432599723,600.0
252.46297883138644,600.0
259.1950719960752,600.0
253.71317474886692,600.0
262.1651677153358,600.0
217.02672017496508,553.8461538461538
252.4032038947058,600.0
228.70999879944216,553.8461538461538
239.0166994492735,600.0
190.0372412667796,514.2857142857143
226.7727486124648,553.8461538461538
230.4258215691192,553.8461538461538
249.20124833241607,600.0
230.5714145117825,553.8461538461538
245.46630005088073,600.0
216.7920068338026,553.8461538461538
255.04252766812667,600.0
257.1702055008532,600.0
258.2797905005071,600.0
245.81495248206815,600.0
241.3167486896269,600.0
