ep_returns,ep_lens
13.370580859297307,38.32335329341317
13.443770595983386,38.55421686746988
13.685968665025296,39.02439024390244
13.47615618179915,38.78787878787879
14.1151538350932,40.0
13.7921256112612,38.55421686746988
14.760073079401737,40.25157232704402
14.727451853862489,41.55844155844156
14.642025444955223,41.29032258064516
14.690517565056545,41.29032258064516
15.537451713179962,43.24324324324324
14.88325465521835,41.55844155844156
14.726002334307479,41.55844155844156
15.3493012204059,43.24324324324324
15.736077753930621,44.13793103448276
15.719279134854185,43.24324324324324
15.740332956970306,43.83561643835616
15.50456750260744,43.24324324324324
16.70551250428982,46.0431654676259
15.526645116323596,43.53741496598639
16.464357265516842,45.070422535211264
16.30955636505638,43.83561643835616
16.645104030626396,45.070422535211264
16.94251542513505,45.070422535211264
17.532037977686326,47.05882352941177
17.248592172949454,46.0431654676259
17.293546275449756,46.0431654676259
17.37345510545087,46.3768115942029
17.479905521707238,46.0431654676259
17.710089145419676,46.3768115942029
17.490994420862663,46.0431654676259
17.49196205353204,46.715328467153284
17.719102529899143,47.76119402985075
17.714098495182537,47.76119402985075
17.424935071581213,46.3768115942029
18.501954130107126,48.484848484848484
17.46955368160988,46.3768115942029
18.55813583994861,48.484848484848484
18.03257918550802,47.76119402985075
18.212195301489476,48.484848484848484
18.583396216257032,48.85496183206107
17.40741817217468,46.0431654676259
20.41001163721091,51.61290322580645
19.12226736236167,49.6124031007752
18.606558159302274,48.484848484848484
19.02464754900962,50.0
19.195837006887636,49.6124031007752
18.914761146738268,49.6124031007752
18.862218429421425,48.85496183206107
19.09153774251367,49.23076923076923
19.292374145345686,50.79365079365079
18.519880234095734,48.85496183206107
18.38959885321361,49.23076923076923
19.20065636057018,50.0
19.859069400538615,51.2
19.236464835441332,50.0
19.19614182030052,49.6124031007752
19.61009619521907,50.0
19.23049651119237,50.0
19.67320637854756,50.0
19.940383760662627,51.2
19.315758562597384,50.0
20.69647248981372,52.459016393442624
19.81812007400126,51.2
19.547439804530992,49.6124031007752
18.972334406624498,48.484848484848484
19.37173668889129,49.23076923076923
19.76547244262227,50.0
18.68214296484269,48.1203007518797
20.003597408392572,50.0
19.39068502578131,49.23076923076923
19.771633701842994,50.0
19.68428042713761,50.39370078740158
20.46943626265529,52.03252032520325
20.802225517040956,52.459016393442624
20.54583210727552,52.459016393442624
20.569601591406844,52.03252032520325
20.517116010304527,52.459016393442624
20.988315228533082,52.892561983471076
20.093644996022284,51.61290322580645
20.324387912943404,51.2
20.21495803513813,52.03252032520325
21.37833396014062,54.23728813559322
20.187463780930642,52.03252032520325
21.367139757260475,53.333333333333336
19.930025481497914,51.2
20.961042391595722,52.892561983471076
20.31832397432108,51.2
22.084715965603316,54.7008547008547
21.750627185570288,55.172413793103445
21.224042930479982,53.333333333333336
21.52508285334466,53.78151260504202
21.46732976104627,53.78151260504202
21.60552372167356,54.7008547008547
20.10243558643534,50.79365079365079
21.6824420492721,54.7008547008547
21.773983160362707,53.333333333333336
21.57583611996071,55.172413793103445
21.665920121856477,53.78151260504202
21.55460837511327,54.23728813559322
22.113767496758054,54.7008547008547
22.600031604246855,55.172413793103445
20.856931422449644,53.78151260504202
22.552650129315733,56.63716814159292
22.603249487567986,56.63716814159292
21.70247971019671,54.7008547008547
23.223258788061816,58.18181818181818
22.12281408523062,56.63716814159292
21.46407287174441,54.7008547008547
23.69881760350526,58.18181818181818
22.44037012654681,56.63716814159292
22.243815939530627,55.65217391304348
22.235092409891703,56.14035087719298
23.533622415027228,59.25925925925926
22.21742275307215,56.14035087719298
22.54630805235954,56.63716814159292
22.806545254766256,57.142857142857146
22.578712807178594,56.63716814159292
22.276234554126273,55.65217391304348
23.071326120916794,57.65765765765766
23.01607783046743,57.65765765765766
22.934245877844532,58.18181818181818
23.15962855428552,58.18181818181818
23.111331201940605,57.65765765765766
23.586535960091084,59.25925925925926
24.126339800523507,59.81308411214953
22.584297726043705,57.142857142857146
24.48071770809038,60.37735849056604
24.803545993628624,61.53846153846154
23.957282270191293,60.37735849056604
23.908093544156333,59.81308411214953
24.20193070662905,60.37735849056604
24.066579312031635,59.81308411214953
24.41848015462779,60.37735849056604
22.857771278893367,58.18181818181818
25.674219639711687,62.745098039215684
23.438708095785568,58.18181818181818
24.47220032650885,60.95238095238095
23.770533935748045,59.25925925925926
24.87475516231365,62.13592233009709
24.5662761483203,61.53846153846154
23.8303244340974,60.37735849056604
25.941906061393944,65.3061224489796
24.11604750340717,60.95238095238095
24.511317314288405,60.95238095238095
25.55172928202626,64.0
25.137929299006846,63.366336633663366
24.74539399102348,62.745098039215684
25.72129200351205,65.3061224489796
24.472286314017314,62.745098039215684
25.276244856118534,63.366336633663366
24.684329768874022,62.745098039215684
25.640499330243777,64.64646464646465
25.8217097421153,64.64646464646465
25.748492526992656,65.3061224489796
25.82377067547144,64.64646464646465
25.823182177113296,64.64646464646465
26.96874978855049,67.36842105263158
26.042212153443128,64.64646464646465
27.376844478411947,68.08510638297872
26.733344197592803,66.66666666666667
25.869859278464194,64.64646464646465
26.14704640229564,65.3061224489796
26.86595710626857,65.97938144329896
26.72065911106691,65.3061224489796
26.664572382385295,65.3061224489796
27.017840648428844,66.66666666666667
26.669587962893605,66.66666666666667
27.95251005943774,68.81720430107526
26.581980290828966,65.97938144329896
28.086651671163484,71.11111111111111
28.681713617056943,69.56521739130434
26.403279159280306,64.64646464646465
29.026408436763965,71.11111111111111
27.773645592961486,68.08510638297872
27.761487434332217,68.08510638297872
29.104879580726568,71.11111111111111
27.86382349863446,68.08510638297872
27.887039578921783,68.08510638297872
28.735120095697994,71.11111111111111
27.943795426252972,67.36842105263158
28.28393089203298,68.81720430107526
28.937009881551052,70.32967032967034
29.115825863565536,71.91011235955057
29.157268916880877,71.11111111111111
28.604224578012285,70.32967032967034
29.56738016541431,71.11111111111111
29.30251382579981,71.91011235955057
27.662482134592604,68.81720430107526
30.186011316780053,73.5632183908046
28.64742659832806,70.32967032967034
29.330368162945437,71.91011235955057
34.73145269895355,84.21052631578948
31.58179990733101,79.01234567901234
31.283331417494235,76.19047619047619
32.26130462931459,80.0
31.7614049148111,79.01234567901234
32.59705264934491,79.01234567901234
32.14460545341518,79.01234567901234
32.766595892795095,80.0
33.92763211348489,82.05128205128206
31.679715164294436,79.01234567901234
34.064220378334994,84.21052631578948
30.86743413227647,76.19047619047619
35.73074303869835,85.33333333333333
33.94132888456579,85.33333333333333
35.39522071717981,86.48648648648648
35.24400369133762,86.48648648648648
37.47606135022507,91.42857142857143
33.23361317387519,83.11688311688312
34.16996930425861,84.21052631578948
32.81009063883612,82.05128205128206
36.91305984698366,90.14084507042253
36.150219737127365,87.67123287671232
35.948897081638115,88.88888888888889
39.36463508129662,94.11764705882354
36.2253272991626,87.67123287671232
35.34797051960066,87.67123287671232
43.00640232397095,101.58730158730158
35.702701682145616,86.48648648648648
38.68680667781841,94.11764705882354
34.3009157911662,84.21052631578948
37.61998527828097,90.14084507042253
35.39760919951999,86.48648648648648
40.322566095945994,96.96969696969697
35.8221526712937,86.48648648648648
37.821008536595116,91.42857142857143
39.25209944354087,95.5223880597015
37.98896700213067,91.42857142857143
41.31219698332078,98.46153846153847
37.64481178268182,91.42857142857143
35.58163460439232,87.67123287671232
39.21797099089417,94.11764705882354
38.5258016133977,92.7536231884058
41.918910083869775,100.0
40.853885957391185,96.96969696969697
35.289759358817875,86.48648648648648
39.217743629030835,95.5223880597015
38.22345476065573,92.7536231884058
38.75885590379052,92.7536231884058
46.90062268220534,110.34482758620689
43.192067304557405,103.2258064516129
38.34469993191134,94.11764705882354
46.03725872290936,108.47457627118644
44.862339143439904,106.66666666666667
41.92252798898605,100.0
41.77610820796645,100.0
43.78131769169482,104.91803278688525
46.44140580008303,108.47457627118644
41.8781074807633,98.46153846153847
46.488365999263664,108.47457627118644
42.476896626206745,101.58730158730158
47.79969709486276,112.28070175438596
54.21823218104672,123.07692307692308
47.40999480116,112.28070175438596
45.268123420483924,106.66666666666667
47.49608946424806,110.34482758620689
44.623689930368606,106.66666666666667
47.793940591678606,112.28070175438596
48.02461023192732,112.28070175438596
47.480369548367875,110.34482758620689
51.375073279994886,118.51851851851852
50.14896630738985,116.36363636363636
54.00913038389911,123.07692307692308
52.0881760371135,120.75471698113208
50.87696087865785,118.51851851851852
46.93063989590928,108.47457627118644
44.61503791038228,104.91803278688525
54.49738516402959,125.49019607843137
49.36634915467397,116.36363636363636
40.89398778769681,96.96969696969697
45.50526298142956,106.66666666666667
50.217030907527175,118.51851851851852
53.784537019887814,125.49019607843137
47.12277110280355,112.28070175438596
48.776327179786946,114.28571428571429
43.07582352624969,100.0
49.127083405387985,114.28571428571429
45.82482081099935,106.66666666666667
52.5325824240469,123.07692307692308
51.56751211540174,120.75471698113208
39.981050920939985,96.96969696969697
52.16335479630844,123.07692307692308
46.66404918704663,110.34482758620689
41.466724201014486,100.0
54.66735735343044,125.49019607843137
41.35172939920323,100.0
44.79237378479649,106.66666666666667
43.95182165540263,103.2258064516129
41.64366796400692,100.0
50.96834745182202,118.51851851851852
49.97453040785373,118.51851851851852
46.893514203499166,108.47457627118644
53.05364829455137,123.07692307692308
54.94166503528024,128.0
53.4360904635851,123.07692307692308
47.62585693670393,112.28070175438596
47.89022693972464,112.28070175438596
50.294213145490545,118.51851851851852
60.014402825908725,136.17021276595744
51.40465705067404,120.75471698113208
53.67799775387896,125.49019607843137
43.98097002387971,106.66666666666667
52.206658063836244,123.07692307692308
46.18197659606247,110.34482758620689
43.84449928283916,104.91803278688525
56.1951492895715,130.6122448979592
47.52319431104595,112.28070175438596
49.74521150305473,116.36363636363636
47.80621422949272,112.28070175438596
59.012468029085944,139.1304347826087
56.29604067234444,133.33333333333334
51.36482720829009,120.75471698113208
45.60335200513984,108.47457627118644
49.304758080764095,116.36363636363636
65.58891096271452,152.38095238095238
55.655201754833186,130.6122448979592
54.01311012922483,125.49019607843137
50.20355486973757,118.51851851851852
58.23025502936918,136.17021276595744
52.83548245113718,123.07692307692308
59.17562194606209,139.1304347826087
68.24700426012753,160.0
53.72455089166098,128.0
61.475962898190915,145.45454545454547
70.50196935794484,164.10256410256412
61.494819133678945,142.22222222222223
66.12452153897914,152.38095238095238
65.10722516431765,152.38095238095238
61.73245286876115,145.45454545454547
63.75740735812405,148.8372093023256
69.81073159264608,160.0
65.1768324185161,152.38095238095238
59.94512719159165,139.1304347826087
70.27862563905622,160.0
55.144079281721616,130.6122448979592
61.901628607922724,145.45454545454547
66.68776566347704,156.09756097560975
56.46078026527062,133.33333333333334
62.583276608921295,145.45454545454547
59.02119867144292,139.1304347826087
54.690336499987886,130.6122448979592
52.66674077350548,125.49019607843137
67.9892226084826,152.38095238095238
68.38355754409821,156.09756097560975
56.0065540634408,130.6122448979592
68.62681780045006,156.09756097560975
49.4657226334461,118.51851851851852
56.0827146523179,133.33333333333334
53.40169846896381,128.0
63.66726509143018,148.8372093023256
62.8646921733601,148.8372093023256
78.3801999810818,177.77777777777777
64.31530286081951,152.38095238095238
70.39635123096653,164.10256410256412
60.801274557294796,145.45454545454547
66.615974561577,156.09756097560975
74.63300937180703,168.42105263157896
54.31747682790695,130.6122448979592
52.463704788608325,125.49019607843137
57.76492350255089,139.1304347826087
50.17152131329036,123.07692307692308
55.23011422760791,130.6122448979592
50.64168242890154,123.07692307692308
73.48957422152516,168.42105263157896
63.21979139372308,148.8372093023256
58.990886045929706,139.1304347826087
63.594085103984,148.8372093023256
62.29407949519241,145.45454545454547
81.27049459426871,182.85714285714286
62.855032985791475,148.8372093023256
67.29483526825909,152.38095238095238
61.3043440510004,142.22222222222223
66.50887187434013,156.09756097560975
58.97648902773929,139.1304347826087
82.61174770675218,188.23529411764707
74.135121350922,172.97297297297297
88.78167794985546,200.0
61.74010380326488,145.45454545454547
70.2659023950568,164.10256410256412
62.07863441111771,145.45454545454547
70.858203814531,164.10256410256412
61.182420644212385,145.45454545454547
67.50792341696975,156.09756097560975
81.40916650962573,188.23529411764707
66.52691804669497,156.09756097560975
69.9868703839631,160.0
69.40143804854095,164.10256410256412
66.2633073237143,160.0
73.39498439050244,168.42105263157896
70.02837779427843,164.10256410256412
86.50335410652741,193.93939393939394
88.54786919635742,200.0
95.82259973887868,213.33333333333334
57.08030711500426,136.17021276595744
66.08670517585973,156.09756097560975
67.14437502631374,160.0
81.75623897867152,188.23529411764707
86.50358799031459,200.0
71.19451461770205,168.42105263157896
70.83516134452918,168.42105263157896
73.78543306643668,172.97297297297297
87.87671053489797,200.0
79.3046622086318,182.85714285714286
80.66593344701054,188.23529411764707
78.82428239507036,182.85714285714286
105.80270077446689,237.03703703703704
73.66173947228492,172.97297297297297
75.14071085661848,177.77777777777777
73.25707022024683,172.97297297297297
89.65020879639896,206.4516129032258
76.26274131041959,177.77777777777777
73.10593221247895,172.97297297297297
89.16670584536811,206.4516129032258
106.06567752222882,237.03703703703704
101.28593894726336,228.57142857142858
64.0429407697963,156.09756097560975
73.29358551146348,177.77777777777777
73.75420863729592,177.77777777777777
91.83945127106581,213.33333333333334
78.30417291531695,188.23529411764707
89.56831712272339,206.4516129032258
67.19298990612586,164.10256410256412
76.5920581437662,182.85714285714286
75.25500527919742,177.77777777777777
98.99240860843997,228.57142857142858
72.3001345062432,177.77777777777777
65.86980789845562,164.10256410256412
96.59992638858056,228.57142857142858
66.46286409760371,164.10256410256412
66.78281724011781,168.42105263157896
90.36938313202413,206.4516129032258
69.40263734180238,164.10256410256412
83.4313486950791,200.0
93.95900550285849,213.33333333333334
74.83105868570635,182.85714285714286
78.73462614589296,188.23529411764707
80.95419651563226,188.23529411764707
93.65648824260855,220.68965517241378
94.15113989518204,220.68965517241378
79.09476555453895,193.93939393939394
93.32476062588026,220.68965517241378
109.52507275365768,256.0
109.51567221614535,246.15384615384616
91.3650260627753,213.33333333333334
96.87991794553088,220.68965517241378
91.92768445327296,220.68965517241378
97.88436492354239,228.57142857142858
102.16770922604846,237.03703703703704
88.73451685772044,206.4516129032258
90.91468259585314,213.33333333333334
111.28158253450951,256.0
102.52518814255718,237.03703703703704
84.94791380672316,206.4516129032258
88.62495420467246,206.4516129032258
93.535572998469,228.57142857142858
92.71889034908975,220.68965517241378
84.9602363452481,206.4516129032258
85.43696123853725,206.4516129032258
95.48844447858288,220.68965517241378
98.67246075498973,237.03703703703704
137.08909340559634,304.76190476190476
89.45338826139594,220.68965517241378
113.86107530387187,266.6666666666667
87.88261821319416,213.33333333333334
113.32627696630118,266.6666666666667
97.88514915260556,246.15384615384616
104.78364298858348,246.15384615384616
95.15124371935808,228.57142857142858
156.01014802584137,355.55555555555554
119.90808864032532,278.2608695652174
91.37204485958637,213.33333333333334
87.09667682603562,206.4516129032258
97.4049637031508,228.57142857142858
88.0649041279803,213.33333333333334
94.60047822514194,228.57142857142858
115.46845715397518,266.6666666666667
104.86751910330864,246.15384615384616
103.73963931761351,246.15384615384616
98.90460666536235,228.57142857142858
81.35452562232852,200.0
83.25648501751655,206.4516129032258
96.86013740758413,228.57142857142858
86.62737727837447,206.4516129032258
90.64163040978934,213.33333333333334
95.70916789607706,228.57142857142858
111.02268741227357,256.0
116.47548596822013,266.6666666666667
86.56580481806007,213.33333333333334
103.06603161384248,237.03703703703704
110.13692105806342,256.0
95.74769166114301,228.57142857142858
86.34814304075881,213.33333333333334
105.06427368007907,237.03703703703704
103.69544276613898,246.15384615384616
116.91457650543846,266.6666666666667
120.76076479524512,290.90909090909093
111.50690601495387,256.0
91.32157725899798,220.68965517241378
107.25942985969519,256.0
110.24434658175049,266.6666666666667
100.18585404674971,246.15384615384616
131.98148530073675,304.76190476190476
116.50006446425148,266.6666666666667
98.30432637649339,228.57142857142858
105.4077759082532,246.15384615384616
108.45034736194384,256.0
103.75207308861202,246.15384615384616
120.2765594590245,278.2608695652174
82.41869040107838,206.4516129032258
109.02069551625097,256.0
105.99807673663969,256.0
99.18272936690906,246.15384615384616
105.2129586109593,246.15384615384616
101.9268492181701,237.03703703703704
102.08997680014606,237.03703703703704
122.14667195056235,278.2608695652174
119.18940910355239,278.2608695652174
126.57753981081059,290.90909090909093
113.86893336991405,256.0
93.71970248127909,220.68965517241378
111.78261706446611,256.0
110.4738042557129,256.0
116.9035593087204,266.6666666666667
127.80334720003684,290.90909090909093
98.52428134269739,228.57142857142858
95.72108585113003,228.57142857142858
105.82664302589744,246.15384615384616
97.35339490279718,228.57142857142858
130.41017724781977,304.76190476190476
100.92403419889597,237.03703703703704
113.45992995773364,278.2608695652174
124.66316924534216,290.90909090909093
112.68270116200445,266.6666666666667
109.29287275343748,256.0
126.30411446677086,290.90909090909093
136.4711724884185,304.76190476190476
105.50551143977032,246.15384615384616
122.81834783263356,278.2608695652174
112.50135764148548,256.0
101.80814189934972,246.15384615384616
128.72494882452057,290.90909090909093
132.84224409565482,304.76190476190476
122.27416327014068,304.76190476190476
112.94993100469198,290.90909090909093
128.88487518387458,304.76190476190476
117.3962018481886,278.2608695652174
104.96775425351774,246.15384615384616
119.70722164576542,278.2608695652174
126.2837111899578,290.90909090909093
117.81748433468113,266.6666666666667
99.59200444298534,237.03703703703704
152.76217949901266,336.8421052631579
125.03506823370735,290.90909090909093
142.20564720962147,320.0
107.77407238337425,246.15384615384616
119.49129814528374,266.6666666666667
117.38610600072184,266.6666666666667
149.29381648674828,336.8421052631579
130.9269389551811,290.90909090909093
107.30834730161563,246.15384615384616
140.73302993477841,320.0
129.20652502158563,290.90909090909093
137.24101051334756,304.76190476190476
102.45895199565314,237.03703703703704
121.89802315378161,290.90909090909093
112.91100616723986,256.0
127.44692319786299,290.90909090909093
123.58009228432852,278.2608695652174
118.63686049260302,266.6666666666667
137.43075925833142,304.76190476190476
86.1196953668921,200.0
111.83389018221811,256.0
113.29780712118313,256.0
119.25667978562099,278.2608695652174
119.23781729957159,266.6666666666667
140.09563801073483,320.0
135.99871419914103,320.0
148.0288252369648,336.8421052631579
137.91138241614755,320.0
136.39822042888304,304.76190476190476
128.30050768038657,290.90909090909093
96.61509084952554,228.57142857142858
131.23749959222116,290.90909090909093
137.7304439025585,304.76190476190476
123.99839657360532,278.2608695652174
173.89697778579836,376.47058823529414
133.8732383470923,290.90909090909093
121.10394123393857,278.2608695652174
116.80969587233868,266.6666666666667
121.02384749519166,266.6666666666667
143.3243072207605,320.0
114.36906902529246,266.6666666666667
144.71488072960756,320.0
143.86468445779343,320.0
93.51183043350542,220.68965517241378
102.69761284363115,237.03703703703704
157.60485761706596,355.55555555555554
132.5197890681214,304.76190476190476
120.3237191991045,266.6666666666667
152.4766757338993,336.8421052631579
121.53020936350134,278.2608695652174
136.0584094334114,304.76190476190476
142.90796380954126,320.0
139.617159524365,320.0
135.18307820044726,304.76190476190476
147.72201910356523,320.0
141.62223076582177,320.0
156.50082000971946,355.55555555555554
128.84705006607996,290.90909090909093
142.88632557448412,320.0
112.19497266299037,256.0
152.9721055845247,336.8421052631579
134.62773503244458,304.76190476190476
144.97810406582948,320.0
120.58687164074976,278.2608695652174
129.29497565316726,290.90909090909093
138.6399397175549,320.0
102.85302675851007,237.03703703703704
114.25039653226939,266.6666666666667
141.5341234686391,320.0
146.40975773019187,320.0
119.00799293652415,278.2608695652174
119.53748649679294,266.6666666666667
144.97755448784642,320.0
132.97457374889322,290.90909090909093
150.49533220976735,336.8421052631579
135.56903748199315,304.76190476190476
138.62307246322356,320.0
115.13234361339248,266.6666666666667
131.6207066482065,290.90909090909093
152.69493709891637,336.8421052631579
139.45030035277253,304.76190476190476
138.28773624958473,304.76190476190476
164.34287448050063,355.55555555555554
147.5892109804459,320.0
139.04179789279746,304.76190476190476
139.37027300629902,304.76190476190476
122.35379195497863,278.2608695652174
136.27233373149676,304.76190476190476
140.11007934361598,320.0
125.0540264335554,278.2608695652174
130.68478780541616,290.90909090909093
127.24373077124278,290.90909090909093
117.96573041149463,266.6666666666667
120.0704283867638,278.2608695652174
121.57496375041006,278.2608695652174
135.39609444378718,304.76190476190476
156.5424709398992,355.55555555555554
97.62286802536745,228.57142857142858
121.67374263670229,278.2608695652174
151.88670017145824,336.8421052631579
126.90701241297016,290.90909090909093
130.70147021426888,304.76190476190476
148.00711692691672,336.8421052631579
122.83786053709643,278.2608695652174
136.2409498090135,304.76190476190476
132.20686277107322,304.76190476190476
134.49290323692412,304.76190476190476
151.18595265128596,336.8421052631579
151.883651065174,336.8421052631579
130.85755745318468,290.90909090909093
121.75268211890393,278.2608695652174
136.27720095545635,304.76190476190476
118.13111396448791,266.6666666666667
130.38555972950616,290.90909090909093
154.91674022333268,336.8421052631579
129.2109972898332,290.90909090909093
134.81759129747974,304.76190476190476
114.75346436350407,256.0
117.64629849733228,266.6666666666667
108.33218175800103,256.0
131.15965335490242,290.90909090909093
95.46961407623773,228.57142857142858
99.4188985063543,228.57142857142858
98.58536719969551,228.57142857142858
138.99911813451504,304.76190476190476
122.30131504020528,278.2608695652174
137.89612508204823,304.76190476190476
116.88091464390887,266.6666666666667
123.31907499479524,278.2608695652174
94.49416917366425,220.68965517241378
104.00286697521486,237.03703703703704
117.88652949045361,266.6666666666667
157.98924452490908,355.55555555555554
143.33335374955246,320.0
143.8040300230952,320.0
132.46881208412373,304.76190476190476
124.66780175229607,278.2608695652174
120.42436737291447,278.2608695652174
144.73426306866207,320.0
142.09315285617342,320.0
133.3429250237697,304.76190476190476
132.23180254960255,304.76190476190476
112.24501611227379,256.0
120.93387832214972,278.2608695652174
132.26132817211314,304.76190476190476
144.26587866835553,320.0
134.86052752876623,304.76190476190476
141.40172075440157,320.0
126.16718441956986,278.2608695652174
123.16371770900967,278.2608695652174
116.94364586141894,266.6666666666667
107.71591842002715,256.0
122.46975640242407,278.2608695652174
122.54415665960181,278.2608695652174
119.37317526445517,278.2608695652174
168.51706951196059,376.47058823529414
152.15818742698394,336.8421052631579
126.58071168592656,290.90909090909093
141.9327422784358,320.0
150.47905064286587,336.8421052631579
104.33226768240473,246.15384615384616
126.81307513550928,290.90909090909093
136.93104100739632,304.76190476190476
133.47103047018328,304.76190476190476
129.24655458976937,290.90909090909093
162.9049253563635,355.55555555555554
98.97214516463026,237.03703703703704
135.09584949100758,304.76190476190476
147.8310958905505,336.8421052631579
135.21808685343618,304.76190476190476
131.9504882616637,304.76190476190476
141.85810344310943,320.0
126.91144688401374,290.90909090909093
135.08402334652067,304.76190476190476
126.41374929993107,290.90909090909093
128.98624081498357,290.90909090909093
121.19439474754759,278.2608695652174
146.5988874707454,336.8421052631579
152.05511685502566,336.8421052631579
162.48176773510295,355.55555555555554
122.71921446930764,278.2608695652174
150.77458041435094,336.8421052631579
152.00954650018943,336.8421052631579
123.95077579954445,290.90909090909093
138.05151543737625,304.76190476190476
153.1129221854857,336.8421052631579
123.05079252663653,278.2608695652174
102.82640062362356,237.03703703703704
140.04128494036615,320.0
106.91314251227263,256.0
139.48922225194895,320.0
99.40743704440145,237.03703703703704
129.51743266867385,290.90909090909093
134.84540466829725,304.76190476190476
157.227758460425,355.55555555555554
120.91581154933353,278.2608695652174
120.24234988965944,278.2608695652174
117.26284161102072,278.2608695652174
114.36309503334064,266.6666666666667
116.19703577885407,266.6666666666667
117.51736586815247,278.2608695652174
144.17524109221642,336.8421052631579
102.16347006079137,237.03703703703704
118.28388226550007,278.2608695652174
127.5801872025082,290.90909090909093
123.30883869563732,278.2608695652174
149.09383865431047,355.55555555555554
131.3364540182553,304.76190476190476
126.25132163203078,290.90909090909093
144.87085660054748,320.0
147.34050226343783,320.0
125.5339214833396,290.90909090909093
127.51686190480874,290.90909090909093
148.23504922342605,336.8421052631579
159.23165916592714,355.55555555555554
147.061501982582,336.8421052631579
134.08091782304814,304.76190476190476
120.11652941077176,278.2608695652174
168.4243343818192,376.47058823529414
174.15991061158087,376.47058823529414
116.10779360399228,266.6666666666667
125.75888125741707,290.90909090909093
147.30870506067203,336.8421052631579
138.72047462568997,320.0
133.1222896931668,304.76190476190476
112.89822490285867,256.0
162.83762766455447,355.55555555555554
143.5303348733711,320.0
118.32974101581293,266.6666666666667
156.64657470644957,336.8421052631579
160.63834197581775,355.55555555555554
155.4791291826352,336.8421052631579
134.01455683029778,290.90909090909093
159.09661600578278,355.55555555555554
175.75688445865694,376.47058823529414
115.88182749646953,256.0
128.1968503945858,290.90909090909093
143.8952470603615,320.0
153.91841752640167,336.8421052631579
139.86210267012908,304.76190476190476
144.51476776326678,320.0
113.30842025358474,266.6666666666667
136.1884187884452,304.76190476190476
147.66106132669546,320.0
166.27719541542933,376.47058823529414
125.30706423514059,278.2608695652174
163.24264172428877,355.55555555555554
162.0755592460616,355.55555555555554
148.54014906629317,336.8421052631579
164.19850954780316,355.55555555555554
161.6565923205506,355.55555555555554
131.57657011834507,290.90909090909093
157.88264222629198,355.55555555555554
114.6768826300168,266.6666666666667
146.4528526767473,320.0
172.4968329861795,376.47058823529414
151.63783118560139,336.8421052631579
145.7944869579018,320.0
186.39343530980307,400.0
152.2874221087996,336.8421052631579
131.64057963295156,290.90909090909093
139.08021870149508,304.76190476190476
148.05367648025535,320.0
140.77012255859125,320.0
148.29063598197962,320.0
123.18655471442413,266.6666666666667
146.1690137909017,320.0
153.4717245191019,336.8421052631579
127.35010927537074,290.90909090909093
135.7575469939942,304.76190476190476
140.49743094047238,304.76190476190476
143.5591387827864,320.0
155.38549154105698,336.8421052631579
124.48003868271537,278.2608695652174
111.77462829230365,256.0
123.23216455797677,278.2608695652174
116.61960741598723,266.6666666666667
119.7109820417918,266.6666666666667
137.21662599071672,304.76190476190476
158.942301977751,336.8421052631579
165.23325382167627,355.55555555555554
144.95430656182242,320.0
163.31160770786286,355.55555555555554
138.8753885815516,304.76190476190476
147.92555984686373,320.0
131.54242547944176,290.90909090909093
166.304885505263,355.55555555555554
177.26066527988593,376.47058823529414
152.1563737091786,336.8421052631579
175.29364459904846,376.47058823529414
154.93090030045724,336.8421052631579
131.47466572696865,290.90909090909093
139.25626658885375,304.76190476190476
157.01814928932097,336.8421052631579
176.87316254607157,376.47058823529414
146.03800760160226,320.0
155.43834433151608,336.8421052631579
146.05476032502435,320.0
166.15745787477292,355.55555555555554
159.57125917481127,355.55555555555554
155.95152915278484,336.8421052631579
173.70049546824137,376.47058823529414
136.38494801847696,304.76190476190476
131.6460341430725,290.90909090909093
145.90137564091137,320.0
164.3718129869182,355.55555555555554
145.18900628483814,320.0
174.0631590043673,376.47058823529414
151.92159496716673,336.8421052631579
166.5198081295403,376.47058823529414
161.31385905504845,355.55555555555554
154.28550690569037,336.8421052631579
190.76366759188164,400.0
157.16103205778938,336.8421052631579
148.48766204921557,336.8421052631579
131.19570012338366,290.90909090909093
149.68335720705855,320.0
172.69027471981605,376.47058823529414
163.45441160257408,376.47058823529414
158.54571040417784,355.55555555555554
163.16680257038325,355.55555555555554
171.67979194825426,376.47058823529414
167.65994330891033,355.55555555555554
167.3376417650815,376.47058823529414
144.58062744693473,320.0
169.74899804705663,355.55555555555554
135.61608667735797,290.90909090909093
155.64701349082475,336.8421052631579
143.0330566256206,320.0
135.2666344364547,290.90909090909093
147.00337638791046,320.0
148.3651693665008,336.8421052631579
151.49298965733934,336.8421052631579
145.71959096792102,320.0
153.37178148745338,336.8421052631579
144.67818439363015,320.0
155.43450942007604,336.8421052631579
156.65038905701164,336.8421052631579
149.6371502529842,320.0
176.83203711855808,376.47058823529414
128.6033308437799,290.90909090909093
154.48982981614205,336.8421052631579
153.574512483333,336.8421052631579
155.73031557084553,336.8421052631579
165.49405158600123,355.55555555555554
138.24123273493237,304.76190476190476
168.13527013132787,355.55555555555554
153.20364721075458,336.8421052631579
136.4821727709471,304.76190476190476
154.44813158503095,336.8421052631579
134.04729654043817,290.90909090909093
172.43875158718046,376.47058823529414
162.00527822309687,355.55555555555554
153.70323402662837,336.8421052631579
164.46298086213494,355.55555555555554
175.93525236133274,376.47058823529414
149.82409974352927,320.0
158.2300889228165,336.8421052631579
144.7472760784497,320.0
157.42944303685377,336.8421052631579
152.94150551386073,336.8421052631579
177.2891009128754,376.47058823529414
168.05805280309548,355.55555555555554
155.5426428403002,336.8421052631579
155.69516527963395,336.8421052631579
173.81378714457276,376.47058823529414
144.8153011759231,320.0
168.4644113387966,355.55555555555554
146.64680505543177,320.0
164.10713477781167,355.55555555555554
161.88333516986896,355.55555555555554
166.13356091385523,355.55555555555554
150.72525663675083,320.0
175.62603079647323,376.47058823529414
145.4943440549278,320.0
186.760209387856,400.0
166.22481578962288,355.55555555555554
154.91869757364768,336.8421052631579
169.61850404980544,355.55555555555554
163.68442986267704,355.55555555555554
144.6158561202153,320.0
154.62053842703847,336.8421052631579
180.06981776569916,376.47058823529414
169.27394536556034,376.47058823529414
185.44059299847692,400.0
190.89765091914217,400.0
137.52650020214196,304.76190476190476
182.9381944817929,400.0
147.9968341613154,320.0
168.59931735582757,355.55555555555554
161.89189018818857,355.55555555555554
159.85568421100004,336.8421052631579
154.31278653165637,336.8421052631579
160.72495399577915,355.55555555555554
159.90650629182426,355.55555555555554
147.47105269529305,320.0
155.45842624290268,336.8421052631579
140.05054675431973,304.76190476190476
172.04085789512976,355.55555555555554
162.16958722987673,355.55555555555554
143.15716954233244,320.0
148.93128666182915,320.0
155.34677563397216,336.8421052631579
146.2419598924407,320.0
136.91785343059058,304.76190476190476
146.96180289555687,320.0
129.43480497221105,278.2608695652174
156.47053097574096,355.55555555555554
142.34194242578766,320.0
177.28700353605842,376.47058823529414
161.78835897945788,355.55555555555554
175.43596696772852,376.47058823529414
167.73933671620492,355.55555555555554
185.79343817119803,400.0
180.92931670240583,400.0
159.58785476391088,355.55555555555554
190.7897234783878,400.0
163.08421594165534,355.55555555555554
148.08867739491714,320.0
151.2412491307471,320.0
179.17906921564904,376.47058823529414
159.21267015762345,336.8421052631579
154.9770820396187,336.8421052631579
155.62133938276017,336.8421052631579
144.98087211105218,320.0
147.95855064907346,320.0
133.26589194396294,290.90909090909093
163.59409778515803,355.55555555555554
160.03174511769777,336.8421052631579
164.12837727502233,355.55555555555554
158.8748050615262,336.8421052631579
138.19842715168667,304.76190476190476
170.0979237410261,355.55555555555554
159.46157823197728,336.8421052631579
152.61963266644992,320.0
175.99929499959114,376.47058823529414
154.190611792192,336.8421052631579
138.93375857373957,304.76190476190476
152.4618584175017,320.0
177.8123863417246,376.47058823529414
135.2404802499271,304.76190476190476
153.90854633736058,336.8421052631579
154.6124974817332,336.8421052631579
135.3646265051612,304.76190476190476
186.72972626890893,400.0
139.02932545548103,304.76190476190476
130.97370033447535,290.90909090909093
134.85034847067934,290.90909090909093
180.10928630658833,376.47058823529414
167.4869847798063,355.55555555555554
160.06832570895452,336.8421052631579
145.5160254151176,320.0
164.8069396173761,355.55555555555554
178.5245089038339,376.47058823529414
156.06217136902816,336.8421052631579
147.84706152770505,320.0
158.44196228600762,336.8421052631579
150.91568858308435,320.0
168.99429576189655,355.55555555555554
149.5677991145572,320.0
166.66938846251264,355.55555555555554
177.3830993882427,376.47058823529414
151.369966451116,320.0
150.86012441716952,320.0
137.109463822236,290.90909090909093
140.25705617314568,304.76190476190476
150.48730297119795,320.0
157.67682513484374,336.8421052631579
158.27569789648194,336.8421052631579
154.8434361363305,336.8421052631579
148.84839885601195,320.0
149.41849667717042,320.0
159.7443203328502,336.8421052631579
156.19761606553837,336.8421052631579
162.82234132232125,355.55555555555554
159.11754177967978,336.8421052631579
165.4029431753621,355.55555555555554
141.08332702079713,304.76190476190476
157.91628109076288,336.8421052631579
142.21338691465294,304.76190476190476
175.29377066417825,376.47058823529414
121.90332677662629,266.6666666666667
133.9718907305291,290.90909090909093
140.6353858073969,304.76190476190476
130.34185613352264,278.2608695652174
132.40421338063175,290.90909090909093
133.2315747148352,290.90909090909093
117.01091201350494,266.6666666666667
164.9077831432567,355.55555555555554
131.18675013542145,290.90909090909093
152.9999391669308,336.8421052631579
140.89839209709623,304.76190476190476
165.7204293855992,355.55555555555554
146.46966509894705,320.0
150.6493744475197,320.0
167.63613605247417,355.55555555555554
122.20494194232386,266.6666666666667
173.8103437412985,376.47058823529414
150.7966310130375,320.0
158.6389151680696,336.8421052631579
156.2393399889767,336.8421052631579
149.17867878896215,320.0
146.29012368205508,320.0
140.46096551434752,304.76190476190476
149.9449450651403,320.0
148.86833746350993,320.0
148.45598866338904,320.0
155.29905535850827,336.8421052631579
143.58598469965457,320.0
149.457511443578,320.0
147.37772437033385,320.0
188.40490749749756,400.0
121.23897955022137,266.6666666666667
168.4003107863772,355.55555555555554
156.84596987273957,336.8421052631579
147.09886916198673,320.0
135.78980013641237,290.90909090909093
178.6416872105631,376.47058823529414
167.25830620818158,355.55555555555554
186.79179140480218,400.0
189.23931536418792,400.0
155.50604768098702,336.8421052631579
126.54410359652417,278.2608695652174
150.68558679540132,320.0
157.5273785401815,336.8421052631579
158.76405277240673,336.8421052631579
153.08503841666044,320.0
140.42888786521382,304.76190476190476
168.46845166492307,355.55555555555554
158.46878365897777,336.8421052631579
128.43694922612403,278.2608695652174
175.52490084525812,376.47058823529414
155.84183744328968,336.8421052631579
192.87539648898377,400.0
164.78068807459,355.55555555555554
157.2105771877773,336.8421052631579
166.55078739264425,355.55555555555554
189.07370031153496,400.0
150.48826707312443,320.0
149.1369039261735,320.0
149.71307741563416,320.0
172.36228328352564,355.55555555555554
192.59704143220677,400.0
164.91729018621112,355.55555555555554
141.0489226960715,304.76190476190476
143.55768664301567,304.76190476190476
159.22109749227812,336.8421052631579
164.19843753345137,336.8421052631579
136.68158573568954,290.90909090909093
157.068650432367,336.8421052631579
179.97650408023537,376.47058823529414
154.3063106697989,336.8421052631579
163.7028487049157,355.55555555555554
135.50106582855133,290.90909090909093
152.54906280794114,320.0
133.5388828369997,290.90909090909093
144.70946772804615,304.76190476190476
154.64053770129124,336.8421052631579
150.42127488847504,320.0
146.82408305713653,320.0
147.3083571586788,320.0
142.53131124479654,304.76190476190476
158.85697172924037,336.8421052631579
148.22446041450294,320.0
154.60239642435522,336.8421052631579
166.74540920594,355.55555555555554
150.7526436602426,320.0
180.04498133252835,376.47058823529414
166.2747810892007,355.55555555555554
157.23894555239053,336.8421052631579
168.4766104014669,355.55555555555554
149.85730239927025,320.0
140.0294957969549,304.76190476190476
177.88470184857255,376.47058823529414
156.39391612780543,336.8421052631579
157.73362183019165,336.8421052631579
174.40083797507376,376.47058823529414
168.87336795036654,355.55555555555554
134.70210550829248,290.90909090909093
178.34826209854847,376.47058823529414
156.9132643418075,336.8421052631579
136.19494433174398,290.90909090909093
170.1460653294854,355.55555555555554
140.8686616057072,304.76190476190476
154.64145063612392,336.8421052631579
109.13277387060468,237.03703703703704
154.3929458498558,320.0
133.90466729672733,290.90909090909093
134.943261487855,290.90909090909093
158.3633846952909,336.8421052631579
132.28798747788187,290.90909090909093
149.03499422568427,320.0
121.06143541218262,266.6666666666667
156.11418484280708,336.8421052631579
143.54462312199303,320.0
156.76026183524792,336.8421052631579
148.1615654081832,320.0
137.85125750616479,290.90909090909093
142.48034116002225,304.76190476190476
157.37192899064397,336.8421052631579
167.06301756882328,355.55555555555554
190.95038676382416,400.0
148.4470899693005,320.0
137.2192474499514,304.76190476190476
173.37345729755208,376.47058823529414
174.78918432820916,376.47058823529414
162.19038271169268,355.55555555555554
127.94089906160721,278.2608695652174
179.5249683108775,376.47058823529414
156.39027769892283,336.8421052631579
154.4916350784618,336.8421052631579
128.6651549374029,278.2608695652174
176.7270497342426,376.47058823529414
152.198417560903,320.0
125.57108940440777,278.2608695652174
176.90694585064895,376.47058823529414
166.49979437534355,355.55555555555554
151.1007074071851,320.0
129.1161757667215,290.90909090909093
179.82694283467603,376.47058823529414
157.72923920060785,336.8421052631579
142.31673365517196,304.76190476190476
141.16808591697068,304.76190476190476
150.07843871608893,320.0
141.7950304106289,304.76190476190476
149.14802783511428,320.0
190.0583915778595,400.0
152.04094488403908,336.8421052631579
170.90460202710204,355.55555555555554
168.9874406754343,355.55555555555554
145.97944751695954,320.0
162.7252391504533,355.55555555555554
145.43862510308207,320.0
175.8799521353676,376.47058823529414
181.62599647434646,376.47058823529414
142.2479085718866,304.76190476190476
146.68498756713305,320.0
120.18098020616452,266.6666666666667
147.17577062795448,320.0
178.46449385975484,376.47058823529414
143.02140440021554,304.76190476190476
155.9435153521111,336.8421052631579
138.9017855366402,304.76190476190476
195.47227501156925,400.0
158.03405883276898,336.8421052631579
159.13438578931178,336.8421052631579
182.20269829588906,376.47058823529414
148.9027573168717,320.0
112.42896477817827,246.15384615384616
169.33787198227532,355.55555555555554
133.48496631598692,290.90909090909093
178.28760810237054,376.47058823529414
169.47747818598341,355.55555555555554
168.53139945618386,355.55555555555554
134.54152254626035,290.90909090909093
146.28371065996393,320.0
156.88490905322283,336.8421052631579
146.68221451384903,320.0
164.7821467017937,355.55555555555554
141.75666286666404,304.76190476190476
168.99853244703107,355.55555555555554
156.9679685349519,336.8421052631579
145.66081570432277,320.0
173.5630112646079,376.47058823529414
184.32246228666438,400.0
178.0220981115045,376.47058823529414
146.2484850375147,320.0
137.76791691335532,304.76190476190476
134.88466626825206,290.90909090909093
175.5679774975032,376.47058823529414
158.32052390270312,336.8421052631579
157.3654159146989,336.8421052631579
148.6374856144307,320.0
157.939228105654,336.8421052631579
170.06609057080982,376.47058823529414
189.06386670333669,400.0
139.73322029805672,304.76190476190476
165.81397260584882,355.55555555555554
188.40343698192447,400.0
160.5877766930888,355.55555555555554
159.2877805161714,336.8421052631579
170.34705404133058,376.47058823529414
168.7762722548921,355.55555555555554
148.58289157587816,320.0
125.9461570068373,278.2608695652174
150.3094325618916,320.0
179.29945621392093,376.47058823529414
176.64661225572758,376.47058823529414
180.5645305650028,376.47058823529414
157.06505570011495,336.8421052631579
138.8941505222461,304.76190476190476
156.75344696746407,336.8421052631579
167.11428750467076,355.55555555555554
179.5349601040893,376.47058823529414
164.0985619523029,355.55555555555554
169.82909425664354,355.55555555555554
163.62000512837815,336.8421052631579
140.6781546089514,304.76190476190476
179.5077650495369,376.47058823529414
190.55966619908054,400.0
153.22019876047875,336.8421052631579
153.333984345964,336.8421052631579
173.3925074876722,376.47058823529414
180.7255346353445,376.47058823529414
158.78404152202597,336.8421052631579
174.7874065758458,376.47058823529414
143.9831589014397,304.76190476190476
150.00932083749493,320.0
179.7064269228647,376.47058823529414
166.78276704918758,355.55555555555554
162.74367689659783,336.8421052631579
162.90562573306136,355.55555555555554
174.95218329198423,376.47058823529414
135.99192886066768,290.90909090909093
177.37397245653062,376.47058823529414
156.71247532661417,336.8421052631579
149.4921339188073,320.0
180.08470244149575,376.47058823529414
188.5273279283153,400.0
155.07364839965476,320.0
180.36054003441015,376.47058823529414
172.46827596122571,355.55555555555554
176.91989697897952,376.47058823529414
166.04009011345786,355.55555555555554
179.3628702208463,376.47058823529414
177.45792927495387,376.47058823529414
147.09964052290772,320.0
128.96508727062158,278.2608695652174
152.54362040798793,320.0
150.7514633653489,320.0
168.4567186434127,355.55555555555554
147.06025542984813,320.0
177.51195915582448,376.47058823529414
160.94568768482466,336.8421052631579
141.77673394143,304.76190476190476
169.69848115501634,355.55555555555554
163.10365891161635,355.55555555555554
152.92599535826608,320.0
160.01001493930872,336.8421052631579
161.59325679878737,355.55555555555554
169.80072272424806,355.55555555555554
175.91425060444448,376.47058823529414
159.41979837640287,336.8421052631579
158.14810169610956,336.8421052631579
151.0818861630018,320.0
149.97148855113954,320.0
150.98756172693496,320.0
152.87561572423374,320.0
150.6062659520188,320.0
165.01189864873467,355.55555555555554
149.59783656999917,320.0
177.87217446615912,376.47058823529414
146.84589265708607,320.0
166.6728594814886,355.55555555555554
180.73235728729284,376.47058823529414
150.84547590211923,320.0
167.3775585286678,355.55555555555554
152.98806112315384,320.0
181.3874190380858,376.47058823529414
128.49475019250957,278.2608695652174
136.64493645489034,290.90909090909093
159.54282648983047,336.8421052631579
147.08172817498973,320.0
167.15524123419056,355.55555555555554
146.4738300561019,320.0
156.87155737805614,336.8421052631579
162.4874932497321,336.8421052631579
162.4768814967359,355.55555555555554
167.57640697401436,355.55555555555554
177.07796803324823,376.47058823529414
155.78337326124563,336.8421052631579
178.76763877581263,376.47058823529414
189.23346037707097,400.0
176.88579251841696,376.47058823529414
188.69355585808358,400.0
180.51162648327906,376.47058823529414
153.7079445831181,336.8421052631579
164.33114483865586,355.55555555555554
168.10630164922785,355.55555555555554
177.20799706832955,376.47058823529414
145.8794640741082,320.0
170.7349902917188,355.55555555555554
151.59153730701314,320.0
168.52269845697774,376.47058823529414
193.6489681853521,400.0
164.69944926402508,355.55555555555554
187.32762545882258,400.0
178.1685504294703,376.47058823529414
170.28971957366477,355.55555555555554
159.26741440755183,336.8421052631579
171.93664506385377,376.47058823529414
150.84601669576514,320.0
136.55676730988898,290.90909090909093
145.70749945526725,304.76190476190476
146.48281270414915,320.0
178.1188829684505,376.47058823529414
169.9061753624436,355.55555555555554
169.40587866360968,355.55555555555554
166.44971487690012,355.55555555555554
138.15180598386453,304.76190476190476
178.89937891351602,376.47058823529414
161.65925560383903,336.8421052631579
180.73123118912162,376.47058823529414
140.8695053281855,304.76190476190476
167.57095729196405,355.55555555555554
161.2812234527809,355.55555555555554
173.76576705873492,376.47058823529414
161.3954936500795,336.8421052631579
167.65494636720592,355.55555555555554
140.84783702602803,304.76190476190476
155.7019523523001,336.8421052631579
155.45050611985747,336.8421052631579
186.3952422005722,400.0
158.89349645124432,336.8421052631579
150.3479740678247,320.0
156.82643945648573,336.8421052631579
147.07924522202956,320.0
149.65221538669613,320.0
165.81583004369605,355.55555555555554
171.98419810728862,355.55555555555554
175.27194155727477,376.47058823529414
165.25838978715424,355.55555555555554
175.407137537371,376.47058823529414
154.73857609528068,336.8421052631579
166.3734329784558,355.55555555555554
156.60961004814746,336.8421052631579
157.63199141604417,336.8421052631579
140.9022354315599,304.76190476190476
160.2891587260476,355.55555555555554
175.8939323790204,376.47058823529414
166.316743475326,355.55555555555554
167.38824235938674,355.55555555555554
164.84605229858502,355.55555555555554
164.44591352088176,355.55555555555554
145.05563965194173,320.0
167.2754697938053,355.55555555555554
145.2239254631306,320.0
156.10798437330027,336.8421052631579
140.62732232729806,304.76190476190476
129.94702820586497,290.90909090909093
169.67547236456397,355.55555555555554
168.9940522192802,355.55555555555554
162.67381907878135,355.55555555555554
156.87855473609085,336.8421052631579
172.00395414985599,376.47058823529414
141.04521967316379,304.76190476190476
183.08080864034542,376.47058823529414
166.44586861089283,355.55555555555554
165.0903827541509,355.55555555555554
151.42467018414453,320.0
176.00122537224033,376.47058823529414
