ep_returns,ep_lens
19.819346502053456,480.0
21.813266697649702,480.0
19.13717856142067,360.0
20.332141802088074,342.85714285714283
48.35932140229227,600.0
28.810517848480153,378.94736842105266
35.23381354983318,514.2857142857143
37.123417679304154,450.0
66.69959983326568,553.8461538461538
73.87038072201231,600.0
91.13156584245333,600.0
93.98409328786947,600.0
87.18343077324954,600.0
81.60843750592439,600.0
69.47024047261581,480.0
85.53930543227166,600.0
81.83771661797792,553.8461538461538
79.49800274934572,553.8461538461538
53.39874215524021,342.85714285714283
65.40848137592215,450.0
58.43266901771551,360.0
65.5194376391272,400.0
62.04305834020769,378.94736842105266
63.751326308805275,450.0
59.75550475277289,327.27272727272725
72.49470931284164,378.94736842105266
65.20163590713223,360.0
63.988244039575925,400.0
63.18578448979028,400.0
63.36799654237457,423.52941176470586
63.53372823619958,378.94736842105266
58.86958380449079,378.94736842105266
63.8106985086249,450.0
54.00256870680048,360.0
60.57383679964195,400.0
60.079129501503054,450.0
60.25825400233084,400.0
59.80154694784462,360.0
68.07519751920874,400.0
83.65718829656458,423.52941176470586
73.46909142604936,400.0
71.11636999368379,400.0
83.61092438989722,450.0
85.00382453584945,400.0
79.2278913472662,378.94736842105266
74.9788125055652,450.0
67.14877051453853,423.52941176470586
72.69619005764612,400.0
74.02352409245518,360.0
72.78495167333807,342.85714285714283
82.08366939594606,400.0
86.07681808347968,400.0
77.66540569315667,360.0
92.44176600592925,378.94736842105266
78.27361705116998,342.85714285714283
91.09155916124342,400.0
89.80478663988825,423.52941176470586
77.72767828055404,342.85714285714283
93.26281222094558,400.0
83.18797464765196,400.0
83.21723794827318,378.94736842105266
89.09449000974999,400.0
87.8655589290015,400.0
87.17374309853977,378.94736842105266
79.86523551528427,423.52941176470586
97.98762146765459,450.0
97.87093804048058,400.0
87.607635938182,400.0
90.20625726986661,378.94736842105266
88.67832142668252,400.0
78.84981355684704,400.0
84.58411937128402,360.0
89.50142062313333,400.0
86.69415078187043,423.52941176470586
89.03467747785194,450.0
84.20572479806188,360.0
86.53123631687836,423.52941176470586
93.41590721445992,423.52941176470586
91.46887464773178,450.0
93.56765287177188,378.94736842105266
88.35281480016856,342.85714285714283
87.44513397146868,450.0
83.6900235395437,450.0
97.6437583229735,450.0
87.52650561642419,423.52941176470586
92.73835942485846,378.94736842105266
81.97680171087406,342.85714285714283
80.61931868278735,400.0
92.87110578057792,450.0
85.70488869074349,400.0
76.85019887941276,342.85714285714283
73.12166233258577,423.52941176470586
78.24417119836119,378.94736842105266
82.83513740286669,400.0
79.39623776749687,360.0
87.1511483511827,400.0
81.80031645545401,378.94736842105266
90.29234409892787,400.0
98.20982301478581,480.0
82.84409558302897,360.0
87.278332304664,378.94736842105266
89.37086077221392,378.94736842105266
88.27221935226734,450.0
96.17811767284243,423.52941176470586
80.32580068632383,400.0
95.90769392450976,378.94736842105266
89.78571537684155,480.0
86.21291897386504,400.0
106.6694396298716,450.0
109.82810827481924,514.2857142857143
70.27021028416755,400.0
96.39176192523634,480.0
98.51587832704824,514.2857142857143
95.23827226289619,450.0
106.71549643799898,480.0
85.56529411516146,378.94736842105266
88.62206438161003,423.52941176470586
96.56494825459514,514.2857142857143
113.35869104164068,553.8461538461538
91.79586679958109,514.2857142857143
110.09605164442821,553.8461538461538
135.72417457062468,600.0
110.4312462188325,553.8461538461538
122.39678938440845,514.2857142857143
87.33853967290176,480.0
121.65554826722962,600.0
116.28248877293291,514.2857142857143
107.78700553363224,480.0
127.27473220060057,553.8461538461538
125.63834086726553,553.8461538461538
125.65545998803204,514.2857142857143
114.12239131210205,514.2857142857143
124.27564546437917,514.2857142857143
134.17717664271422,553.8461538461538
107.28025231825667,480.0
91.04297247121514,450.0
118.2887493993062,553.8461538461538
124.21545238564275,553.8461538461538
108.37345207442445,553.8461538461538
120.38741375391142,514.2857142857143
105.4253371419609,480.0
111.79102784757424,514.2857142857143
103.02649731646206,514.2857142857143
88.90856031431998,480.0
112.29815458713615,514.2857142857143
96.2725275421519,480.0
101.72589004681966,514.2857142857143
106.52858547521183,514.2857142857143
115.32971345214398,514.2857142857143
112.98028848241334,480.0
131.39399623412467,553.8461538461538
97.19556846951066,480.0
70.97485279362729,450.0
65.69056906055805,423.52941176470586
89.66640764861539,450.0
98.29510727220152,480.0
62.883366345475984,423.52941176470586
58.03625686087722,400.0
53.102505858090396,360.0
83.01711580221948,480.0
76.12270727990742,378.94736842105266
80.00759687642204,378.94736842105266
77.08693050870411,400.0
87.11976673237446,423.52941176470586
75.08550049171936,423.52941176470586
61.0341425663609,378.94736842105266
85.39740878323083,423.52941176470586
81.11465157595127,423.52941176470586
98.68362390115867,450.0
104.24384706581417,480.0
82.73139733822866,400.0
99.55160653256942,514.2857142857143
66.60579844854598,400.0
85.01481238506574,450.0
103.99552624841941,514.2857142857143
131.10020775683572,553.8461538461538
112.8343176973086,553.8461538461538
126.76958702238568,553.8461538461538
124.27940599838286,553.8461538461538
108.89685401407307,480.0
137.50658270937953,600.0
127.41698481024751,553.8461538461538
99.46329152948336,480.0
90.59755300435913,450.0
98.80199574014648,514.2857142857143
140.92027709107396,553.8461538461538
120.75636898355954,553.8461538461538
114.05740171631366,553.8461538461538
94.2771107579637,480.0
144.53070104165633,600.0
115.04384579535137,514.2857142857143
131.60869961697526,600.0
106.65417189494188,480.0
113.2960457909957,553.8461538461538
139.70513559387908,600.0
85.47007920452796,423.52941176470586
140.96319879989065,600.0
76.96385506318123,423.52941176470586
130.54596143434634,600.0
108.5421812823292,514.2857142857143
136.49794036419948,600.0
112.54651699854571,514.2857142857143
103.79260302274623,514.2857142857143
132.97884331183096,600.0
110.90829390826042,480.0
107.94688449681183,480.0
103.63442960642705,514.2857142857143
112.13214208631975,553.8461538461538
106.72861114389164,514.2857142857143
116.74451924205131,514.2857142857143
119.8007273409011,514.2857142857143
137.15011367808214,553.8461538461538
109.81716572919726,480.0
87.56492913656841,423.52941176470586
105.39569504199778,450.0
135.29297661806075,553.8461538461538
77.6762432998698,378.94736842105266
87.743015687305,423.52941176470586
142.33095042921053,553.8461538461538
124.10606768127472,514.2857142857143
141.67696684368408,553.8461538461538
123.4214877601754,553.8461538461538
88.8199154314757,514.2857142857143
114.88258673182152,553.8461538461538
93.14363735433214,514.2857142857143
108.58260844025625,553.8461538461538
81.09756692286628,450.0
123.04471622688416,553.8461538461538
77.54753496524174,400.0
147.81736021739576,600.0
104.34553802781534,553.8461538461538
89.34310248517602,514.2857142857143
86.03252770390927,480.0
85.10557447503301,423.52941176470586
66.38143293224059,400.0
85.69536937256758,514.2857142857143
83.37228989607098,450.0
127.29923320440018,600.0
91.65649633168557,450.0
107.25705906756421,553.8461538461538
110.50725154121567,600.0
95.7993759063222,514.2857142857143
76.51397175353335,450.0
68.546181584436,514.2857142857143
81.6946574385089,450.0
80.85188531359414,480.0
76.65341124254415,400.0
80.07477656247885,553.8461538461538
81.90541013019417,450.0
85.50727813134434,514.2857142857143
100.44635900835603,480.0
68.86047527775486,423.52941176470586
98.2083871998518,514.2857142857143
70.45846626508322,423.52941176470586
77.97772379625002,423.52941176470586
77.8542605674374,480.0
75.95193838709193,450.0
72.6118835157641,480.0
72.22048513866639,450.0
80.59760886033918,480.0
71.00738112280244,450.0
78.46203782219814,514.2857142857143
86.55120126728434,480.0
91.2196328390787,553.8461538461538
84.0481412858442,450.0
93.9901418740825,514.2857142857143
84.62394242587601,553.8461538461538
78.84398637684453,480.0
72.40999537047145,450.0
87.70528565600287,514.2857142857143
120.51890238846647,600.0
66.73967097547678,378.94736842105266
78.30524265511725,480.0
74.24399937326339,480.0
111.16959619463334,600.0
107.72052333757306,514.2857142857143
93.60732913894185,514.2857142857143
100.22275029385301,514.2857142857143
74.65255755231566,423.52941176470586
93.6566059523551,553.8461538461538
84.86436145542145,514.2857142857143
92.18130202849781,553.8461538461538
62.62476494123592,400.0
68.60288913823261,450.0
81.12654369893679,450.0
57.01668096357935,360.0
58.86474179998661,423.52941176470586
77.44302941259114,423.52941176470586
77.54335240625555,480.0
71.15650791289282,480.0
87.83100716479034,450.0
87.18784515957451,514.2857142857143
86.66374927837137,480.0
80.74365071186664,514.2857142857143
83.4286094518323,450.0
69.04048014638725,450.0
83.09768781757252,450.0
49.45356371308395,378.94736842105266
69.45135897899635,423.52941176470586
87.87329929555155,514.2857142857143
71.73714828604662,423.52941176470586
87.37669661137612,514.2857142857143
86.66113751695707,514.2857142857143
90.34303142651137,480.0
93.7963269060596,514.2857142857143
70.3727610393581,423.52941176470586
97.95963812873491,514.2857142857143
80.77377293214269,480.0
68.38355903891258,400.0
65.42522028761277,400.0
81.795884024873,450.0
87.27645474735174,423.52941176470586
64.13794684112305,423.52941176470586
91.97023011482507,480.0
92.59762118576958,480.0
71.42829939654038,423.52941176470586
74.85122438525755,423.52941176470586
77.31941447696038,514.2857142857143
86.62356423845327,514.2857142857143
108.88718992431603,553.8461538461538
100.41161892392533,514.2857142857143
78.40457269278674,480.0
114.78265831586548,553.8461538461538
101.39500096664798,553.8461538461538
110.01320826727247,514.2857142857143
94.64121800026928,514.2857142857143
78.96173437154245,480.0
66.31085163236285,480.0
54.02405396654882,378.94736842105266
69.59490797165114,480.0
90.89985822442297,553.8461538461538
76.53334374963217,514.2857142857143
65.42270624154747,480.0
94.5195999410983,553.8461538461538
66.85703270752796,450.0
111.66451726928655,600.0
100.90949942948531,553.8461538461538
96.9930236556179,514.2857142857143
109.71699321197124,553.8461538461538
69.26650719578848,423.52941176470586
85.16036406668628,553.8461538461538
75.05524111358986,480.0
83.29436784391795,553.8461538461538
65.83431375114016,514.2857142857143
75.29435608867001,423.52941176470586
66.82543755917318,450.0
80.09177534481175,514.2857142857143
83.07206120872561,480.0
56.221448521595214,450.0
66.21489843802105,378.94736842105266
83.38148878353411,514.2857142857143
84.44729975786188,514.2857142857143
103.76804853652217,553.8461538461538
55.90200104497548,450.0
75.72865459006165,553.8461538461538
76.32714343513348,514.2857142857143
76.07677262917537,514.2857142857143
71.62174483619239,480.0
67.2954388504623,423.52941176470586
71.34996312359146,514.2857142857143
91.41990239365143,514.2857142857143
56.201308338275375,400.0
68.75739186176901,480.0
77.17486587264503,514.2857142857143
74.81959538061801,514.2857142857143
69.24434554619612,450.0
80.67847979905699,514.2857142857143
93.97464878190691,553.8461538461538
62.065738937076986,480.0
73.710786075706,480.0
56.87766155036811,378.94736842105266
71.29519837970948,480.0
59.29904450555865,423.52941176470586
61.212597933421854,480.0
57.43495045104116,450.0
56.56034313405377,450.0
52.354860978755006,400.0
64.0158664988377,423.52941176470586
67.85827400966235,400.0
55.019920200303694,360.0
50.64857030259446,378.94736842105266
67.86307819104454,360.0
63.37612919149421,378.94736842105266
68.00275742950053,360.0
75.51839985294735,423.52941176470586
77.41905869858401,423.52941176470586
59.91179635543288,360.0
80.65722999754328,480.0
75.54790165301137,400.0
73.17480872996218,378.94736842105266
79.24459288012773,450.0
70.95029116064258,423.52941176470586
63.89460625931181,378.94736842105266
76.97577307919403,378.94736842105266
69.81271567463813,400.0
61.11884172730344,378.94736842105266
56.182989000399544,378.94736842105266
60.747311363304775,378.94736842105266
71.44942843707514,450.0
66.20524294611252,342.85714285714283
63.472915092166915,400.0
81.33765740726884,450.0
76.24011475455906,400.0
73.546286762079,423.52941176470586
73.15240355688613,423.52941176470586
82.60936853678811,450.0
80.13900283440744,423.52941176470586
84.01234258253689,450.0
69.42762084286218,400.0
79.87590453246946,450.0
75.17815516019074,423.52941176470586
82.63827520347326,480.0
83.24053992698269,400.0
71.34931504992979,360.0
90.96255420545637,480.0
87.84965296762601,450.0
70.31259043793578,400.0
77.3803872028622,450.0
77.73335334464973,423.52941176470586
90.38852233015254,450.0
73.14557817677795,400.0
83.64941584094848,450.0
94.23784895903522,480.0
91.17111684809615,450.0
84.08468916418026,400.0
101.44902164112322,514.2857142857143
63.57663543467866,360.0
83.36670682884488,400.0
76.21029128602274,378.94736842105266
67.0579947633504,378.94736842105266
76.02330182955497,360.0
62.745584663978676,360.0
60.952269292324345,342.85714285714283
58.041644839840785,342.85714285714283
56.714081898257206,342.85714285714283
48.31953704666918,400.0
66.98334441213348,400.0
75.28995233301012,423.52941176470586
65.40092954343363,423.52941176470586
75.38206125556749,480.0
83.0093187119666,423.52941176470586
72.51942268168824,400.0
61.765505497079644,360.0
78.82130733883031,400.0
75.36018852216232,400.0
61.53170669031887,400.0
68.21961277785759,400.0
74.47374291611739,400.0
69.3737530869925,423.52941176470586
55.75838277459951,400.0
52.48960489398492,423.52941176470586
74.59177795715662,553.8461538461538
58.46701572484719,480.0
48.47742339748807,400.0
55.22565730590059,400.0
53.31203853616658,400.0
52.394936222488866,400.0
57.720899288534774,400.0
48.60394092711605,342.85714285714283
59.17661031452103,514.2857142857143
50.00867031004691,423.52941176470586
48.17192744267451,423.52941176470586
43.361242484091875,400.0
41.41796733472236,378.94736842105266
50.20640715985979,378.94736842105266
46.4035766170131,400.0
53.686411445045145,360.0
46.7469028095436,423.52941176470586
54.037292029708645,378.94736842105266
45.28040562069507,378.94736842105266
55.77013051876751,450.0
42.012673271043106,378.94736842105266
51.86311796435096,423.52941176470586
61.57702680819196,423.52941176470586
42.95243848032007,400.0
53.59926466285687,423.52941176470586
52.38847422964409,423.52941176470586
47.90797556472784,378.94736842105266
54.05251905147269,450.0
31.005603607222717,342.85714285714283
31.60836816936154,400.0
59.970122918890866,480.0
41.104463366948586,378.94736842105266
44.64412227166822,342.85714285714283
51.32803623798685,423.52941176470586
49.92318119525033,400.0
45.66518439944728,378.94736842105266
45.41304902055759,360.0
40.78892678878501,378.94736842105266
44.26043936824385,378.94736842105266
51.68416211258405,450.0
42.67137584345438,378.94736842105266
53.3777206155989,378.94736842105266
57.57370191575136,450.0
32.27946787057641,360.0
52.42203366111255,423.52941176470586
47.07741193570732,360.0
48.309622992423925,360.0
62.74475027428181,450.0
55.45856737925525,400.0
40.54546108463237,423.52941176470586
57.93483583878425,360.0
41.989385496976055,450.0
57.00579559720821,400.0
51.14994201667477,400.0
50.55133079167031,342.85714285714283
39.1878659997847,342.85714285714283
50.00814535580452,423.52941176470586
38.528889385749345,342.85714285714283
50.23976970112208,378.94736842105266
39.062736562644496,400.0
48.310679324817286,360.0
55.48155794712819,378.94736842105266
47.675323521340154,360.0
42.05875205238328,360.0
73.72819075666611,450.0
57.42218742510356,378.94736842105266
49.135636336998175,342.85714285714283
52.910667617175044,378.94736842105266
66.4040153429392,450.0
61.58456683432001,400.0
49.53810899624326,342.85714285714283
61.739722165562796,378.94736842105266
50.63110666238252,360.0
37.28702587558352,313.04347826086956
52.11716217654185,378.94736842105266
46.436205333660865,378.94736842105266
58.11659770473063,423.52941176470586
59.62256473274946,423.52941176470586
52.83238364458678,378.94736842105266
55.01429124806012,480.0
53.63103741583019,423.52941176470586
52.4524741978326,378.94736842105266
61.568892639199504,480.0
53.2301137262938,378.94736842105266
51.5850857624776,378.94736842105266
55.72066943122218,378.94736842105266
53.37154385689715,450.0
55.26017069625881,480.0
45.40006724994835,378.94736842105266
62.22400134942874,423.52941176470586
41.66901776168463,327.27272727272725
53.59570760661058,423.52941176470586
41.90014699464551,378.94736842105266
53.23875879881626,400.0
40.587031697041446,327.27272727272725
53.59157333647139,400.0
48.74045303847063,400.0
46.251819566196694,378.94736842105266
44.260711864603856,360.0
50.024018352446866,423.52941176470586
63.08506908077913,450.0
52.967977869300654,400.0
62.726934453272925,423.52941176470586
55.77915740818584,450.0
66.72947119951739,480.0
54.23065438613233,400.0
51.803986875374655,400.0
48.138844445840405,450.0
51.60784439741873,450.0
62.58569663146726,450.0
63.493451886878496,480.0
55.27177413445963,423.52941176470586
49.29410664911115,450.0
72.5060093113745,480.0
67.95798718180842,514.2857142857143
55.005209612612134,423.52941176470586
58.76884334598411,450.0
59.78891089107963,480.0
51.05649718512433,400.0
48.986239415918064,450.0
64.14715074962065,514.2857142857143
50.29621118966962,378.94736842105266
75.72860734026327,553.8461538461538
55.876210912867215,423.52941176470586
48.926120366596734,480.0
71.0553984281564,514.2857142857143
64.44316166746952,423.52941176470586
60.250528230376155,480.0
62.759096731708205,553.8461538461538
66.22298141327296,480.0
45.96103297456011,360.0
51.63923093251291,450.0
66.43935363355554,480.0
60.08692182039353,450.0
65.40480173677034,480.0
84.78364699656922,553.8461538461538
73.8641114146879,553.8461538461538
76.03699733169444,480.0
74.25414829284921,553.8461538461538
56.756784669472225,423.52941176470586
69.1679148939282,480.0
74.62773383225408,480.0
40.967481533053686,400.0
58.55777984322166,400.0
57.97794738509632,553.8461538461538
71.49005763689634,514.2857142857143
57.84025459124766,450.0
59.68659835856144,423.52941176470586
58.88251174114123,450.0
52.706753199114736,480.0
66.27194053628193,514.2857142857143
80.44561284323082,553.8461538461538
60.946543313722565,480.0
52.29437789232556,400.0
55.637508245647446,400.0
74.36403921345463,514.2857142857143
79.81435567320686,514.2857142857143
87.0853896316628,600.0
63.85468550108755,450.0
70.56314342953686,600.0
57.507687184283135,450.0
74.51944526563031,553.8461538461538
76.41058081090299,514.2857142857143
66.35696979872988,480.0
63.30258987124236,480.0
61.00019091465036,423.52941176470586
69.84749240724905,600.0
71.55084217303488,480.0
69.52572801797949,553.8461538461538
61.7302833333213,480.0
72.56977483375955,480.0
63.2791471441857,450.0
81.61194651497654,514.2857142857143
83.88491739293558,514.2857142857143
65.41118469878833,450.0
62.78427264732567,514.2857142857143
47.36624645046648,423.52941176470586
76.71526327168291,514.2857142857143
51.7964618769182,450.0
70.22131140866517,450.0
64.6414737288058,450.0
74.38507948934573,480.0
66.11490176769448,480.0
92.33827632030163,600.0
73.85776000095572,553.8461538461538
94.38758713646911,600.0
88.81579455218477,553.8461538461538
83.4009218646872,600.0
55.755454597657085,514.2857142857143
64.03794110786585,514.2857142857143
58.068733783442035,514.2857142857143
82.38556078176853,553.8461538461538
57.87607172935212,450.0
74.99327961367777,480.0
71.57165073800591,480.0
82.26645411283668,514.2857142857143
71.5430718147763,514.2857142857143
62.196411096266864,423.52941176470586
69.18987611885058,480.0
92.16744844673174,553.8461538461538
73.63762729449714,514.2857142857143
86.29745524251736,553.8461538461538
92.33773308720886,553.8461538461538
69.7598211548439,480.0
75.9091020577591,514.2857142857143
95.72342430501766,600.0
86.89400973423392,514.2857142857143
88.4870978525978,514.2857142857143
101.82576816597076,600.0
87.46930150707828,600.0
100.9284292330447,600.0
85.81412279283164,553.8461538461538
74.00729739433585,450.0
92.16316137281736,553.8461538461538
79.58254296091123,480.0
78.95591616685296,514.2857142857143
86.96574252984576,514.2857142857143
86.36398232621973,514.2857142857143
93.75796502710226,514.2857142857143
88.05594284788687,553.8461538461538
81.33126332865558,450.0
94.62847597592277,480.0
92.04790341473685,553.8461538461538
80.3435482130079,480.0
84.72935437142797,553.8461538461538
87.4945028582269,480.0
81.12840567156331,514.2857142857143
95.01314253862145,514.2857142857143
97.12665937879659,553.8461538461538
99.13952713873094,600.0
84.23508268077765,553.8461538461538
91.8907871575868,553.8461538461538
109.86637154227168,600.0
103.00663828263714,600.0
100.32788278918822,553.8461538461538
91.03592980538544,514.2857142857143
101.24938989955724,553.8461538461538
98.85250762618958,553.8461538461538
86.7960033090611,600.0
107.96869120072404,600.0
83.6903482192219,480.0
96.55224920927246,514.2857142857143
99.41552590352951,553.8461538461538
94.35266624960529,553.8461538461538
98.0362919647025,600.0
92.74798337536407,553.8461538461538
96.98722351336849,553.8461538461538
110.2615454648937,600.0
82.5288827996363,480.0
86.54297293367861,514.2857142857143
71.78874938312404,480.0
91.22567043491475,514.2857142857143
104.62594735590746,600.0
84.06372249503383,514.2857142857143
84.45637316243504,514.2857142857143
102.13199720025702,553.8461538461538
80.34869751978803,553.8461538461538
78.92912656810144,480.0
66.48312433083282,400.0
102.7188750589102,514.2857142857143
100.12315933953286,553.8461538461538
94.23502608329854,553.8461538461538
99.44444572173386,600.0
98.10878622436366,553.8461538461538
101.55424395256597,600.0
116.31579479964653,600.0
88.76870545877725,480.0
78.17127371722984,514.2857142857143
85.8180133090477,480.0
103.45024525101965,553.8461538461538
102.03588011010417,600.0
114.41417728531103,600.0
99.36878610201046,600.0
94.82301979069241,480.0
105.61514773494925,553.8461538461538
87.56086627073714,514.2857142857143
88.76697051146728,553.8461538461538
79.20659101859646,450.0
94.89614666887094,553.8461538461538
121.5006453115321,600.0
90.07644198153228,514.2857142857143
87.70462312039163,514.2857142857143
92.63464957420815,600.0
101.42525669442483,600.0
92.10261080857666,553.8461538461538
83.96106048435279,514.2857142857143
94.44319479426848,514.2857142857143
63.90188678425169,480.0
83.01616658240827,514.2857142857143
94.44975855073248,514.2857142857143
94.69830589654975,553.8461538461538
100.13372813399567,514.2857142857143
92.36261631704667,514.2857142857143
106.26243123667668,600.0
115.81545347264102,600.0
94.17715997733319,600.0
101.54010343277979,553.8461538461538
90.43367787074409,553.8461538461538
91.47359413936115,514.2857142857143
97.9861981227234,553.8461538461538
80.26530832710199,553.8461538461538
103.78640000451894,553.8461538461538
91.1949823216447,600.0
87.08138723002604,514.2857142857143
116.5255778364422,600.0
90.10486259002782,600.0
109.14985059165436,553.8461538461538
109.63495906294179,553.8461538461538
106.70830842513254,553.8461538461538
78.96363950256482,450.0
115.58691707096038,600.0
81.62078039862877,480.0
84.36383686804201,514.2857142857143
124.46066656761214,600.0
116.25936365564874,553.8461538461538
86.43483967459846,553.8461538461538
85.97084193551339,553.8461538461538
86.99904223370925,600.0
90.81105430571873,514.2857142857143
103.66640647246217,553.8461538461538
118.55259385741743,600.0
105.33089799815988,553.8461538461538
87.25830361123101,553.8461538461538
101.90125288315208,600.0
96.29375000258914,553.8461538461538
89.90910599529909,553.8461538461538
105.27101847560309,553.8461538461538
105.46532784051428,553.8461538461538
91.87334900598604,514.2857142857143
110.33716059853528,600.0
95.85261530628614,553.8461538461538
90.73398515311864,514.2857142857143
122.72250454172298,600.0
119.31334112381627,600.0
102.42784381691344,514.2857142857143
81.19692871106807,514.2857142857143
103.38712839614362,553.8461538461538
82.6883157534118,450.0
82.01667760428207,480.0
119.02144662208939,600.0
80.7788520437298,450.0
104.1667219593798,553.8461538461538
102.1353138578339,553.8461538461538
98.67170832214984,514.2857142857143
101.19404769201199,553.8461538461538
106.47159589812863,553.8461538461538
83.08688524494657,514.2857142857143
78.2587819397117,480.0
106.90738269608345,480.0
89.41342246787764,480.0
101.66287733869669,514.2857142857143
97.85044422754433,514.2857142857143
91.55017938669222,514.2857142857143
74.62947426937868,450.0
84.50480688245895,553.8461538461538
84.8952913048092,480.0
107.14374082326309,600.0
78.87914818598264,450.0
80.73726940150688,423.52941176470586
104.21103110336944,553.8461538461538
95.14199221609637,514.2857142857143
89.3737576664818,514.2857142857143
114.2771165144277,600.0
90.86970191181015,553.8461538461538
92.03746997535806,514.2857142857143
83.87985631987651,514.2857142857143
100.62543520635622,553.8461538461538
119.031911200223,553.8461538461538
112.4355441174216,553.8461538461538
104.35678073939735,553.8461538461538
86.97678932348984,480.0
119.8171635593497,600.0
96.29617841900836,553.8461538461538
103.91795574836335,553.8461538461538
88.00671705205924,514.2857142857143
101.370111833592,553.8461538461538
107.41774080918638,514.2857142857143
93.0417439641944,514.2857142857143
116.71407914168687,553.8461538461538
110.96444721043054,553.8461538461538
125.37408353491898,553.8461538461538
105.62541888782869,600.0
101.70985524485005,553.8461538461538
98.91513187300289,553.8461538461538
96.97634654898003,553.8461538461538
86.67831093905978,514.2857142857143
92.84742095093705,514.2857142857143
94.26124347352759,480.0
123.51248441999446,600.0
119.57541798281498,600.0
116.81340883696585,600.0
102.919830688208,553.8461538461538
109.49820093017853,600.0
130.37273519322264,600.0
110.25547580463909,600.0
111.23278035778208,600.0
91.19169987556975,553.8461538461538
101.49478260397667,600.0
118.60833909973104,600.0
114.92917177495738,553.8461538461538
81.60534760511909,480.0
105.86657335826885,553.8461538461538
107.84659536152327,553.8461538461538
111.9242482689154,553.8461538461538
121.16548843637155,600.0
83.84309126292828,514.2857142857143
94.2750721497538,480.0
118.30415021154859,600.0
118.84240965521131,600.0
93.69938126726858,514.2857142857143
117.85725212306875,600.0
129.52656811489524,600.0
76.43656118998179,480.0
94.99585056671201,553.8461538461538
112.05797980959922,553.8461538461538
83.82536691162751,480.0
115.91562360950904,600.0
109.06180011604357,553.8461538461538
131.45090347044402,600.0
127.75806951849289,600.0
120.79422588436974,600.0
104.46592653634833,553.8461538461538
87.55580507516811,480.0
107.6628388056664,480.0
109.89886573286455,553.8461538461538
97.85622933849203,553.8461538461538
127.55728131180553,553.8461538461538
84.36283015696978,553.8461538461538
117.31322445471211,600.0
100.44018889845708,514.2857142857143
116.18744487143735,553.8461538461538
99.11852365671605,514.2857142857143
101.0873393174796,553.8461538461538
84.53541137919477,553.8461538461538
96.07976078692558,514.2857142857143
94.2567432267518,514.2857142857143
94.83056366663934,514.2857142857143
107.2108687090059,553.8461538461538
109.62574309639226,553.8461538461538
90.09463575635054,514.2857142857143
105.61897771658984,553.8461538461538
102.88797779984374,553.8461538461538
69.8948179984704,423.52941176470586
93.23972170675145,514.2857142857143
95.75596969013797,514.2857142857143
95.49621141314911,514.2857142857143
114.9921730081451,553.8461538461538
130.69139772923083,600.0
117.74954675086217,553.8461538461538
110.31592967491416,553.8461538461538
123.29995544145811,600.0
114.83107239494288,553.8461538461538
115.69525071700845,553.8461538461538
108.74249998781042,514.2857142857143
109.03142248797586,600.0
118.58708626959226,600.0
100.71257904665389,514.2857142857143
111.14472832714266,514.2857142857143
120.0647746458571,600.0
105.7928652153214,553.8461538461538
97.06530446415059,514.2857142857143
109.65298593468695,514.2857142857143
106.23373267670418,514.2857142857143
128.28043284445025,600.0
123.38940695832257,600.0
85.2503857581373,480.0
110.4401773203004,553.8461538461538
115.50203585836424,553.8461538461538
93.39929434074746,514.2857142857143
98.69876184730764,514.2857142857143
103.67298423203611,553.8461538461538
105.69678178937595,553.8461538461538
119.0594299507912,553.8461538461538
92.2751200022073,480.0
99.72194398355008,514.2857142857143
138.329728440177,600.0
113.86936167853422,553.8461538461538
99.17453659150192,514.2857142857143
124.16985354462912,600.0
98.52494303878129,480.0
110.76567748240662,553.8461538461538
110.31360121109287,553.8461538461538
111.6356196195527,553.8461538461538
125.7597586854303,600.0
111.34552738897969,553.8461538461538
120.40759572755073,553.8461538461538
102.35137467490541,514.2857142857143
114.21855260213218,553.8461538461538
104.35443533651276,553.8461538461538
127.99306588755185,600.0
126.76625442733042,600.0
127.44063780790924,600.0
85.60068617914395,480.0
110.666951691708,553.8461538461538
111.27422974198547,553.8461538461538
130.95478089752925,600.0
100.572765929277,514.2857142857143
103.14591982457084,514.2857142857143
126.05752617404893,600.0
106.1304851238086,514.2857142857143
117.29153610842384,600.0
130.0152143627469,600.0
110.95348112051492,600.0
105.55355164624585,600.0
128.03738425971483,600.0
85.0757155379083,480.0
116.71580289937924,600.0
71.79382250359237,450.0
121.78999321341182,600.0
96.08275274490572,514.2857142857143
83.12456527361991,480.0
84.18185698985472,480.0
123.9423483974868,600.0
104.72643210434359,553.8461538461538
93.57054259909458,480.0
98.32131366710063,514.2857142857143
101.50121489645299,514.2857142857143
117.46395198907902,553.8461538461538
98.41103717154549,514.2857142857143
92.39338546075454,553.8461538461538
110.3696775599589,553.8461538461538
97.8882907116559,514.2857142857143
107.84960242062007,553.8461538461538
119.00969140680051,553.8461538461538
93.42376162905119,514.2857142857143
117.12666825585225,553.8461538461538
107.19910980798394,553.8461538461538
116.82823801667875,600.0
107.30515828047312,514.2857142857143
98.72852134940119,480.0
112.22543082635033,553.8461538461538
115.75469525945947,553.8461538461538
85.88762643411556,514.2857142857143
127.77118767122545,600.0
90.82993501741352,514.2857142857143
90.55243543508801,480.0
71.83163598276202,423.52941176470586
112.58938579697757,553.8461538461538
116.29157893820653,553.8461538461538
89.89348970707525,450.0
102.66072037943549,514.2857142857143
110.29743267356251,514.2857142857143
122.441940982423,553.8461538461538
123.97039680875514,553.8461538461538
90.15187164782205,553.8461538461538
100.28527552465097,514.2857142857143
94.20231132055265,480.0
87.80138459836793,480.0
91.1448701853043,553.8461538461538
118.7757346410387,553.8461538461538
110.13882764242315,600.0
100.42886307408457,514.2857142857143
79.01211083099003,423.52941176470586
101.5771270619877,514.2857142857143
105.50219504393213,514.2857142857143
93.76896419033517,450.0
126.85933922796862,600.0
103.26479186554528,514.2857142857143
119.77302949084937,600.0
112.59767043919643,553.8461538461538
97.59364520787743,553.8461538461538
106.91615336789769,553.8461538461538
100.97726024736797,480.0
96.98760215540375,450.0
119.06521066641719,553.8461538461538
135.21559367909165,600.0
84.27670238039576,450.0
111.8207068577631,553.8461538461538
126.11516912388544,553.8461538461538
105.14919445120661,480.0
86.3127599813516,450.0
98.35349545769547,480.0
127.47914636468293,600.0
91.93898342276383,480.0
101.26944222615221,480.0
87.92240584654581,480.0
104.94284667833409,553.8461538461538
79.39168280244901,480.0
92.06103664548154,480.0
108.30198692353332,553.8461538461538
105.71921154900646,514.2857142857143
133.7458802791523,600.0
120.62574403607105,553.8461538461538
111.4318126796113,553.8461538461538
98.76410227255913,514.2857142857143
89.60760515726638,450.0
125.93045319490835,600.0
111.48599671159057,553.8461538461538
112.35974484856173,553.8461538461538
90.8166719969263,480.0
138.40135265950383,600.0
121.50375775706236,553.8461538461538
90.21707361217317,480.0
124.58658772356286,600.0
105.82621851156946,514.2857142857143
119.94523489505592,553.8461538461538
126.81292404888791,600.0
120.11294740398115,553.8461538461538
122.86336888168985,600.0
93.62008007716376,480.0
114.68742057107617,553.8461538461538
101.86735118528223,514.2857142857143
91.96272425126878,480.0
133.61442738000946,600.0
80.72250598136864,423.52941176470586
109.38781681408916,514.2857142857143
106.50440014156588,514.2857142857143
88.25071548401145,480.0
130.79715426643654,600.0
91.31754773453314,514.2857142857143
107.72480859807702,514.2857142857143
102.67273914222584,514.2857142857143
98.21929139511859,553.8461538461538
93.33575300187401,480.0
98.78111903348658,553.8461538461538
112.07811817962396,553.8461538461538
115.09006775992067,600.0
111.575470518597,600.0
90.95190540821748,450.0
112.48857212531908,600.0
114.49112638036458,600.0
126.964853343641,600.0
108.31188161996167,553.8461538461538
115.7845377626737,553.8461538461538
124.66888772321224,553.8461538461538
137.23803351111093,600.0
103.28762363278626,480.0
94.69252188979921,553.8461538461538
93.65636211184022,450.0
84.72573864637435,450.0
77.65431374722621,450.0
117.98011804385382,553.8461538461538
87.29433027428557,480.0
101.62440181432852,514.2857142857143
102.6316315024733,553.8461538461538
100.32339446694313,514.2857142857143
97.00899484877581,514.2857142857143
106.68089601370244,553.8461538461538
113.26855939961408,553.8461538461538
133.1050421755921,600.0
90.32980275527196,553.8461538461538
107.96504347546765,514.2857142857143
125.56561413890664,600.0
118.31559515825079,600.0
117.21057018516193,553.8461538461538
120.39111627931516,600.0
113.22211687492837,553.8461538461538
117.30079503461414,553.8461538461538
91.7963178198914,450.0
131.030572177786,600.0
126.7080711784485,553.8461538461538
88.2929349956054,480.0
96.60028225266743,553.8461538461538
115.07114654507966,553.8461538461538
97.9692157166882,514.2857142857143
95.08712339733233,553.8461538461538
87.34368261517959,514.2857142857143
76.28570342199414,480.0
83.78613466089008,514.2857142857143
80.32645161608305,480.0
117.1067709713635,553.8461538461538
92.61288875488107,514.2857142857143
101.70806545050594,480.0
104.87842934882669,514.2857142857143
115.47437005321994,600.0
110.10611543307456,553.8461538461538
91.40808578697097,480.0
100.55287981240824,514.2857142857143
116.27858504811114,553.8461538461538
122.54771571382538,600.0
106.62899469636822,514.2857142857143
100.16490969631887,514.2857142857143
131.0823650297636,600.0
94.84487308401714,480.0
108.89581804116506,553.8461538461538
129.22964608141345,553.8461538461538
75.94553438927299,480.0
99.71325884397827,514.2857142857143
118.54270655231939,600.0
129.75276915390884,553.8461538461538
114.68311458572154,514.2857142857143
97.4769522061841,553.8461538461538
121.04714168779924,553.8461538461538
107.62081005524406,514.2857142857143
121.09001491624122,553.8461538461538
125.37727521650943,600.0
101.34727507422048,600.0
119.01625633369264,600.0
100.96142098384823,514.2857142857143
109.19634949639152,553.8461538461538
100.82341865217614,480.0
100.02144681114773,480.0
116.79363134492178,553.8461538461538
115.80477282442796,600.0
111.43462303474917,514.2857142857143
117.12406807459303,553.8461538461538
101.31808305689825,514.2857142857143
105.15795484160155,480.0
126.46443137278133,600.0
102.60499193006724,553.8461538461538
103.23856178567392,514.2857142857143
105.26292672941027,514.2857142857143
109.7665333835464,553.8461538461538
118.23354282712579,600.0
102.1765541573851,553.8461538461538
108.79913895125377,553.8461538461538
121.14021655142828,600.0
125.3477622142709,600.0
119.2879264164921,553.8461538461538
93.85889148023946,480.0
125.60791382173039,600.0
105.11759095626401,553.8461538461538
121.04881784529707,553.8461538461538
103.8268643436627,514.2857142857143
119.98677587632113,553.8461538461538
95.20178673445622,480.0
112.27066860478837,553.8461538461538
117.24099328218564,553.8461538461538
105.5183459499025,553.8461538461538
107.63818798980846,553.8461538461538
105.51122171950227,514.2857142857143
114.66261025142245,600.0
104.97983076248227,514.2857142857143
109.73678107890336,553.8461538461538
110.82121475480274,514.2857142857143
100.99148453992152,514.2857142857143
104.92929693407265,514.2857142857143
131.35353276355437,600.0
117.49828087826147,553.8461538461538
127.28398143853522,553.8461538461538
127.58103103025745,553.8461538461538
116.18700153965095,553.8461538461538
87.64175115932812,450.0
120.2840338294076,553.8461538461538
104.3154047624547,514.2857142857143
110.19170007537153,553.8461538461538
131.78014375592326,600.0
99.03954612807416,480.0
118.22500296790115,553.8461538461538
107.9606015456347,514.2857142857143
138.02067026659336,600.0
116.06680724051009,553.8461538461538
114.9829249236623,553.8461538461538
123.48914215331524,600.0
110.05418740746434,553.8461538461538
115.5216372822161,600.0
107.97824545237799,480.0
108.03216753142341,514.2857142857143
119.17474918241645,553.8461538461538
123.12229234406215,553.8461538461538
105.4199035874061,553.8461538461538
89.58998258033762,480.0
104.38163260285329,514.2857142857143
112.13335704505116,553.8461538461538
115.4568618674617,553.8461538461538
88.43898447731343,480.0
98.54631195022768,480.0
128.98449868843178,600.0
108.71253169993368,553.8461538461538
103.58684623404223,553.8461538461538
124.96380472385856,553.8461538461538
118.98395045683327,553.8461538461538
103.36672959734483,514.2857142857143
107.45629685932298,514.2857142857143
120.90522746460923,553.8461538461538
102.89628444821794,514.2857142857143
115.10364695708533,553.8461538461538
113.53340532633223,553.8461538461538
114.50974440760424,553.8461538461538
113.29796749868463,553.8461538461538
104.42612639558321,514.2857142857143
94.03011437039196,514.2857142857143
108.51818377800073,514.2857142857143
92.60153793544326,480.0
109.76872308382664,514.2857142857143
97.30442924572708,553.8461538461538
99.42887329336487,514.2857142857143
139.16943039688982,600.0
122.39782724965107,600.0
88.36796656985668,480.0
75.07611637055712,423.52941176470586
125.57238484667704,600.0
95.1060843019103,514.2857142857143
83.52359055855311,450.0
98.9304145087992,514.2857142857143
122.34616304241798,553.8461538461538
99.17061030613264,480.0
113.59427070039786,514.2857142857143
105.93133204463645,514.2857142857143
104.69683509924614,514.2857142857143
90.44730753401831,450.0
114.72230495661675,553.8461538461538
86.24862635014728,480.0
98.0485442618888,480.0
109.96797132657504,553.8461538461538
74.14805425364514,400.0
101.53352167633295,514.2857142857143
102.65776886044047,514.2857142857143
104.84100232088045,514.2857142857143
108.43985483240284,553.8461538461538
131.6043344054255,600.0
107.74701949962954,553.8461538461538
119.56487855256121,553.8461538461538
131.77689508399175,600.0
113.69872506802984,514.2857142857143
121.91856965426787,600.0
130.8641422204612,600.0
136.60707208262852,600.0
96.76313224069906,514.2857142857143
97.98885781171298,480.0
114.61783480832835,514.2857142857143
102.96320493935788,553.8461538461538
113.22529016990448,553.8461538461538
98.87029432298777,514.2857142857143
100.86038913477283,514.2857142857143
116.41547483900716,553.8461538461538
110.47895902026595,600.0
105.96429971992737,553.8461538461538
115.29745181055105,553.8461538461538
96.76641210353975,480.0
108.01691629477911,514.2857142857143
132.43391933892067,600.0
109.5312615784547,514.2857142857143
116.63131298749528,600.0
121.01475952448762,553.8461538461538
80.22437961624595,480.0
92.8619381113152,480.0
100.8281182372012,480.0
98.62737382989091,514.2857142857143
110.95928791815889,553.8461538461538
139.61312974624198,600.0
109.33622115779589,553.8461538461538
106.52544556235617,514.2857142857143
92.64529055581467,514.2857142857143
98.03434168444039,514.2857142857143
137.7168075665922,600.0
113.27398832942411,514.2857142857143
104.35449293160589,553.8461538461538
105.61599226471064,553.8461538461538
109.19598377382665,553.8461538461538
91.06163841403425,480.0
113.7194992091682,553.8461538461538
99.71063441344647,514.2857142857143
114.63586619149486,553.8461538461538
123.99238090988548,553.8461538461538
134.41477450498155,600.0
108.59252811497029,553.8461538461538
118.69191399157944,600.0
121.04600533380456,553.8461538461538
105.09161044187749,553.8461538461538
118.8893610071287,553.8461538461538
118.5784602429109,553.8461538461538
101.19796353873619,514.2857142857143
108.68829193863323,514.2857142857143
91.42211352185087,480.0
124.19804716667629,600.0
107.97496077360552,514.2857142857143
110.14793525361428,514.2857142857143
100.54954497472316,514.2857142857143
83.73358366375746,450.0
114.70941912546026,553.8461538461538
133.89545986525118,600.0
138.26817567768128,600.0
123.81347385659923,600.0
101.15423559662939,480.0
129.74322181513506,553.8461538461538
113.30928489946652,553.8461538461538
132.842884234445,600.0
130.99201586012683,600.0
113.14437472561109,514.2857142857143
128.4470822421235,553.8461538461538
122.42824048881113,553.8461538461538
119.19893933095106,553.8461538461538
108.97994474060637,553.8461538461538
130.14249712659768,600.0
115.3204193765025,553.8461538461538
118.67860859967267,553.8461538461538
112.03682248786164,553.8461538461538
127.84771466802893,600.0
135.9961368839593,600.0
108.42375985667431,514.2857142857143
112.58816265293935,553.8461538461538
143.9431691571735,600.0
108.77749857391017,553.8461538461538
104.24202752047319,553.8461538461538
108.33038016066907,514.2857142857143
95.78563515142991,514.2857142857143
126.09519688112108,600.0
134.27139458630762,600.0
126.50341193805552,600.0
110.5229958489388,514.2857142857143
90.79498566121951,514.2857142857143
106.2365086439438,553.8461538461538
93.10561016305822,514.2857142857143
104.08320800306267,480.0
105.39653889583019,553.8461538461538
107.39877734862469,480.0
97.9779405502083,480.0
112.60354287291626,553.8461538461538
124.2708200872788,600.0
83.58424499224705,450.0
132.31069835622966,600.0
120.46388918701675,553.8461538461538
128.42436266524703,600.0
128.19873319263255,600.0
106.28015210510036,553.8461538461538
92.92853183577449,514.2857142857143
110.68978600834703,553.8461538461538
126.224219062508,600.0
120.13880001537001,553.8461538461538
132.34304779787985,600.0
141.4889912644917,600.0
121.00886201512822,553.8461538461538
123.55060969598942,553.8461538461538
102.27169538304328,514.2857142857143
102.28856305239977,514.2857142857143
125.67639792165141,600.0
106.00200662030704,514.2857142857143
134.1071503127337,600.0
109.78428087011886,553.8461538461538
125.72684753390504,553.8461538461538
124.88194220177185,553.8461538461538
91.2497081823367,480.0
133.07440993557483,600.0
133.59283407683816,600.0
125.19619096091824,553.8461538461538
124.95560701884067,600.0
114.4924972924887,553.8461538461538
113.4315202891385,514.2857142857143
122.62076639393447,553.8461538461538
120.66603346815208,553.8461538461538
116.44475251415443,553.8461538461538
91.3386007624734,514.2857142857143
122.32841503146142,553.8461538461538
97.04301437454386,514.2857142857143
125.12025638931789,600.0
121.79846711823656,600.0
120.59111130197253,553.8461538461538
108.28496843070118,553.8461538461538
112.24558102452308,553.8461538461538
110.63325308235804,514.2857142857143
119.25275482781669,553.8461538461538
124.52326228580507,600.0
128.07430592680578,600.0
119.91561013878547,553.8461538461538
134.56875474846416,600.0
112.03325381401702,553.8461538461538
139.66346663530828,600.0
100.51104247630617,480.0
119.43984757631651,553.8461538461538
117.19238225018132,600.0
103.94699945824237,553.8461538461538
121.04362470386853,553.8461538461538
135.10091123282666,600.0
130.90253300562165,600.0
130.5277178814847,600.0
110.76904935825654,553.8461538461538
128.1231185149574,600.0
114.44905743621969,553.8461538461538
134.36078276221687,600.0
120.11896591085184,553.8461538461538
107.88160237732994,514.2857142857143
98.52826804779035,514.2857142857143
117.96956772145448,553.8461538461538
116.95206853286429,514.2857142857143
107.73272044332376,553.8461538461538
128.35635777832135,600.0
98.63603181534681,514.2857142857143
117.55583275548086,600.0
96.44528378805691,553.8461538461538
121.77049811507658,600.0
115.73197981028243,600.0
113.871515617128,553.8461538461538
96.4493845067208,480.0
97.41039036541788,480.0
129.42976967880355,600.0
121.11307288473202,553.8461538461538
98.10956591795103,553.8461538461538
125.0527320505073,600.0
96.07736181741784,514.2857142857143
101.02145640791348,480.0
82.35800723792401,450.0
106.10254205304886,514.2857142857143
105.2563563927112,514.2857142857143
119.32529404040443,553.8461538461538
127.80264250393671,553.8461538461538
129.12861094558903,600.0
132.95086056524391,600.0
121.43020200211963,600.0
101.43990296929665,553.8461538461538
142.11133667058076,600.0
115.29979776626182,600.0
106.91860581244705,553.8461538461538
110.34405133980862,553.8461538461538
131.8515791777437,600.0
120.9199378249578,600.0
117.00538602846312,553.8461538461538
93.27819744078175,480.0
131.10950428693414,600.0
128.75811250066232,553.8461538461538
92.05128410916576,480.0
133.21236127127906,600.0
118.61874306746239,553.8461538461538
124.33639775338582,600.0
106.84469543204115,514.2857142857143
129.32498547975607,600.0
116.25645634230624,553.8461538461538
137.8028873825615,600.0
106.15374601936828,514.2857142857143
108.18295919358602,514.2857142857143
111.58366274096208,553.8461538461538
111.22203301650454,514.2857142857143
116.84336085395557,553.8461538461538
108.5566989304179,553.8461538461538
112.21819606920643,553.8461538461538
102.2881770656006,514.2857142857143
131.43099456662907,600.0
98.02179444727199,514.2857142857143
110.90474659925646,553.8461538461538
109.51020491990745,553.8461538461538
121.45474182192184,600.0
127.92346795251278,600.0
99.70976856904613,514.2857142857143
130.87716123587413,600.0
99.87695660732177,514.2857142857143
129.0403630701884,600.0
117.63509774719793,553.8461538461538
119.22447052817132,553.8461538461538
129.5025585134716,600.0
119.17346967652205,553.8461538461538
106.8693632161977,514.2857142857143
102.31365753184068,480.0
138.76125575505841,600.0
136.64139479327926,600.0
124.97578387018297,600.0
100.37444552418687,480.0
112.29200609260455,553.8461538461538
108.83782742769175,553.8461538461538
108.41604478981039,514.2857142857143
101.97034002642538,480.0
100.56886848386749,480.0
107.25950474878083,553.8461538461538
108.90831415274204,514.2857142857143
102.09461212821722,514.2857142857143
90.49867907661778,480.0
111.36361639157292,514.2857142857143
118.37367300177081,553.8461538461538
93.68811828187103,480.0
97.18914832814689,480.0
