ep_returns,ep_lens
101.85189894432744,400.0
94.75736095630612,400.0
91.72375739003719,400.0
95.01392598147986,400.0
99.16148322769584,400.0
93.07321065897385,400.0
105.42097184403666,400.0
105.43124382036605,400.0
104.87617430238133,400.0
95.35050086158093,400.0
105.06061366409637,400.0
94.17101500638263,400.0
84.81892679981597,400.0
104.43143961023168,400.0
105.33700719577108,400.0
85.19702297561912,400.0
95.64365580110746,400.0
115.3015444536236,400.0
96.04980871322452,400.0
96.26911804491816,400.0
95.61691471886024,400.0
86.08436199252459,400.0
97.30966769392649,400.0
107.50097205571053,400.0
107.30680371136532,400.0
107.54089013022961,400.0
119.20628010726587,400.0
97.5698047036356,400.0
107.61757993295794,400.0
97.46217792258373,400.0
107.2568425656251,400.0
97.06257182337244,400.0
87.98582814695033,400.0
96.68687146095216,400.0
87.0125422002041,400.0
98.47949524441883,400.0
89.24756951629132,400.0
118.98265473416734,400.0
129.65475704277102,400.0
99.80710836337119,400.0
121.27707389210106,400.0
111.40633941073203,400.0
122.97911350988153,400.0
113.27740267475924,400.0
125.33033367105531,400.0
127.75287651487093,400.0
119.98654880257449,400.0
113.07683587082954,400.0
140.57031403307465,400.0
132.61171143785822,400.0
140.82078056200137,400.0
131.64801126719098,400.0
148.4054956750109,400.0
137.90587981938958,400.0
122.28880584494436,400.0
125.11147950935872,400.0
116.95924939302112,400.0
140.24849819049732,400.0
132.2039755508536,400.0
136.28821592574482,400.0
131.10849689488577,400.0
141.70621664505245,400.0
131.37118687151977,400.0
123.24011847773187,400.0
126.03860285448025,400.0
151.02696346726873,400.0
154.01774436222297,400.0
140.80756495338267,400.0
114.71685038979126,400.0
130.8691259533522,400.0
141.9304257688018,400.0
134.225411354165,400.0
120.53103177584217,400.0
137.61426242645607,400.0
139.21603963562887,400.0
140.46735105950083,400.0
126.72599686312913,400.0
127.78339884791068,400.0
144.94732051774085,400.0
142.90173552050294,400.0
152.48056357472097,400.0
144.82360045650742,400.0
128.61957025295513,400.0
143.57662273223974,400.0
128.26062631552165,400.0
147.53527012421264,400.0
129.38261123578238,400.0
143.1914061994996,400.0
137.9726067344461,400.0
151.7184463853846,400.0
136.46987024203727,400.0
142.965261088654,400.0
135.29402702442826,400.0
140.2595290213375,400.0
144.22356009224856,400.0
137.88455129995293,400.0
128.81194224287302,400.0
148.32277029003347,400.0
147.10946977700496,400.0
135.93553073210094,400.0
141.33215740822982,400.0
145.70677659448168,400.0
141.59871016606596,400.0
138.03471121009076,400.0
145.3452374062064,400.0
144.9424094785851,400.0
133.34234055785342,400.0
136.0165943113212,400.0
137.72752330383506,400.0
136.0819103308838,400.0
142.75374211087268,400.0
143.3382961629747,400.0
144.3202366092718,400.0
140.52989837979334,400.0
140.35213322630068,400.0
153.48402644322223,400.0
139.92617241397105,400.0
141.58501473563328,400.0
130.75253019563863,400.0
153.31383608821704,400.0
152.5602152091175,400.0
129.06027303617134,400.0
142.04515432035168,400.0
143.60812383153848,400.0
151.91168252516664,400.0
136.16149876561772,400.0
140.37016449145503,400.0
139.62510441702022,400.0
138.4546154736349,400.0
139.34874134782302,400.0
141.79624130682467,400.0
146.3990072037735,400.0
145.7084976533953,400.0
125.90102213218847,400.0
151.99971145591908,400.0
133.99602102684537,400.0
143.55967103701244,400.0
145.89179034987276,400.0
153.707071462907,400.0
152.9884625596945,400.0
146.37766470014873,400.0
156.71108795966757,400.0
131.33013246960206,400.0
144.3400707991419,400.0
148.73464546726697,400.0
137.75679313162297,400.0
134.6600246765553,400.0
140.79883370812252,400.0
139.3887220565957,400.0
143.41520008818455,400.0
141.16911573490023,400.0
147.45314060608166,400.0
126.63050090285681,400.0
148.29198932959488,400.0
140.20095966093487,400.0
159.38942696283414,400.0
131.91003803956022,400.0
153.6149006950181,400.0
147.08082698763766,400.0
129.14381861646163,342.85714285714283
154.89460186409102,400.0
141.6034778000287,400.0
147.41880854413813,400.0
137.36805104118156,400.0
152.40859340248184,400.0
158.56184819404572,400.0
144.27233755887752,400.0
133.28135060928577,342.85714285714283
136.21162574797177,400.0
145.79323916084377,400.0
153.96099597414198,400.0
152.26446030664195,400.0
157.26047392725246,400.0
143.79208693803227,400.0
145.98511420438055,400.0
155.57012846563836,400.0
150.90545861202227,400.0
146.03671783995796,400.0
154.3435790151468,400.0
146.56751248654533,400.0
140.5209817334766,400.0
162.68844640251893,400.0
141.1811142066891,342.85714285714283
148.97801131582966,400.0
159.88753869179354,400.0
152.41193446246277,400.0
158.85407959596074,400.0
133.33368998750146,342.85714285714283
142.70279957042996,400.0
141.48144308677837,342.85714285714283
154.39168188247837,400.0
154.84149020886036,400.0
160.94846906439008,400.0
161.11419366614385,400.0
166.09146698541315,400.0
148.33623215809854,342.85714285714283
137.4712690279517,400.0
131.20270216275335,300.0
134.4746700473375,300.0
141.16905022852012,342.85714285714283
157.79490428228976,400.0
162.70614011129996,400.0
130.0978923163282,342.85714285714283
145.90022344400973,342.85714285714283
138.72839550235292,400.0
152.76856639124253,400.0
165.2017355528018,400.0
153.8131188972258,400.0
147.39458694490605,400.0
139.91784325760534,400.0
152.59841840113873,400.0
161.40450992104687,400.0
134.78026256133379,342.85714285714283
151.1778318379509,400.0
159.90334971261157,400.0
158.91800949070952,400.0
158.77147100347383,400.0
161.72966764781623,400.0
152.80076852775633,400.0
157.63070944037457,400.0
159.9202769241532,400.0
163.8060526862882,400.0
145.3937503676756,342.85714285714283
142.30338760061753,342.85714285714283
164.06989802623661,400.0
170.27879998062645,400.0
109.35971136344952,240.0
162.09023580416456,400.0
133.02070507224784,300.0
163.19728541688127,400.0
151.7157935490116,400.0
145.60254936684626,400.0
138.5148547742969,400.0
154.19171362886442,400.0
152.97363042291622,400.0
160.61886056379362,400.0
146.3343076202468,400.0
149.09473303733162,400.0
155.3661810473975,400.0
157.4166322517878,400.0
144.485571598712,400.0
156.0775890097651,400.0
155.36398478289777,400.0
126.78549100552577,342.85714285714283
144.8470393379462,400.0
154.94999922668623,400.0
161.9292604008621,400.0
145.02311784585757,342.85714285714283
160.88134945151668,400.0
141.40963431130598,342.85714285714283
162.14282700646893,400.0
138.5491177141663,342.85714285714283
152.8647355712529,400.0
148.41443569090907,400.0
149.67918632789926,342.85714285714283
155.1730197236325,400.0
159.9353909410811,400.0
145.9838490712182,342.85714285714283
166.55333466331965,400.0
148.91811010584817,400.0
139.0519223520044,342.85714285714283
139.5543971381125,342.85714285714283
156.7440323012473,400.0
139.7426062044157,342.85714285714283
128.50180186591254,300.0
128.38499839453587,300.0
119.25073645682083,300.0
122.62091770321956,342.85714285714283
173.179363812589,400.0
138.75884870966868,342.85714285714283
150.48341268367653,400.0
164.44288134924196,400.0
117.40455381651606,266.6666666666667
156.2988254217303,400.0
162.45358978892094,400.0
157.9941430177154,400.0
139.50049031061502,342.85714285714283
120.25260363435947,300.0
137.18642781640443,342.85714285714283
168.41261248919082,400.0
166.02843343197662,400.0
147.33130387496792,342.85714285714283
137.60072670473232,300.0
151.9728792793035,342.85714285714283
131.28714984434112,300.0
142.26583683392317,300.0
157.36457046519834,400.0
138.48495828130206,342.85714285714283
159.0957925990906,400.0
124.54166156959472,300.0
152.00902711259923,342.85714285714283
155.65149882942384,400.0
150.56196893821306,342.85714285714283
161.30744242734724,400.0
147.0301993298051,342.85714285714283
157.8647078017273,400.0
149.4091711242146,400.0
154.23705813353627,400.0
159.4576830410188,400.0
138.5734608236679,342.85714285714283
167.56778261817865,400.0
154.8284319747504,400.0
149.92048902135537,400.0
123.16200903579457,300.0
133.73218928876432,342.85714285714283
151.18884460789008,342.85714285714283
143.11312423802457,400.0
141.9495998327578,342.85714285714283
144.04761851322638,400.0
132.82088023713806,342.85714285714283
141.93925592426953,400.0
142.8485280917254,342.85714285714283
148.919866934819,400.0
164.77340067201084,400.0
133.78385813243312,300.0
142.50897604031647,400.0
149.08777664942681,400.0
133.03788479687285,300.0
151.20340407801206,342.85714285714283
133.84982973555842,342.85714285714283
156.71887794281417,400.0
140.54760558438025,342.85714285714283
138.3343921493906,342.85714285714283
145.25858582574492,400.0
117.44204020536088,266.6666666666667
129.9421464849949,300.0
147.74975334357583,342.85714285714283
146.2160512107969,342.85714285714283
173.09472004282824,400.0
145.54746173951386,400.0
163.69178695092495,400.0
146.90117437891394,400.0
161.15902632857478,400.0
143.85281334717618,342.85714285714283
147.07297225576127,342.85714285714283
145.73751734186126,400.0
160.85598945224288,400.0
158.62849252937238,400.0
170.99808764334352,400.0
133.39343959182082,300.0
123.078051056963,342.85714285714283
133.95914768751027,400.0
126.59786242548572,300.0
135.39189524911444,342.85714285714283
108.31038354541352,266.6666666666667
153.57077406987858,400.0
149.90679733073134,400.0
143.0307269623184,342.85714285714283
168.01412351132646,400.0
150.32031137599148,400.0
112.7284750804485,266.6666666666667
140.57820434985715,342.85714285714283
159.65321992527677,400.0
142.69447196342495,342.85714285714283
129.0452419550962,342.85714285714283
150.71760639483213,400.0
154.19101647202308,400.0
158.5335016581547,400.0
166.70740950365646,400.0
129.7999107508803,342.85714285714283
162.37357459227044,400.0
152.63839575057838,400.0
160.60229395970524,400.0
142.34249361236994,400.0
137.90799024978847,342.85714285714283
153.88099390166354,400.0
133.18878742389447,400.0
143.0794912726055,400.0
155.55133208251962,400.0
151.10010345301063,400.0
124.50613154460588,342.85714285714283
161.82625458020968,400.0
139.4491634583228,400.0
136.50647351044685,342.85714285714283
165.50401931409377,400.0
167.49629926817656,400.0
154.116744723406,400.0
148.16540270585202,400.0
158.81632324574016,400.0
135.8699193332142,342.85714285714283
169.60328453080376,400.0
135.8729398786027,342.85714285714283
146.28442459357186,342.85714285714283
120.99100290610846,300.0
156.2169680215441,400.0
158.13984232537555,400.0
138.26812002845696,342.85714285714283
152.44418544594106,400.0
163.35807512779445,400.0
147.44333428609167,342.85714285714283
136.8430580473341,400.0
156.91787379590076,400.0
147.87707296347662,400.0
152.61198192655053,342.85714285714283
113.07417269479706,300.0
118.4339089330869,342.85714285714283
160.54808468669637,400.0
137.4269436683261,300.0
151.57055825327456,342.85714285714283
122.31276120291716,300.0
169.58255533169327,400.0
163.84145430811975,400.0
167.37377799873778,400.0
162.6944570735248,400.0
142.89142470027988,342.85714285714283
162.31062774380283,400.0
135.72572907580906,300.0
129.92364975376552,300.0
150.09278945972878,342.85714285714283
136.28443908590012,300.0
165.00825148086244,400.0
154.3434442198198,400.0
164.81539589429414,400.0
161.03826300837343,400.0
167.4321603561655,400.0
172.74734392505493,400.0
129.05858756746113,342.85714285714283
168.50328300415973,400.0
116.57339080392866,266.6666666666667
130.78516201034432,342.85714285714283
133.3929008437824,300.0
152.1961157363051,342.85714285714283
153.01500892252716,342.85714285714283
117.94171503630419,300.0
115.740466035306,266.6666666666667
164.9591363665644,400.0
139.29467729428055,342.85714285714283
138.0774982442897,342.85714285714283
173.3700888358261,400.0
145.19193811907263,342.85714285714283
157.19929568090325,400.0
156.36717595643327,400.0
139.55758371176728,400.0
127.97680625818592,300.0
143.09250146190362,342.85714285714283
132.08592486861454,342.85714285714283
161.55354397176373,400.0
154.53443665521988,400.0
162.2902092581319,400.0
151.8406584831312,400.0
145.3825124625559,342.85714285714283
145.75925753887822,342.85714285714283
164.87999533786714,400.0
143.952824018984,342.85714285714283
124.64467955957184,300.0
160.72336768939124,400.0
145.6692148506356,342.85714285714283
166.38559856036713,400.0
159.20897535926386,400.0
144.67136953968702,342.85714285714283
162.0801144958218,400.0
164.00956751095805,400.0
158.61689045667742,400.0
167.54199534191923,400.0
136.71993660136735,300.0
144.52138365166914,342.85714285714283
156.38521433697088,400.0
134.09711462973164,342.85714285714283
129.25451237141115,300.0
129.0672020951949,300.0
144.41880780043624,342.85714285714283
153.95301479492488,400.0
170.13793878434828,400.0
179.94316306891335,400.0
125.53970883428153,300.0
148.31629901495242,342.85714285714283
138.73270556725717,342.85714285714283
137.90332084224045,342.85714285714283
132.9091322857527,342.85714285714283
168.9825645570238,400.0
162.92674794031635,400.0
171.45807905939725,400.0
142.60385187655228,342.85714285714283
154.51632381595314,400.0
155.7233328449979,400.0
139.88130659487214,342.85714285714283
145.23326104453375,342.85714285714283
126.862555372007,342.85714285714283
145.39898911403955,342.85714285714283
156.41479125860073,400.0
133.63995565851388,342.85714285714283
145.89713402349489,342.85714285714283
132.8342373005293,342.85714285714283
156.14020149034684,400.0
166.91672159473774,400.0
151.2561894727211,400.0
161.3512368948036,400.0
143.69583521033067,342.85714285714283
167.74569498688075,400.0
155.96095115010826,400.0
135.7954632178276,342.85714285714283
160.08112767971195,400.0
164.0814076483066,400.0
135.66120316458597,342.85714285714283
166.27582179286662,400.0
130.95744457824406,342.85714285714283
171.3219196514266,400.0
147.71526916565048,342.85714285714283
130.28608739298585,300.0
117.11689527906879,266.6666666666667
170.65673947842018,400.0
145.93161310180537,342.85714285714283
144.73610156237274,342.85714285714283
145.28896053742255,342.85714285714283
164.42824200686712,400.0
166.03812244131365,400.0
171.88387531114958,400.0
165.8655058213337,400.0
142.2452111373889,400.0
128.98605016242612,300.0
158.7958651430154,400.0
135.27796458193095,342.85714285714283
159.35792801945436,400.0
152.62776998008624,400.0
142.48672888148846,400.0
159.66000271689316,400.0
124.09217711391355,300.0
164.45819609298067,400.0
144.69604368635393,342.85714285714283
164.99337560893608,400.0
165.44599204552514,400.0
123.88824639989728,300.0
121.82332851103173,342.85714285714283
141.6444856340406,400.0
154.2286388235987,400.0
140.6955983726943,342.85714285714283
171.1585537398785,400.0
114.89455488204331,300.0
145.66548186740857,342.85714285714283
161.10565646227568,400.0
161.7330899825137,400.0
135.15961789107618,342.85714285714283
161.03688919390507,400.0
146.15611600623842,342.85714285714283
146.52066946294116,342.85714285714283
110.80451071867786,266.6666666666667
128.78845045130726,300.0
165.54032532835822,400.0
131.71746589007353,300.0
140.36948606923053,342.85714285714283
145.1493818179053,342.85714285714283
144.26018306617578,342.85714285714283
138.34017928536903,342.85714285714283
141.81336252905032,400.0
143.76096475558086,342.85714285714283
119.64431010282462,266.6666666666667
114.84851997907016,266.6666666666667
161.83345364592105,400.0
149.90170799255716,342.85714285714283
150.9479732588247,400.0
145.93944641685658,342.85714285714283
156.10656642676955,400.0
145.8156336193346,342.85714285714283
154.57085259292393,400.0
151.8523350144357,400.0
168.73468288052305,400.0
164.76566549283515,400.0
136.57219695281069,342.85714285714283
164.39745529495485,400.0
139.60930813361057,342.85714285714283
148.31878647037325,342.85714285714283
170.7505062123715,400.0
154.71733666545848,400.0
158.58646237187074,400.0
174.93026306201372,400.0
170.84476826925456,400.0
140.26727958017318,342.85714285714283
172.85738509831074,400.0
172.19111370588834,400.0
165.02629166346873,400.0
171.01070376662892,400.0
154.45582950582659,342.85714285714283
167.86453177223885,400.0
149.3505497547308,342.85714285714283
140.16296530028654,342.85714285714283
162.55416741302722,400.0
172.53080720442765,400.0
149.25853982577988,400.0
140.01997232831033,342.85714285714283
152.11627690229662,400.0
139.0274968517087,342.85714285714283
169.5494064355708,400.0
136.9929731649298,400.0
113.59829186104648,300.0
160.08152219671413,400.0
136.15932997536578,300.0
133.80900811035283,300.0
160.98032690080422,400.0
152.8673325109705,400.0
134.68822818568293,342.85714285714283
123.63798537853714,300.0
166.48396722766316,400.0
174.0476825066872,400.0
140.75162139354487,342.85714285714283
141.04929580071152,342.85714285714283
149.80879978885014,342.85714285714283
159.22931781019437,400.0
175.87826521927988,400.0
147.69146106425953,342.85714285714283
157.83764942495932,400.0
151.39529545523055,400.0
163.21884668426964,400.0
156.64779728831738,400.0
124.42465017564848,300.0
165.12323079663472,400.0
150.22758893029686,342.85714285714283
168.6227458124715,400.0
177.4078919095026,400.0
128.47004227831087,300.0
140.61369703629538,342.85714285714283
142.57295768274517,342.85714285714283
169.33348091323737,400.0
149.6551208419094,342.85714285714283
143.42928220341227,342.85714285714283
139.8241415744279,342.85714285714283
134.19985873293052,300.0
172.7209233118111,400.0
171.83622588495658,400.0
118.21303359162519,300.0
141.42078284159538,342.85714285714283
133.50793005267477,342.85714285714283
159.15518765920578,342.85714285714283
137.74190171851558,342.85714285714283
166.76091059617931,400.0
154.1748727181253,342.85714285714283
135.48334283624695,300.0
172.6930952528257,400.0
151.73091583400694,342.85714285714283
125.61954280092245,300.0
176.71414599050925,400.0
156.7157730477269,342.85714285714283
171.87983190902776,400.0
160.12190340547016,400.0
131.41362970049806,342.85714285714283
163.10009955262134,400.0
166.08841710306024,400.0
150.32413802051337,400.0
138.10955206614486,342.85714285714283
141.29251190118526,300.0
114.34341858792075,266.6666666666667
133.84586809628843,300.0
107.23829211736191,240.0
143.24587967791098,342.85714285714283
125.90903965581089,300.0
124.50459213381345,300.0
156.37829167172438,400.0
171.27198608782751,400.0
155.79636765516153,342.85714285714283
154.5534380426412,400.0
164.7189992329902,400.0
167.89496018758052,400.0
135.3508629756409,300.0
170.58999834987137,400.0
135.8455344302328,300.0
157.9228559107539,400.0
171.26170997531975,400.0
176.70176497370764,400.0
164.8104416943673,400.0
162.95326873662302,400.0
166.7150080954688,400.0
152.5261157963805,342.85714285714283
158.3311634880558,342.85714285714283
170.09402991625754,400.0
185.44928336555108,400.0
166.2941760478336,400.0
162.74041951398937,342.85714285714283
175.1096513463749,400.0
161.7127635082244,400.0
155.4308528499351,342.85714285714283
159.9174979511056,342.85714285714283
163.19634861415759,400.0
163.3020640712019,400.0
175.028492356097,400.0
154.5581796724483,342.85714285714283
150.46250189280883,342.85714285714283
168.42996433038613,400.0
166.73058529697087,400.0
169.80886273957742,400.0
182.8018951530179,400.0
141.1602742765103,342.85714285714283
176.32266959270058,400.0
132.78150926839442,300.0
161.9426309953311,400.0
183.4409384809485,400.0
157.4561765709405,342.85714285714283
150.81996080363214,400.0
183.19389843468898,400.0
181.436401368886,400.0
168.19025890075062,400.0
175.91956711748512,400.0
183.11556264461424,400.0
143.68583940807892,342.85714285714283
180.63377726359408,400.0
185.9840078093429,400.0
174.58610139009048,400.0
168.28697300425824,400.0
134.63760095232294,300.0
174.32375381387374,400.0
169.66866605033604,400.0
139.245448688559,300.0
169.1301813195544,400.0
148.24690175795038,342.85714285714283
150.42314415158123,342.85714285714283
155.4621322576257,342.85714285714283
164.77086479146647,400.0
147.6160938673227,342.85714285714283
149.6430289756327,342.85714285714283
182.6773172617725,400.0
153.99452806218252,342.85714285714283
164.37498433003097,400.0
140.69006490666987,342.85714285714283
161.24034990118818,400.0
167.06404942042766,400.0
156.03658380551536,342.85714285714283
131.6621649064994,342.85714285714283
184.3791467041933,400.0
174.51626548551948,400.0
158.1080372445073,342.85714285714283
155.78866283514293,400.0
156.95510344475247,342.85714285714283
171.25265839716303,400.0
180.2470819490986,400.0
164.2600784707507,400.0
176.38494146859492,400.0
177.90945000357416,400.0
185.00213487900888,400.0
178.02017804773814,400.0
153.7779997641185,342.85714285714283
175.96739780804853,400.0
183.65137487503205,400.0
181.99356408377503,400.0
160.94674563548375,342.85714285714283
158.02967984505273,342.85714285714283
114.92787181197976,266.6666666666667
131.3981268553731,300.0
155.63659603631157,342.85714285714283
126.92588660177844,300.0
150.95327516837114,342.85714285714283
161.50479030166545,400.0
163.97416091618493,342.85714285714283
169.52960048470212,400.0
180.08800170011241,400.0
160.6438793124808,342.85714285714283
177.02939806010383,400.0
181.481214046892,400.0
150.46314871796727,342.85714285714283
185.54062147162554,400.0
172.95483425410603,400.0
177.7889962860571,400.0
170.90489321365726,400.0
174.91452715639636,400.0
170.67014382814625,400.0
163.73437492235874,400.0
181.97649564074504,400.0
168.57378670429316,400.0
151.26013384609283,342.85714285714283
186.51758538896615,400.0
142.852638224051,342.85714285714283
171.35359156596505,400.0
154.81842458426055,342.85714285714283
141.52825005712458,342.85714285714283
156.63532067145547,342.85714285714283
175.96344708707946,400.0
162.06136589453402,342.85714285714283
167.6040100495276,400.0
164.5526604362252,400.0
152.50209316247938,342.85714285714283
173.68085985628545,400.0
182.48964329693743,400.0
131.90762804603847,300.0
175.48032185631544,400.0
181.3693211589672,400.0
165.0562140801112,400.0
152.98637207139126,342.85714285714283
168.3634645481441,400.0
180.49576567130893,400.0
179.36734527785916,400.0
155.9691581355714,342.85714285714283
155.89946130639404,342.85714285714283
151.77225590776888,342.85714285714283
177.8136622462621,400.0
160.97133810858918,342.85714285714283
156.96090426204182,342.85714285714283
179.87077469382038,400.0
144.71336803617044,342.85714285714283
148.03843259302815,342.85714285714283
146.13993914970033,300.0
151.81674230474093,342.85714285714283
158.52332510861183,342.85714285714283
146.41759021014767,342.85714285714283
133.56263098563386,300.0
146.60466387997434,300.0
137.16576084919154,300.0
178.65374160007255,400.0
163.08574180138726,342.85714285714283
109.11157170229542,240.0
156.07304466554197,342.85714285714283
130.41149388555743,266.6666666666667
159.32334938821973,342.85714285714283
128.53840172565504,266.6666666666667
180.98258946250704,400.0
166.92024792619236,342.85714285714283
147.12811590818777,342.85714285714283
103.91825827074018,218.1818181818182
135.43603073955367,300.0
137.29899863051617,300.0
159.8589366760228,342.85714285714283
148.985481214286,400.0
126.16569102965178,266.6666666666667
182.50109398334266,400.0
174.13952137509852,400.0
179.73872680776492,400.0
172.64860335515468,400.0
147.81994566379416,342.85714285714283
149.5269220379399,342.85714285714283
166.35920212431463,400.0
123.77458808157972,266.6666666666667
113.8898056345304,266.6666666666667
143.2476497513954,342.85714285714283
136.99390532942272,300.0
151.58892188851084,400.0
159.24415972836303,342.85714285714283
154.56306323717538,342.85714285714283
175.83027502009918,400.0
137.161850837531,342.85714285714283
129.93307529588583,300.0
131.24323942133455,266.6666666666667
192.5304060965312,400.0
163.36487689465235,400.0
183.96882457439733,400.0
135.1110809106521,300.0
169.66480168550945,400.0
133.75208551143243,300.0
156.92598096394013,342.85714285714283
186.94523330355688,400.0
158.6277956031067,400.0
185.61911806089572,400.0
138.97683682651513,300.0
177.36632428421112,400.0
177.54220667524052,400.0
161.98962456218007,342.85714285714283
182.10575570421983,400.0
159.46027803362853,342.85714285714283
147.8203170229335,342.85714285714283
183.0310879625622,400.0
138.78966617616285,342.85714285714283
141.05181789889448,342.85714285714283
142.3785532442178,342.85714285714283
163.13233876072835,342.85714285714283
159.97711402273686,342.85714285714283
127.71479623295593,266.6666666666667
186.41491562960354,400.0
188.02804408813077,400.0
159.9359828719079,342.85714285714283
172.3648708068839,400.0
162.12395789800502,342.85714285714283
148.37927762945753,300.0
165.653563572535,342.85714285714283
192.25938386764116,400.0
143.39266121628137,342.85714285714283
191.65904207842297,400.0
147.0670755581332,342.85714285714283
182.59937931102607,400.0
188.25930050096323,400.0
124.11840793630398,300.0
150.70380221668026,342.85714285714283
158.71012686396347,342.85714285714283
178.45993582829587,400.0
174.98217548429707,400.0
183.96058000235539,400.0
143.93777174614823,342.85714285714283
106.96510752149635,200.0
124.7372282795179,266.6666666666667
193.0710348216659,400.0
154.46853625800102,342.85714285714283
132.95087581365019,300.0
140.0428021230027,300.0
142.61832693981674,342.85714285714283
153.1819824824997,342.85714285714283
144.84069730819772,342.85714285714283
149.22112105306385,300.0
164.3127433646648,342.85714285714283
151.4158164495515,342.85714285714283
138.12580525999593,300.0
189.97618367151486,400.0
160.35825291715068,342.85714285714283
187.247846287396,400.0
161.92327800707986,400.0
161.47045818877058,342.85714285714283
156.6018199986823,342.85714285714283
142.3927194067394,300.0
158.3934025790583,342.85714285714283
185.20345111910356,400.0
186.27423244296256,400.0
127.03691707904028,266.6666666666667
125.72048053553863,266.6666666666667
165.5421547747592,342.85714285714283
137.0394385852919,300.0
187.81114365747194,400.0
148.84332689064655,300.0
162.53542070822922,342.85714285714283
121.55167019394955,300.0
154.56773285149762,342.85714285714283
188.83898127039933,400.0
157.1466244725247,342.85714285714283
143.1088370556515,300.0
179.97108374112884,400.0
144.345346967074,300.0
144.60166717803693,300.0
136.6221737945371,300.0
139.75894794671822,300.0
149.04431941102337,300.0
173.13974328889483,400.0
150.2459896364734,342.85714285714283
171.75011977611175,400.0
125.26526900304842,266.6666666666667
165.76934934875945,342.85714285714283
180.5745382555444,400.0
128.7455973541106,300.0
178.3702929500239,400.0
193.1429433394119,400.0
155.9674460723667,342.85714285714283
148.00413581494558,342.85714285714283
148.2514102212817,342.85714285714283
181.94259163876953,400.0
131.28690117017888,300.0
186.1737383351111,400.0
169.81375207167082,400.0
159.5718478283082,342.85714285714283
155.36082282190472,342.85714285714283
181.19792946373892,400.0
166.59054310670797,400.0
163.71842436393538,400.0
186.58362637039923,400.0
187.67096256399955,400.0
132.0596776628156,300.0
171.32553629944712,400.0
172.9015058332329,400.0
133.79347456973184,266.6666666666667
185.61007451283535,400.0
157.6416968809256,342.85714285714283
190.94576875256317,400.0
151.10577875629536,342.85714285714283
149.0543903330952,342.85714285714283
138.95196369318987,300.0
191.0303849601914,400.0
171.06150289089894,400.0
167.59790341547455,400.0
184.47662009570863,400.0
142.5900781947558,342.85714285714283
174.7120740481631,400.0
147.2218754035366,342.85714285714283
185.15893535842795,400.0
156.30416928620502,342.85714285714283
171.49416578420463,400.0
176.17051622013926,400.0
158.29217346473257,342.85714285714283
112.68396785656932,240.0
181.35809104924343,400.0
164.95304507638158,400.0
148.621064330532,342.85714285714283
152.89050201184958,342.85714285714283
142.574726220122,342.85714285714283
151.57275313597953,342.85714285714283
126.64329061540838,266.6666666666667
135.4543375336674,300.0
150.14861859684348,342.85714285714283
163.5618556668128,342.85714285714283
135.1886343696604,300.0
130.62328916050149,266.6666666666667
159.79760276079486,342.85714285714283
130.090225014548,266.6666666666667
140.8809849959244,300.0
125.23469487812568,300.0
148.92236905240497,342.85714285714283
114.11275724359113,266.6666666666667
170.64422547280907,400.0
122.86340337351677,266.6666666666667
129.83595571769982,300.0
153.46191117161177,342.85714285714283
165.92463400279456,400.0
142.52573577565073,300.0
118.82308001428761,300.0
171.03963449050767,400.0
157.2105151946523,342.85714285714283
127.67325941906132,266.6666666666667
140.9748947441406,342.85714285714283
149.1551257846372,342.85714285714283
148.8175690417377,342.85714285714283
139.78089902662649,300.0
167.73068161450414,400.0
104.04481586586279,266.6666666666667
173.80286442380756,400.0
152.02462675572693,342.85714285714283
179.79546652255166,400.0
153.56720882385943,400.0
153.7719868467632,342.85714285714283
169.35847902341126,400.0
173.82394466062212,400.0
145.17058386924015,342.85714285714283
175.0279303970342,400.0
169.78819665268009,400.0
148.15522047194918,400.0
151.63422914761665,342.85714285714283
164.48375013362133,342.85714285714283
138.68780371908127,300.0
161.01642119806758,342.85714285714283
188.31184048120858,400.0
128.65878423743374,300.0
156.13157198323498,400.0
141.05588837773266,300.0
169.76885705199837,400.0
173.06999793751234,400.0
158.91570629797712,342.85714285714283
152.30550150288045,342.85714285714283
161.69310321869057,342.85714285714283
157.5404085121799,342.85714285714283
126.32695317369462,266.6666666666667
144.53783855877248,300.0
119.61336866668057,266.6666666666667
136.5384763150958,300.0
147.93715582840207,300.0
171.9443410964403,400.0
157.39677514926478,342.85714285714283
153.5320406065839,342.85714285714283
160.9708915785796,342.85714285714283
130.00883009988746,300.0
158.33547102741406,400.0
145.19385213977438,342.85714285714283
139.1009319139055,342.85714285714283
129.00966227520962,300.0
135.38444363395257,300.0
165.14905374256244,400.0
163.62042969559198,342.85714285714283
161.16129211183167,342.85714285714283
158.22913473651568,400.0
178.65492432009705,400.0
144.54976606225745,342.85714285714283
171.52607000555454,400.0
181.73241403093388,400.0
165.0248744800884,400.0
182.73517997164558,400.0
133.8930084752906,300.0
133.45033015556044,266.6666666666667
174.10098993684292,400.0
144.49361661725894,342.85714285714283
181.96456068864947,400.0
157.62139320947412,342.85714285714283
159.37232041941317,342.85714285714283
168.49349451996198,400.0
153.34472582233565,342.85714285714283
170.19124169249585,400.0
162.20789839826125,342.85714285714283
155.99458507656732,342.85714285714283
177.10155319610638,400.0
189.1357777990698,400.0
176.9113409423663,400.0
144.7402198492755,342.85714285714283
154.6147630057362,342.85714285714283
174.48769003819737,400.0
170.68423665860817,400.0
174.4809902879658,400.0
162.82183430359035,400.0
172.50089706348868,400.0
140.64756817062488,300.0
162.70427171748517,342.85714285714283
147.3861594621303,342.85714285714283
179.5485723362726,400.0
119.39318722299664,300.0
137.92316523682382,300.0
145.6380651955064,342.85714285714283
160.69729510396277,342.85714285714283
169.65844046861255,400.0
174.25995542507542,400.0
168.0800780086822,400.0
146.36190382802292,300.0
144.47301729402216,342.85714285714283
165.7271683837533,342.85714285714283
177.59034427191872,400.0
179.15237928651695,400.0
152.94236221779713,342.85714285714283
156.89638070554483,342.85714285714283
173.6534113996211,400.0
175.367862158308,400.0
185.9668914949423,400.0
121.94707768668633,266.6666666666667
141.19410056473117,342.85714285714283
160.66096398245205,342.85714285714283
167.61905773039496,400.0
181.12019107260366,400.0
132.37963792195768,300.0
160.47187090410463,342.85714285714283
153.95868261010796,342.85714285714283
150.8896405835883,342.85714285714283
190.29770692703832,400.0
153.1566872366282,342.85714285714283
158.18328002465458,342.85714285714283
175.94171998100046,400.0
180.41832211327053,400.0
136.9668414965437,300.0
173.97059897120621,400.0
179.02045964461192,400.0
157.18282738983814,400.0
164.07134879492176,400.0
162.62437178845144,342.85714285714283
185.645088839843,400.0
184.2057190711876,400.0
182.2260772771856,400.0
165.8524361649466,342.85714285714283
177.0441211518157,400.0
160.44646547176833,342.85714285714283
170.56796288301567,400.0
180.79625148712697,400.0
179.02864850947674,400.0
188.45704541730564,400.0
163.47928582981547,400.0
153.6833709371405,342.85714285714283
182.3954380531368,400.0
150.92321601456,342.85714285714283
165.83310601507978,400.0
147.58398829517031,342.85714285714283
135.91637841084616,342.85714285714283
165.40879059684684,400.0
175.77836931594683,400.0
169.48912499365306,400.0
164.58143520918168,400.0
191.5286244610007,400.0
182.05405443532132,400.0
155.78237856300413,400.0
164.2307718875283,400.0
154.11856693006814,400.0
176.51900886755064,400.0
176.2775062965553,400.0
184.63878908872627,400.0
169.78836779229172,400.0
177.635256743638,400.0
155.08276235453263,342.85714285714283
186.14830502013248,400.0
151.78122839222766,342.85714285714283
138.86609042816232,342.85714285714283
179.59611709757186,400.0
150.93809357475484,342.85714285714283
162.87927183861103,400.0
156.30050620253132,342.85714285714283
181.6174753262152,400.0
172.77125808285294,400.0
139.82862417134265,342.85714285714283
164.5097125951619,400.0
179.3535754063454,400.0
175.78552348792093,400.0
129.57177264293176,300.0
182.72324586336777,400.0
141.7493035877321,342.85714285714283
156.9195309114416,342.85714285714283
149.39772745696183,342.85714285714283
188.53732859007837,400.0
175.5945053684067,400.0
181.43214841845443,400.0
151.71459250384245,342.85714285714283
152.9338650709341,342.85714285714283
173.44503813107372,400.0
154.80405761348447,342.85714285714283
154.15824532238085,400.0
154.88129924549338,342.85714285714283
159.2828941269374,342.85714285714283
152.2561475622015,400.0
152.05302255572462,400.0
182.05013426363294,400.0
163.9451040764398,400.0
187.21395143840925,400.0
163.76340808999157,342.85714285714283
185.63837437480564,400.0
155.41767272042802,400.0
135.44955813183557,300.0
164.1189412372552,342.85714285714283
168.07863778932327,400.0
169.8884443533634,400.0
184.26054352286442,400.0
163.87924431753362,342.85714285714283
184.17386452860254,400.0
162.6856602307174,400.0
169.34039958042132,400.0
180.72886253794914,400.0
168.85651936675072,400.0
190.31332441062636,400.0
151.9718638711556,342.85714285714283
148.34309245141685,342.85714285714283
184.1490715614259,400.0
156.8404557151043,342.85714285714283
129.40989011951535,266.6666666666667
137.20883160438814,300.0
136.839676876133,300.0
182.36564484269866,400.0
137.235979653561,300.0
161.78071864287517,400.0
181.37117693519497,400.0
157.64785082096418,342.85714285714283
182.49969550345645,400.0
194.22349350546642,400.0
168.58658049340917,400.0
157.53144135035967,342.85714285714283
155.78721226784793,342.85714285714283
158.5204217597248,342.85714285714283
169.517079059096,400.0
183.91269413354334,400.0
171.68651126303806,400.0
176.72758239719278,400.0
140.1736457787961,342.85714285714283
160.91818807097823,342.85714285714283
146.26918956545822,342.85714285714283
162.85566428659584,342.85714285714283
152.58427296805135,342.85714285714283
134.69105024425306,300.0
181.14506984277065,400.0
179.43720055430117,400.0
156.94578632610006,342.85714285714283
164.63581921236633,400.0
184.63386208105837,400.0
178.27174451618717,400.0
165.32865983705145,342.85714285714283
151.2027212253054,342.85714285714283
152.65387963608677,342.85714285714283
167.1500194291158,400.0
171.70622228374145,400.0
159.08126614804692,342.85714285714283
145.53450187739983,342.85714285714283
173.92687534682534,400.0
155.35946035521533,400.0
169.6936076872738,400.0
141.91012231500764,300.0
152.96662268691074,342.85714285714283
170.86021632212928,400.0
172.0478182502204,400.0
171.32687298569104,400.0
172.3765057244517,400.0
152.78493835511603,342.85714285714283
155.1721426194505,342.85714285714283
140.72509555815932,300.0
156.60203337093324,342.85714285714283
175.9374818007617,400.0
183.85738509999547,400.0
141.7298770440886,300.0
129.25289963480333,342.85714285714283
151.15674199740423,342.85714285714283
108.89321398634539,218.1818181818182
144.32478393317356,342.85714285714283
122.84981301032492,266.6666666666667
152.8570508256425,342.85714285714283
137.95399321462565,342.85714285714283
121.54937579118658,300.0
112.85866769028549,240.0
170.49240940764682,400.0
152.2027052484578,342.85714285714283
165.6997774742718,342.85714285714283
171.39185539476125,400.0
148.9645448237977,342.85714285714283
159.3889425063814,342.85714285714283
171.05589281361506,400.0
191.61684765318807,400.0
158.26898766649143,342.85714285714283
180.16898361319826,400.0
167.29601295519703,400.0
181.98328415831966,400.0
154.1464404019296,342.85714285714283
176.75947257022418,400.0
163.26180374279355,342.85714285714283
179.52973604636574,400.0
156.92533624511222,342.85714285714283
150.2997163349946,342.85714285714283
189.5480942967013,400.0
179.0177583156091,400.0
182.2246017028597,400.0
154.1851438136917,342.85714285714283
138.27300291651332,300.0
175.31932073110696,400.0
122.6697503199588,266.6666666666667
153.9353994054263,342.85714285714283
161.19423806018727,342.85714285714283
143.6022863454645,300.0
152.8294254478147,342.85714285714283
163.94515136718869,400.0
134.60036590589723,342.85714285714283
185.48870928596156,400.0
150.33934876773756,342.85714285714283
147.1652917105829,300.0
167.73245560793865,342.85714285714283
186.88643049630227,400.0
142.06242947013254,300.0
158.58037292168027,342.85714285714283
189.11224567662808,400.0
152.67425768003292,342.85714285714283
135.5196799948642,300.0
175.98837394648834,400.0
170.95620230051895,400.0
138.73343045351973,342.85714285714283
151.97877966284082,342.85714285714283
154.53690211207316,342.85714285714283
182.2797760979712,400.0
157.5402305760576,342.85714285714283
187.1593368997977,400.0
146.10983055507023,300.0
165.03584112983114,342.85714285714283
159.06379379105013,342.85714285714283
154.39533360112233,342.85714285714283
190.38435781915715,400.0
140.10788115895906,300.0
190.53753610606398,400.0
183.440005823677,400.0
123.14182606553544,266.6666666666667
146.43230166888657,300.0
192.13234349173948,400.0
140.55737762701727,300.0
165.67325262008117,342.85714285714283
158.2217162685631,342.85714285714283
157.4502314185273,342.85714285714283
173.32629520109023,400.0
126.04882454771308,266.6666666666667
158.0624405792266,342.85714285714283
110.80805857365472,240.0
180.98812286679404,400.0
111.27196465022116,266.6666666666667
160.40969135800916,342.85714285714283
189.02162393697043,400.0
134.7809867347546,300.0
145.49484198509535,342.85714285714283
159.92543731552502,342.85714285714283
158.4433535910835,342.85714285714283
131.22369536002438,300.0
122.44362634513396,266.6666666666667
193.46997717716764,400.0
139.12862981612642,300.0
131.92062110021104,300.0
139.37262895061596,300.0
184.80784734334406,400.0
128.06180125261324,266.6666666666667
145.0994215801639,300.0
189.976800567316,400.0
138.85444230192076,300.0
186.62480520292488,400.0
130.9207819327783,300.0
188.73077660953857,400.0
117.61281169321447,240.0
184.6310664987625,400.0
159.01011300403476,342.85714285714283
124.07091449946746,266.6666666666667
171.90607643077442,400.0
145.0446246327227,342.85714285714283
131.13030197655695,266.6666666666667
128.0684277291824,266.6666666666667
159.68281564298118,342.85714285714283
173.25395702769552,400.0
115.95903968525447,240.0
125.18953075917923,266.6666666666667
175.36210231732798,400.0
136.8183640979028,342.85714285714283
156.85953778919725,342.85714285714283
124.53884843141493,266.6666666666667
136.11616123742854,300.0
134.64524421342995,342.85714285714283
137.64557339138486,300.0
130.51359449119366,300.0
137.60267303119412,300.0
108.38953138035342,240.0
160.68332600803447,342.85714285714283
127.69717836393656,300.0
137.765973642157,342.85714285714283
173.7496498757935,400.0
153.35459563310533,342.85714285714283
133.77265843590192,300.0
168.19552511093207,400.0
142.80274466841678,300.0
92.55934667282463,200.0
169.30811556611854,400.0
157.6319016110765,342.85714285714283
150.95866111243362,342.85714285714283
165.34909523219736,400.0
142.7344159862425,342.85714285714283
149.8910916045534,342.85714285714283
174.28967690747893,400.0
173.46597336213907,400.0
103.6390383317191,218.1818181818182
118.09186604294945,266.6666666666667
153.0485592189722,400.0
106.89389841927581,218.1818181818182
156.77208194951558,342.85714285714283
134.7650798138853,300.0
136.6049876565152,300.0
141.17068236052341,342.85714285714283
146.02491846639558,342.85714285714283
146.3971531033466,342.85714285714283
122.13357660399743,266.6666666666667
117.79253069848167,266.6666666666667
122.92503993115432,266.6666666666667
148.8024121009603,342.85714285714283
130.08186668054606,266.6666666666667
107.56643470406547,218.1818181818182
148.043297489693,342.85714285714283
111.98013579188243,240.0
119.53959336306555,240.0
155.29477192975907,342.85714285714283
118.19056408503722,266.6666666666667
136.4192309826736,342.85714285714283
143.61052428555644,300.0
137.9526908493469,300.0
150.92504228212633,342.85714285714283
135.89201914812946,300.0
130.95704200618997,300.0
163.16924699566817,342.85714285714283
189.26742811113493,400.0
122.361219030216,266.6666666666667
142.54685209296417,300.0
183.159688037542,400.0
142.93272688274385,300.0
154.98502615308107,342.85714285714283
177.25595002578856,400.0
156.77406941004276,342.85714285714283
147.8046601859849,342.85714285714283
145.84281367277816,342.85714285714283
152.0469361836493,342.85714285714283
162.33657001408446,342.85714285714283
157.72780069100628,342.85714285714283
172.88685300782697,400.0
127.28179129088704,266.6666666666667
135.24689479121366,300.0
142.63232704202488,342.85714285714283
150.67726125048213,342.85714285714283
138.78416738255106,300.0
136.29013822293217,300.0
123.68496487226852,300.0
157.7404967132842,400.0
165.2476727444509,342.85714285714283
178.4779086434062,400.0
118.59275784288792,300.0
160.03407902286395,342.85714285714283
127.81903503419895,300.0
151.66299893458367,342.85714285714283
170.74822926836916,400.0
157.40967301397163,342.85714285714283
179.65071404746598,400.0
153.57277430579867,342.85714285714283
141.53000835008106,300.0
113.60172004998958,266.6666666666667
161.3767702715547,400.0
154.52116662776962,342.85714285714283
162.79966395219162,342.85714285714283
156.54819817800643,342.85714285714283
160.57402947204,342.85714285714283
162.6702217388974,342.85714285714283
155.14986755338865,342.85714285714283
172.77930173443596,400.0
185.13907570008055,400.0
186.1072758635461,400.0
158.3336232544124,342.85714285714283
147.2556656899641,342.85714285714283
194.0982225199425,400.0
151.30402709645662,342.85714285714283
182.24966700168332,400.0
147.80677041943693,300.0
166.5038824136823,400.0
181.33346744012547,400.0
159.6209922349314,342.85714285714283
159.31906932305054,342.85714285714283
173.30167904874008,400.0
189.08970552271782,400.0
175.59843661388928,400.0
153.25023101703033,342.85714285714283
134.3771545951829,300.0
157.59829601937935,342.85714285714283
179.5642445569044,400.0
175.3114041976062,400.0
183.66874224792696,400.0
138.8825064788072,342.85714285714283
174.03882750587468,400.0
168.32236236789493,400.0
142.31699626390835,342.85714285714283
167.77678294786014,400.0
171.0931985955789,400.0
173.24992377561787,400.0
160.64366553121198,342.85714285714283
169.2518597464135,400.0
170.36797328256856,400.0
138.36328837718497,300.0
181.36286533965256,400.0
177.81851599327754,400.0
163.54447657742304,342.85714285714283
148.31268658373276,342.85714285714283
153.34434739333673,342.85714285714283
153.15691196045412,342.85714285714283
132.47904429656163,300.0
177.2801934187609,400.0
126.41402967709203,300.0
174.89199248866123,400.0
153.93820793902705,342.85714285714283
156.45474240004702,342.85714285714283
156.67751843212474,342.85714285714283
152.25830335335667,342.85714285714283
132.87555650705644,300.0
138.37695967526435,342.85714285714283
144.7071242429629,342.85714285714283
154.77959636069735,400.0
142.31390060485222,342.85714285714283
161.72212747280756,400.0
153.49468560736045,342.85714285714283
162.47339665275302,400.0
166.24968333484483,400.0
129.58601197110335,300.0
174.62988161814192,400.0
138.0139098779402,300.0
142.6469234515292,342.85714285714283
125.13011514593916,300.0
148.06733607587907,342.85714285714283
152.32482578910592,342.85714285714283
179.74785705526514,400.0
150.43447372838074,342.85714285714283
165.09723974390585,400.0
158.72741281532794,400.0
183.83712840216114,400.0
153.9696460322785,342.85714285714283
181.65771128775813,400.0
126.05024283519631,300.0
180.72143633537175,400.0
177.8317108963546,400.0
187.17986622984452,400.0
186.36589484385604,400.0
176.4257324355077,400.0
163.60542493214567,400.0
185.55469804305812,400.0
185.49731652021669,400.0
184.0222296806697,400.0
163.14736433051544,400.0
147.6393346350174,342.85714285714283
184.54499908818465,400.0
181.1295264013124,400.0
180.71627565265564,400.0
171.23576320742674,400.0
160.32986322107675,342.85714285714283
156.31087753902918,342.85714285714283
189.30867071415295,400.0
160.53387983133595,342.85714285714283
154.23142815657053,342.85714285714283
181.1816583878999,400.0
142.7262713975113,342.85714285714283
190.68094426680875,400.0
147.8714052259464,342.85714285714283
149.40488515195008,342.85714285714283
192.55328780910955,400.0
171.26989279288125,400.0
180.6020754580252,400.0
157.14095204448685,342.85714285714283
159.58118774104247,342.85714285714283
182.05511334546108,400.0
171.47209419633054,400.0
186.40613954129057,400.0
179.02369843916873,400.0
179.66068458962104,400.0
172.86424996572586,400.0
192.7722501451635,400.0
154.21374943040283,342.85714285714283
163.35313991739946,342.85714285714283
171.40023406545947,400.0
181.2788425425381,400.0
155.41301075964097,342.85714285714283
167.5783991049307,400.0
141.87582285049803,342.85714285714283
156.32841616891213,342.85714285714283
172.6222443171375,400.0
178.16532043142217,400.0
166.1027391234521,400.0
171.3857531934731,400.0
139.6910551699859,300.0
133.6288426494737,300.0
140.38150270882824,342.85714285714283
170.4706318424774,400.0
149.20734109308114,342.85714285714283
165.30267389966374,400.0
177.8217412455191,400.0
123.89219408532264,266.6666666666667
139.87233108340308,300.0
125.01073154082688,266.6666666666667
160.94884935339996,342.85714285714283
186.80707590393033,400.0
153.19997880367427,342.85714285714283
134.91865220287607,300.0
169.81224466754657,400.0
159.57195536289467,342.85714285714283
106.95339272196101,218.1818181818182
151.36748359323016,342.85714285714283
127.83270798846164,266.6666666666667
113.42104981630071,240.0
114.61999058789317,240.0
101.64123055144164,200.0
143.52518856904575,342.85714285714283
175.54824553357938,400.0
175.7985049499522,400.0
183.78438372940082,400.0
157.18038501569987,342.85714285714283
106.11655170358081,240.0
153.88523825158663,342.85714285714283
175.85622159127175,400.0
155.03644416263631,342.85714285714283
126.31920298803574,266.6666666666667
127.52095136272598,266.6666666666667
159.88196456965002,342.85714285714283
127.93548079027013,300.0
139.25469556526505,300.0
151.1740449862238,342.85714285714283
166.86189708160728,400.0
114.21232344153219,266.6666666666667
163.5904085824145,342.85714285714283
138.5665315314278,300.0
163.67908581108938,342.85714285714283
155.41799826540233,342.85714285714283
142.0514820314751,300.0
142.0461841781202,342.85714285714283
155.68081664295877,342.85714285714283
171.8042300287582,400.0
164.0515749315839,342.85714285714283
116.2967372286102,266.6666666666667
112.96488100240455,240.0
129.98931917725852,300.0
138.967768696962,300.0
157.7849782489589,342.85714285714283
134.42496763898555,300.0
160.32611509147154,342.85714285714283
133.3442862629622,300.0
133.71943644461172,300.0
157.4802718311386,342.85714285714283
156.8289539883571,342.85714285714283
182.9330904983119,400.0
183.5218969045744,400.0
165.14661937221297,400.0
124.26338511725983,266.6666666666667
182.44253011105022,400.0
181.17941207021613,400.0
157.34189883609994,342.85714285714283
137.39475271024722,300.0
155.59283738345712,342.85714285714283
183.1134612529835,400.0
134.98939098017217,300.0
156.2558544661768,342.85714285714283
160.31113720498004,342.85714285714283
171.10113243602132,400.0
178.37591240010988,400.0
160.3870635045055,342.85714285714283
161.475338919781,342.85714285714283
142.06384820025866,342.85714285714283
180.3179967663073,400.0
115.84787670462083,266.6666666666667
132.32682956363607,300.0
137.64935653263785,300.0
146.78546748249488,342.85714285714283
126.97928247294087,342.85714285714283
185.2343583024116,400.0
171.20436054666064,400.0
183.27776270534196,400.0
180.73272894241885,400.0
157.6015105908265,342.85714285714283
141.44148508742975,342.85714285714283
173.5145455012474,400.0
148.69467108069475,342.85714285714283
158.18746877784818,342.85714285714283
185.0295395277041,400.0
134.16968860157758,300.0
133.38659690866402,300.0
127.29245404586999,266.6666666666667
188.83417024131373,400.0
167.98482306741195,400.0
168.54649630821697,400.0
144.77505644430684,342.85714285714283
125.59005457588475,300.0
121.98228143452219,266.6666666666667
174.32745314844564,400.0
171.24345380369473,400.0
127.6310185315877,300.0
147.7345447957655,342.85714285714283
126.11803331214863,300.0
181.46690901116344,400.0
152.85262195164998,400.0
166.794759110258,400.0
172.23295023873888,400.0
173.58815967741893,400.0
172.9577081928013,400.0
175.22041561899542,400.0
178.85588177377417,400.0
172.95753047864127,400.0
174.37585043078786,400.0
138.5371962533223,342.85714285714283
179.7960047373571,400.0
179.91427164621732,400.0
173.37735534951693,400.0
178.47703536246027,400.0
143.7407952309209,342.85714285714283
170.49743246214123,400.0
177.75708204859038,400.0
181.05299049016443,400.0
171.0224448611932,400.0
168.66049951037436,400.0
172.49998579856822,400.0
142.3575222233987,342.85714285714283
163.96706963179201,400.0
185.12705132890514,400.0
172.4271200428843,400.0
173.60645447773302,400.0
160.15417984683805,400.0
183.50525361368761,400.0
183.86576191018443,400.0
169.5311546464503,400.0
174.20777721708762,400.0
187.8109951139762,400.0
178.4336796137177,400.0
176.40499534121474,400.0
180.802393222394,400.0
177.38916029117277,400.0
178.30971765146379,400.0
177.10905788823948,400.0
180.82693017368572,400.0
190.3922643641919,400.0
161.54972905061803,400.0
181.31441319366544,400.0
162.83649311143486,342.85714285714283
169.41662029298956,400.0
143.6370763359075,300.0
167.30215911519642,400.0
133.21789552861205,342.85714285714283
192.1294930876634,400.0
188.1872376827712,400.0
159.69825281538093,342.85714285714283
192.2908534599685,400.0
166.34723004396818,342.85714285714283
159.5634599484927,342.85714285714283
175.411256542531,400.0
156.92635676544504,342.85714285714283
161.3842827898234,342.85714285714283
191.25571050241763,400.0
176.78849657467717,400.0
149.79287226958675,342.85714285714283
143.10821087303233,300.0
161.6608701937234,400.0
148.12601823543068,342.85714285714283
162.13500637616343,342.85714285714283
182.86990140415682,400.0
148.20269105613852,342.85714285714283
106.48278002794386,240.0
131.51807146810734,266.6666666666667
128.5239303391702,266.6666666666667
135.12055144148923,300.0
177.77840350548945,400.0
139.23563636402804,342.85714285714283
143.61345719562,300.0
159.25098627836724,342.85714285714283
181.67636466261874,400.0
172.60645798286723,400.0
123.54450645080695,266.6666666666667
126.46191069511059,266.6666666666667
137.01965800890767,300.0
127.81416688304446,266.6666666666667
161.93378119870334,342.85714285714283
146.05280576526536,300.0
124.78525078484518,300.0
128.36294766515047,300.0
164.5845635478303,342.85714285714283
158.852728038972,342.85714285714283
113.6869085850091,240.0
144.5095568819774,300.0
132.3259405926766,300.0
137.7604328829641,300.0
158.88716984414594,342.85714285714283
153.9086692566684,400.0
145.34022006617485,342.85714285714283
117.42935093193516,240.0
108.51941670946746,240.0
143.42850119628454,300.0
123.9641243563947,300.0
110.87585620990771,218.1818181818182
171.60548502074417,400.0
140.29624850981918,300.0
159.10346666495323,342.85714285714283
138.48034284274706,300.0
159.68691733734065,342.85714285714283
162.6444692256654,342.85714285714283
146.97019575925907,300.0
146.53901053926845,342.85714285714283
168.4031765739127,400.0
179.06213677216343,400.0
146.33648473546026,300.0
162.75792507104487,400.0
143.21599380211202,342.85714285714283
171.50253242762435,400.0
113.40911221785132,240.0
167.8074901666063,400.0
133.5660404118382,300.0
137.11904329041315,266.6666666666667
125.30858698625691,266.6666666666667
120.77775974804024,240.0
140.82844078616662,300.0
142.1800059454757,342.85714285714283
161.7067594850058,342.85714285714283
124.59388766476049,300.0
130.77965370817614,266.6666666666667
143.61626270940968,300.0
130.85965362022097,300.0
120.26004830329032,240.0
116.52133462002743,240.0
126.92505501682598,266.6666666666667
143.71107281120584,342.85714285714283
158.69739903416004,342.85714285714283
113.99532868185243,240.0
118.01350990551578,240.0
133.96008166250897,300.0
119.79285114206492,300.0
124.478258129126,266.6666666666667
146.15879356367455,342.85714285714283
173.96101123289668,400.0
127.11144583753304,266.6666666666667
130.25529498854854,266.6666666666667
125.06176981474202,266.6666666666667
120.93017890462033,266.6666666666667
127.25128703381597,300.0
104.15390004102882,218.1818181818182
138.24333206499185,300.0
177.1724560664353,400.0
122.16815405047004,266.6666666666667
122.79547767555977,266.6666666666667
144.01878383609568,300.0
150.41083615727916,342.85714285714283
110.93901037612103,266.6666666666667
122.73805909533945,266.6666666666667
145.84299302395107,300.0
146.36481447436964,342.85714285714283
122.92887852306262,240.0
162.86526548502565,342.85714285714283
163.38899109546415,342.85714285714283
172.97828640233652,400.0
176.95205301221176,400.0
149.9883724847683,342.85714285714283
141.56562768326853,300.0
141.13350731046205,300.0
174.04836332023112,400.0
154.9054524670748,342.85714285714283
180.5430910543191,400.0
154.4454040962186,342.85714285714283
169.34506061073958,400.0
181.575825869715,400.0
161.41989700790148,342.85714285714283
183.98849370116793,400.0
149.08848881877,400.0
158.9242187775515,342.85714285714283
179.3546689895278,400.0
156.55624794041492,400.0
127.97223404983458,300.0
155.0721260048879,342.85714285714283
135.45177352312402,300.0
158.01593485275816,342.85714285714283
142.36412611640046,342.85714285714283
162.07236618868757,400.0
132.10949095722535,300.0
123.075366991897,266.6666666666667
144.89178860856066,300.0
179.54722613655667,400.0
124.3243133630813,266.6666666666667
139.6944472503041,300.0
147.2078635329025,342.85714285714283
107.82028918258975,240.0
158.2058717944402,400.0
127.59340963455452,300.0
158.53360186540746,342.85714285714283
135.11587933287308,342.85714285714283
172.53956664982806,400.0
146.98760828827065,342.85714285714283
124.06500515803435,266.6666666666667
127.9363426706093,300.0
179.27209183187753,400.0
140.32495080445864,300.0
159.40523274203997,400.0
120.20202473668104,266.6666666666667
121.55154816529014,266.6666666666667
140.52034514948542,300.0
137.50168683272474,300.0
113.20292529229182,240.0
137.44296625005074,300.0
139.10622011106847,300.0
135.13900272197776,300.0
139.50704472168846,342.85714285714283
126.55349877971192,266.6666666666667
139.2662454057416,342.85714285714283
158.8550517499513,342.85714285714283
121.79923668658499,266.6666666666667
128.99798574291043,300.0
186.80070954354827,400.0
135.52440657656916,300.0
170.96526421555356,400.0
182.5474557817031,400.0
119.70302024017721,240.0
141.26413741509623,300.0
140.85835661619717,300.0
173.0418126713307,400.0
142.4143660002606,300.0
146.66858918458743,342.85714285714283
164.48438787279576,400.0
168.73288960731838,400.0
148.30484087542376,342.85714285714283
132.2180543577071,342.85714285714283
139.88081371125406,300.0
173.96605626909272,400.0
175.70231754829732,400.0
151.36115182579167,342.85714285714283
162.0515382614073,342.85714285714283
155.82330092224097,342.85714285714283
151.70505157340588,342.85714285714283
140.77415458998192,342.85714285714283
157.04314229271765,342.85714285714283
130.43412769406098,300.0
119.9766710607697,266.6666666666667
126.01366788667292,266.6666666666667
152.1789576312951,342.85714285714283
128.72447438706536,300.0
152.08545579726484,342.85714285714283
141.3340153706757,342.85714285714283
180.2713973274375,400.0
144.7869908745159,342.85714285714283
148.09265449870796,342.85714285714283
154.62854080083025,342.85714285714283
161.5100414459097,400.0
168.96377684016878,400.0
161.13640028438002,400.0
167.3125231941522,400.0
145.9226949423358,342.85714285714283
138.832601330825,342.85714285714283
97.39367132801772,218.1818181818182
150.18883910676192,342.85714285714283
129.86360436157764,300.0
116.17117025734508,266.6666666666667
170.14346696672757,400.0
151.1342041319505,342.85714285714283
138.5865664170993,342.85714285714283
141.2005680569833,342.85714285714283
129.88477212290172,342.85714285714283
164.23075448211688,400.0
134.91638133065047,342.85714285714283
112.11400521485103,266.6666666666667
123.67111411386584,266.6666666666667
119.65335044636878,266.6666666666667
140.70882657846695,300.0
143.85967971567302,342.85714285714283
101.00215511839419,218.1818181818182
127.15528661319098,266.6666666666667
99.32099046838434,240.0
143.4118072317472,342.85714285714283
121.37760754467834,266.6666666666667
123.74010730447121,300.0
136.05419915997695,342.85714285714283
123.08501094787273,266.6666666666667
138.56391641330154,342.85714285714283
154.35832039448272,400.0
129.2621438366753,300.0
144.3351978344745,342.85714285714283
156.40448695259323,342.85714285714283
177.29513589752813,400.0
151.95622992741596,400.0
131.03013111772964,300.0
118.6959034519642,240.0
135.71902394645085,342.85714285714283
152.5805785544658,400.0
157.91748597676585,400.0
138.15387425350923,342.85714285714283
141.9004718232915,342.85714285714283
150.59820512138612,342.85714285714283
163.69742453886107,400.0
141.38119994332342,342.85714285714283
148.38727899644755,342.85714285714283
136.3570386619942,342.85714285714283
140.164336071723,342.85714285714283
162.57626068017538,400.0
157.24578529074884,400.0
178.0681358107513,400.0
144.6338650454151,400.0
170.04128167698937,400.0
157.68336081981337,400.0
111.07255612318295,266.6666666666667
152.87239908034283,342.85714285714283
159.9377825863357,342.85714285714283
168.6286485005509,400.0
165.06925522915665,400.0
168.80690543186637,400.0
147.9674650234015,342.85714285714283
156.0601807556411,342.85714285714283
172.88256106162683,400.0
156.46611542873947,342.85714285714283
148.81226444355482,342.85714285714283
159.4193028143925,400.0
159.58360611708827,400.0
156.39445617108686,342.85714285714283
184.27851214114432,400.0
111.44483127407193,266.6666666666667
147.75684435488353,342.85714285714283
162.92152654001583,400.0
154.3785941014843,400.0
136.5302598990899,342.85714285714283
170.34760208822286,400.0
159.70267861448977,400.0
