ep_returns,ep_lens
12.042871096180145,400.0
7.7559585637975,423.52941176470586
16.958376214214663,553.8461538461538
21.12253401815528,600.0
18.83073954919156,423.52941176470586
18.450820400853075,327.27272727272725
14.25698145318999,327.27272727272725
18.305799809557723,327.27272727272725
16.381285283415444,225.0
18.464719432578118,205.71428571428572
20.312158244131208,232.25806451612902
21.59368699108909,240.0
24.0929272635055,248.27586206896552
23.104920935828684,248.27586206896552
22.228215875915414,218.1818181818182
22.625038024627955,240.0
26.8509418493686,248.27586206896552
39.31837884677568,300.0
33.34951273048604,276.9230769230769
35.40109658847692,276.9230769230769
38.3234856549788,288.0
43.81502372043955,300.0
43.30434655178094,288.0
45.678130907224734,300.0
47.60430128768018,300.0
43.34443700405632,300.0
47.772719018117996,288.0
46.64066981751447,288.0
41.047046190055205,276.9230769230769
48.58412726503031,288.0
60.68086804178936,300.0
53.568736867502174,300.0
45.81277056687482,288.0
44.84226424759794,288.0
43.750724373092275,300.0
51.03585141270414,288.0
47.04794618635574,300.0
58.70028930241646,300.0
46.51685743412255,300.0
50.693161229309084,288.0
58.329189711364926,300.0
49.603115224502524,288.0
53.8910210402348,288.0
46.585694447208326,288.0
58.0124407430242,300.0
63.227186844912865,300.0
58.608172806923754,300.0
52.52390745920021,266.6666666666667
51.75343542823619,288.0
47.63396691982251,300.0
54.7615871839595,300.0
53.616342846440475,266.6666666666667
58.687226447654545,300.0
60.81229395149816,300.0
47.76075170389878,288.0
48.14392164580321,288.0
55.96792299951435,300.0
56.0673730106649,300.0
55.687488953603456,300.0
61.86807835015545,300.0
51.06770410547605,300.0
50.57221199212265,300.0
43.93576789271568,300.0
44.3687529871057,300.0
51.81037723761518,300.0
49.32287233320667,300.0
61.79023915660762,313.04347826086956
53.37482973714612,300.0
57.5261519454923,300.0
58.39888993480392,300.0
54.47544620922044,288.0
54.34137372557446,300.0
57.74897495782517,300.0
53.63887348036565,300.0
51.51108594680795,300.0
55.71500202928966,313.04347826086956
68.4882462519984,300.0
64.83771475526746,313.04347826086956
55.03969738547587,313.04347826086956
61.3380904508512,313.04347826086956
63.12539836546007,313.04347826086956
62.0022662783327,313.04347826086956
59.05776238884992,313.04347826086956
57.65041056219111,327.27272727272725
69.91742691593383,342.85714285714283
73.88908822076918,327.27272727272725
63.96434384038721,313.04347826086956
61.891319753703456,342.85714285714283
68.66176632573229,342.85714285714283
56.041327693589466,313.04347826086956
63.08775639364835,313.04347826086956
55.56241632514035,313.04347826086956
63.30001008217655,313.04347826086956
73.13436962696696,342.85714285714283
68.50372747535624,327.27272727272725
62.9234976960146,313.04347826086956
68.58987657156021,327.27272727272725
72.28704097693515,342.85714285714283
67.96584923720542,327.27272727272725
59.42702549548587,327.27272727272725
69.41275586068132,313.04347826086956
73.5814959279493,360.0
57.91913236901249,327.27272727272725
62.95979846056355,300.0
55.22154663852064,288.0
60.501465368433344,288.0
53.52926246480365,288.0
58.263174756764464,300.0
62.7501701706466,360.0
65.92453092745227,327.27272727272725
59.582065620316996,300.0
64.7017954601272,327.27272727272725
73.1032957640792,313.04347826086956
59.852989098235206,288.0
58.59554562547721,327.27272727272725
67.11391091114689,327.27272727272725
65.92818593669215,300.0
60.57950580661666,300.0
70.26724574733028,300.0
63.72671209796336,327.27272727272725
58.52895162886249,313.04347826086956
75.23040032499752,327.27272727272725
76.93355294062067,360.0
62.10910601607766,327.27272727272725
64.49688146620251,300.0
73.57205964066367,378.94736842105266
84.2153685302083,360.0
91.99809463357462,400.0
66.70116390312232,360.0
81.86909352006094,360.0
79.07451011559941,378.94736842105266
76.43073902865552,342.85714285714283
76.25926775087892,423.52941176470586
81.6440670552099,360.0
75.32294431606897,360.0
94.99386297313247,450.0
83.13112352125158,400.0
82.34416853794394,378.94736842105266
70.56834169771305,300.0
76.92417203980025,327.27272727272725
78.61780341456127,360.0
67.8074290876567,342.85714285714283
72.46234240919475,360.0
85.58541308531574,450.0
83.53830481223379,360.0
85.97160440041237,400.0
83.5400383991187,378.94736842105266
68.31713792729573,342.85714285714283
66.91414011276005,342.85714285714283
89.08060194533167,400.0
99.9924951795689,514.2857142857143
77.88829159050609,360.0
71.66305312925832,378.94736842105266
75.77801467936591,400.0
55.985648946543876,327.27272727272725
74.53497314964314,360.0
67.69734660207205,360.0
69.29657212572295,342.85714285714283
82.7329438103605,400.0
92.47655205483755,423.52941176470586
92.57347912417862,400.0
81.63414947217763,400.0
79.67487346176296,400.0
65.72845020614298,360.0
84.95910251527181,378.94736842105266
91.58775369142782,450.0
73.91403396795585,423.52941176470586
103.7490986014149,514.2857142857143
93.57433576000292,450.0
111.6676104699075,514.2857142857143
119.3479034824796,514.2857142857143
101.10527176968904,480.0
104.88911182173399,514.2857142857143
93.52200916452819,514.2857142857143
87.03588871715075,480.0
107.74931413504527,553.8461538461538
103.04360152925051,553.8461538461538
111.86122588930237,600.0
85.1088200100343,480.0
69.58477672662745,423.52941176470586
95.85608069918558,514.2857142857143
64.35099369996878,378.94736842105266
103.79055063851804,480.0
83.85631891929214,450.0
132.5865180173141,553.8461538461538
77.37021748242037,423.52941176470586
132.3971033233739,553.8461538461538
150.22216892594767,600.0
123.5692145218567,514.2857142857143
117.66560958549967,514.2857142857143
143.40187143931848,600.0
102.82344232779305,480.0
98.09486693304744,480.0
140.2629787618046,553.8461538461538
98.94182307300953,480.0
146.22722834924176,600.0
91.84094761289958,480.0
100.03333034884393,480.0
109.20737044437054,553.8461538461538
123.82210499545255,553.8461538461538
117.335770938199,553.8461538461538
106.83644662127924,514.2857142857143
114.48089384929443,553.8461538461538
93.9665345309356,480.0
97.0257060387561,480.0
109.65181623897881,514.2857142857143
138.15872429168658,600.0
126.36898274188886,514.2857142857143
118.8603747198973,514.2857142857143
120.332820593671,553.8461538461538
116.16239472905939,514.2857142857143
127.22093609125477,553.8461538461538
138.8498710837624,600.0
129.8079992586594,514.2857142857143
114.67777093794308,480.0
148.50905492503054,600.0
109.85441007403553,514.2857142857143
145.14740152910494,600.0
119.37961895908462,480.0
131.45614362761305,553.8461538461538
103.60026195737768,480.0
114.37942611552064,480.0
113.6356774511102,514.2857142857143
115.14703148738684,480.0
150.37736572334703,600.0
153.90252302461116,600.0
94.13848204351274,450.0
109.8346951364962,450.0
151.24860748790383,553.8461538461538
144.33185260380347,553.8461538461538
67.76244827117321,360.0
88.05634719493914,423.52941176470586
132.4264326066333,514.2857142857143
150.09972703782623,600.0
141.84673027338113,553.8461538461538
117.87323483536728,514.2857142857143
105.87832997498056,480.0
110.45521102964852,480.0
125.64812515321536,514.2857142857143
90.91934807521812,450.0
104.16712592222873,450.0
89.75116811782709,400.0
119.56801682990427,514.2857142857143
79.18096713390804,378.94736842105266
132.64383896709202,553.8461538461538
131.88138744394902,514.2857142857143
118.00703926139497,514.2857142857143
110.63514016609791,480.0
148.33804340455725,600.0
115.73126456021241,480.0
110.72776264041757,480.0
145.9137581053221,553.8461538461538
154.72412612812184,600.0
135.87881863376612,553.8461538461538
112.21888584972474,480.0
132.58677007549323,514.2857142857143
121.0548809257253,514.2857142857143
103.95391771586819,480.0
158.74397341989,600.0
131.25114121506772,514.2857142857143
135.5693016543801,514.2857142857143
148.83486090114903,553.8461538461538
119.57441477608124,480.0
88.41629896045202,423.52941176470586
72.07518386253768,378.94736842105266
90.72063261844751,423.52941176470586
121.04158145652785,514.2857142857143
120.24456115161848,553.8461538461538
159.30542528938355,553.8461538461538
110.17200674872514,480.0
103.09485864645731,480.0
85.0256693893175,450.0
134.8719819761371,553.8461538461538
126.82278037671311,514.2857142857143
81.07902015945479,423.52941176470586
66.32711338744512,360.0
126.01640534041177,514.2857142857143
129.34517221467428,514.2857142857143
108.31007559495987,450.0
93.08182510390554,450.0
112.21620625689715,480.0
94.96972402418457,450.0
121.9425293559799,514.2857142857143
91.25649307812097,450.0
118.79593746473712,514.2857142857143
130.36862002236518,553.8461538461538
143.31048164117635,600.0
119.47699007494813,553.8461538461538
138.67552391776908,600.0
132.630198015226,553.8461538461538
99.97228276803091,450.0
122.69149225399242,514.2857142857143
125.95306990211682,514.2857142857143
117.69177569750015,450.0
70.35543560697602,360.0
51.796285208358086,313.04347826086956
61.45218364946572,327.27272727272725
83.60378082219678,400.0
155.13102078204696,553.8461538461538
92.15056327716141,400.0
142.55687309979638,553.8461538461538
125.7627670858501,514.2857142857143
141.64336590791456,553.8461538461538
134.6484729329457,514.2857142857143
178.12393870618632,600.0
146.0277659724164,553.8461538461538
131.49884358731543,514.2857142857143
147.91827233354982,553.8461538461538
130.44802362235694,514.2857142857143
153.80412804844812,600.0
121.05775121129676,480.0
124.78570401485649,514.2857142857143
129.92050766124618,514.2857142857143
150.6326603200076,553.8461538461538
106.21254547137991,450.0
105.06416666222005,480.0
99.66996739468556,450.0
81.40573395985042,423.52941176470586
122.85846258329704,553.8461538461538
104.41341216452139,450.0
132.62726595373195,514.2857142857143
119.40338601970574,480.0
115.15025594402445,480.0
129.6275850444802,514.2857142857143
92.02271189093241,423.52941176470586
127.2309922312986,514.2857142857143
163.0852418463714,600.0
114.34671725131375,480.0
143.03461344705676,553.8461538461538
126.08773970668277,514.2857142857143
124.38335578431484,514.2857142857143
102.18401927341715,423.52941176470586
111.43211151268474,480.0
108.99447485404473,514.2857142857143
155.91471549696274,600.0
113.15717582615277,480.0
104.15991019967441,480.0
143.11032993091192,600.0
78.26704779992548,423.52941176470586
125.52707493973122,553.8461538461538
159.75927470234748,600.0
109.74208838496232,480.0
130.13291645293023,514.2857142857143
133.35711601272658,553.8461538461538
133.93179452338208,514.2857142857143
130.7866346008671,514.2857142857143
139.8753611722596,514.2857142857143
146.89631288843808,553.8461538461538
132.95715862532646,514.2857142857143
112.94393980052865,480.0
127.51012491917902,514.2857142857143
132.28519836890138,514.2857142857143
127.36462003969295,514.2857142857143
158.45429666258937,600.0
150.821107899703,553.8461538461538
159.95502011644237,600.0
146.0018058067614,600.0
124.81048595091721,480.0
145.22116871408423,553.8461538461538
139.74891318816896,553.8461538461538
120.10369695211395,480.0
129.04429783503556,514.2857142857143
103.15531277232691,450.0
157.95581347553744,600.0
151.45795254135803,553.8461538461538
123.47604082217677,480.0
112.53924675412284,450.0
135.02853265532056,553.8461538461538
116.14158640085915,480.0
118.77589583757529,480.0
133.60739548508337,514.2857142857143
129.28758871751936,514.2857142857143
141.94381444963022,553.8461538461538
124.75219597053392,514.2857142857143
149.8111932718086,600.0
136.63713302412935,553.8461538461538
140.65945419896454,553.8461538461538
103.88482309645656,450.0
158.7467511754182,600.0
147.45757901119984,553.8461538461538
157.11220184460205,600.0
130.94962837794938,514.2857142857143
134.36796484530868,514.2857142857143
146.40942548718075,553.8461538461538
124.69775344945516,480.0
148.80126050283977,553.8461538461538
173.79721558025815,600.0
146.16985646566235,514.2857142857143
109.73322643349347,480.0
143.83184168096753,553.8461538461538
148.2993397975559,553.8461538461538
164.8302568821158,600.0
176.69520790893947,600.0
156.96854328440907,553.8461538461538
166.74087877595298,600.0
123.68301497750168,514.2857142857143
138.85915644492482,553.8461538461538
105.7243672168103,450.0
127.38621995951485,514.2857142857143
162.86796996207127,600.0
174.5115998650834,600.0
147.95172467376864,553.8461538461538
127.66089151945478,514.2857142857143
157.27546272388986,553.8461538461538
175.59817821656725,600.0
135.6780411856875,514.2857142857143
155.7147707171128,553.8461538461538
148.0990546291777,553.8461538461538
173.19723481032722,600.0
134.05591737317823,514.2857142857143
132.76462789134516,514.2857142857143
167.8631666727276,600.0
179.13707581804377,600.0
169.61785113799067,600.0
106.6153369419971,450.0
159.61995456799033,553.8461538461538
175.0506941189573,600.0
143.58410549189279,514.2857142857143
181.2829380713155,600.0
145.9063054079104,553.8461538461538
151.82972333847763,553.8461538461538
152.81145349867012,553.8461538461538
150.27290382741663,514.2857142857143
154.99347486045536,553.8461538461538
179.53660986565646,600.0
125.17675913258486,480.0
137.10671931918725,514.2857142857143
168.92271796737018,600.0
182.79966593250427,600.0
136.2934519183722,514.2857142857143
143.4504234220885,514.2857142857143
140.33499393095573,514.2857142857143
141.879194651224,553.8461538461538
147.03922177858104,553.8461538461538
156.32000675932662,553.8461538461538
152.22944446548235,553.8461538461538
152.0604828973185,553.8461538461538
155.02560830695654,553.8461538461538
124.3345377286707,480.0
119.24796017184835,450.0
151.0937577665071,553.8461538461538
154.12530916114977,553.8461538461538
144.21589777716534,514.2857142857143
125.23604776944316,480.0
158.3543056859458,553.8461538461538
143.6906885767371,514.2857142857143
119.27222929358358,480.0
149.30495250862015,514.2857142857143
147.7875918734342,553.8461538461538
150.84739074164327,553.8461538461538
133.13494119709463,553.8461538461538
87.98089696185772,514.2857142857143
55.8942507773621,450.0
84.53575649922531,480.0
100.01952636634134,514.2857142857143
129.58372658580677,553.8461538461538
107.6132372885926,514.2857142857143
86.92065993611355,514.2857142857143
97.72378540934601,480.0
80.76341365560539,514.2857142857143
90.05499295766022,480.0
75.19863046373091,423.52941176470586
85.4488108425485,480.0
102.17680795515287,600.0
102.7948926500163,514.2857142857143
72.08668749776574,553.8461538461538
74.73652898195884,423.52941176470586
103.06541027581112,514.2857142857143
71.86720731423503,400.0
79.31930034214784,480.0
69.95733039703094,423.52941176470586
77.38333034766232,400.0
61.71494319266312,423.52941176470586
107.69844925167865,514.2857142857143
109.3473570989813,514.2857142857143
73.66448147667178,423.52941176470586
116.86480196631925,553.8461538461538
93.34057008106767,450.0
86.47052751978693,480.0
95.0773598898957,514.2857142857143
67.07790872279304,423.52941176470586
66.24328274620402,450.0
107.40962125350015,514.2857142857143
74.55970412909201,450.0
117.89828693399456,553.8461538461538
97.40567710080548,514.2857142857143
63.472016641438756,423.52941176470586
118.99007116962026,600.0
105.40622084977849,553.8461538461538
87.84995328195025,480.0
81.71965581974057,450.0
120.30771281559616,600.0
106.64228855300308,553.8461538461538
125.92777395728194,553.8461538461538
93.28970928725619,514.2857142857143
90.73852945362017,553.8461538461538
103.26409023048483,514.2857142857143
78.54898730485444,553.8461538461538
87.25291050135101,480.0
121.50172828328546,600.0
98.92151464663142,553.8461538461538
92.39107577949875,480.0
136.77492278845855,553.8461538461538
69.91343424765282,480.0
77.1962878050478,450.0
83.35285823332222,450.0
109.45594794431639,553.8461538461538
79.60287703878943,480.0
92.2949290508269,480.0
106.45494523738004,553.8461538461538
91.52794935962227,514.2857142857143
113.72474773185085,514.2857142857143
116.21348269747727,514.2857142857143
107.34065174033239,553.8461538461538
86.44134678803698,480.0
97.70191132571311,553.8461538461538
80.8514171305486,553.8461538461538
114.91146814427181,553.8461538461538
69.69389911908175,450.0
90.13049067197372,514.2857142857143
106.66664462018096,553.8461538461538
111.56262250716549,553.8461538461538
63.43006105783776,400.0
96.05967691756159,514.2857142857143
87.3707013078744,480.0
99.3235174921771,553.8461538461538
88.25356022434696,553.8461538461538
112.16582790071668,553.8461538461538
97.06275753199024,514.2857142857143
132.02490003367163,600.0
67.14439088117634,423.52941176470586
92.09020810519982,514.2857142857143
113.71665390175966,553.8461538461538
101.52060564909202,480.0
94.04358467418568,514.2857142857143
103.3472641612126,553.8461538461538
136.81517526314917,600.0
105.17994919695286,514.2857142857143
112.3437782625537,553.8461538461538
94.85285905560413,514.2857142857143
119.03068758073516,600.0
115.801172277345,514.2857142857143
102.01879231933941,480.0
123.29139779565479,553.8461538461538
131.2801361995831,600.0
124.69762487690046,553.8461538461538
127.08572868550264,553.8461538461538
80.40976148047251,514.2857142857143
101.89340440452462,553.8461538461538
112.489713612621,514.2857142857143
95.4337133211554,514.2857142857143
88.14065601271768,480.0
110.56763051643581,553.8461538461538
82.0160114456647,450.0
111.63081297283348,480.0
96.41907613475558,423.52941176470586
110.55626291094693,514.2857142857143
97.68703896632101,514.2857142857143
109.2326327212014,553.8461538461538
90.08683597103938,514.2857142857143
71.93554640761846,400.0
109.6692170675551,553.8461538461538
87.79927146443248,450.0
90.3311845894524,423.52941176470586
107.48920424316135,553.8461538461538
91.4800115370746,450.0
98.45617967165927,514.2857142857143
93.0055336867415,480.0
99.05769642877567,514.2857142857143
63.96783971912002,360.0
87.34724085292486,480.0
101.44066863272073,450.0
101.67231046100333,514.2857142857143
72.38737427022375,400.0
93.0994270987298,450.0
99.27313170896578,480.0
73.67309922800808,480.0
69.11243988615422,423.52941176470586
99.81742370934303,480.0
93.7309627281604,480.0
121.46881608350762,553.8461538461538
63.85490173202153,400.0
79.24306295557494,400.0
82.66195137637057,423.52941176470586
71.32941408707447,423.52941176470586
72.19477800761057,423.52941176470586
94.5922671051755,480.0
89.42993290548185,480.0
52.46690326562444,400.0
76.67974073928293,423.52941176470586
81.09723804596695,423.52941176470586
91.86430024957635,423.52941176470586
76.86344651833791,378.94736842105266
104.89255989484533,553.8461538461538
99.55154249439022,514.2857142857143
68.09335953118755,400.0
108.63926590422548,514.2857142857143
65.74117096739,400.0
109.57931878467495,514.2857142857143
90.38101483436421,480.0
74.97570997310689,450.0
65.40654672433294,360.0
110.94338755770819,480.0
107.09396516457558,514.2857142857143
73.48881141880344,400.0
80.13114573945494,450.0
64.16866405808771,378.94736842105266
96.91861970252067,514.2857142857143
71.42991469303888,423.52941176470586
83.36520348518766,450.0
121.4625070941687,514.2857142857143
115.42575596925043,553.8461538461538
99.49628320353344,480.0
77.29399381014828,423.52941176470586
142.2490322965858,600.0
107.58565006109211,480.0
96.55769758240145,514.2857142857143
92.3790396393061,480.0
101.83586840488086,553.8461538461538
110.9817922943946,553.8461538461538
78.03480809827266,480.0
115.38555329745354,514.2857142857143
117.2044163886821,514.2857142857143
68.62319884123892,360.0
105.65727352554525,514.2857142857143
123.67454824909895,553.8461538461538
77.62153974908227,480.0
100.27313073937644,514.2857142857143
113.667797811484,553.8461538461538
117.62896357279512,553.8461538461538
103.94323504726766,553.8461538461538
95.19138837425764,553.8461538461538
90.72619795307132,450.0
99.0109987892584,553.8461538461538
78.0866148851664,450.0
89.60764563501448,480.0
91.04498098133908,480.0
129.16221602647667,553.8461538461538
101.88062575751269,514.2857142857143
97.47104658942608,514.2857142857143
97.76351509551681,553.8461538461538
97.70990742894264,514.2857142857143
118.11038294333815,553.8461538461538
124.96456294455993,553.8461538461538
99.25170806628402,480.0
96.19523851802413,480.0
70.97906876979161,423.52941176470586
135.15127876319943,600.0
141.67586635454106,600.0
124.75362068774217,553.8461538461538
119.19056875656553,553.8461538461538
106.7532183784089,480.0
95.4719063316233,480.0
101.96130943593609,514.2857142857143
78.18291822541023,480.0
110.1720996616796,553.8461538461538
106.98128534795953,514.2857142857143
112.8579418523598,553.8461538461538
114.58365340980932,514.2857142857143
110.02209613630819,514.2857142857143
118.43376821991444,600.0
85.67989694124806,514.2857142857143
126.17060028135165,514.2857142857143
137.47241510569947,600.0
121.29096027555663,553.8461538461538
95.43256679630713,553.8461538461538
116.87620657721403,600.0
108.94381461585895,514.2857142857143
113.44659384022059,514.2857142857143
128.44693881125986,514.2857142857143
98.62013606415641,514.2857142857143
121.05715660997929,553.8461538461538
67.2957088888726,400.0
92.18611014655183,480.0
129.45623770731166,600.0
108.01595004195124,553.8461538461538
135.90466635630048,553.8461538461538
152.15036039597013,600.0
110.61690033204725,514.2857142857143
94.23027893994501,480.0
112.10740835627064,514.2857142857143
111.58556693773635,514.2857142857143
99.96981748967134,480.0
121.97313408728685,553.8461538461538
127.71103084403184,553.8461538461538
117.19058573662326,514.2857142857143
115.18764019322862,553.8461538461538
136.208623692078,553.8461538461538
95.81513050637325,480.0
94.6553811730677,480.0
118.22138908635482,553.8461538461538
81.89119548383074,423.52941176470586
122.47683651513108,553.8461538461538
106.54364468767368,514.2857142857143
114.62503356440018,514.2857142857143
122.88459635874322,553.8461538461538
105.2440904368737,553.8461538461538
119.22917688903726,514.2857142857143
118.96372080139882,514.2857142857143
113.37810864457964,480.0
127.97439153540653,553.8461538461538
140.10674062871323,553.8461538461538
139.83233002081096,600.0
113.51515162766096,480.0
133.66214658504234,553.8461538461538
115.45662632608828,480.0
112.88129811009266,514.2857142857143
136.00622857124537,600.0
125.78756650468543,553.8461538461538
112.06395919795521,553.8461538461538
119.43903880468353,553.8461538461538
125.11637166153459,600.0
122.8631332440429,600.0
90.07177621729547,423.52941176470586
119.35356764856036,553.8461538461538
140.24974816856675,553.8461538461538
108.6636173088908,514.2857142857143
87.84441112159898,480.0
113.95977171485404,480.0
149.88316985883043,600.0
149.93667692611731,600.0
103.082420087665,480.0
105.40594799845621,514.2857142857143
100.37601796164282,514.2857142857143
94.52911067202118,480.0
130.4608489212919,553.8461538461538
123.06886836162089,600.0
128.24816457811596,553.8461538461538
108.94001171051157,514.2857142857143
143.11780347504475,600.0
124.28811106888749,600.0
128.06346443835884,514.2857142857143
138.72910601048136,553.8461538461538
149.39562143739357,600.0
105.96287669206737,480.0
116.77315968142837,514.2857142857143
140.6479551567449,553.8461538461538
122.51402582147217,514.2857142857143
116.16499021307057,514.2857142857143
113.65730482986805,514.2857142857143
124.24857846818593,514.2857142857143
136.8771334839814,553.8461538461538
104.69514980478026,480.0
144.00347427088133,553.8461538461538
139.52203644008014,553.8461538461538
104.74643419140702,480.0
128.6927549977926,514.2857142857143
118.35916021602975,514.2857142857143
134.41008284634256,553.8461538461538
119.15941430372143,514.2857142857143
122.88792519104906,514.2857142857143
130.75991264038993,514.2857142857143
144.98045735024482,553.8461538461538
156.00960612196593,600.0
101.95005859074898,480.0
137.8558706818108,553.8461538461538
127.99062770967579,553.8461538461538
138.7416339206626,553.8461538461538
105.73055074091212,480.0
126.29319959263105,514.2857142857143
115.42015662136431,514.2857142857143
159.67968839147605,600.0
154.9702249127466,600.0
126.45079036546944,514.2857142857143
159.35719885212362,600.0
148.78293613970047,553.8461538461538
105.80112987093023,480.0
141.56065290061295,553.8461538461538
148.02763158309543,553.8461538461538
100.14182300976691,450.0
119.00036943492334,514.2857142857143
133.71518746902456,553.8461538461538
136.89376915065912,553.8461538461538
119.4933371026677,480.0
142.13799316647675,553.8461538461538
99.451646053161,450.0
168.12486582545634,600.0
116.82165755077435,480.0
115.12025100929863,514.2857142857143
108.84045940502422,480.0
112.6900931954947,480.0
116.94084118090333,514.2857142857143
132.7262628242689,553.8461538461538
96.71209844681961,450.0
161.33761560422167,600.0
160.46364720584086,600.0
131.1430365338039,514.2857142857143
163.95233616991126,600.0
118.69506993706561,480.0
128.26607865027083,514.2857142857143
124.98316114465315,514.2857142857143
125.29415095069037,514.2857142857143
109.0125088065817,480.0
129.57138841797473,553.8461538461538
158.10724597507757,600.0
128.80567608604602,514.2857142857143
136.26598768602616,553.8461538461538
126.17733573480926,514.2857142857143
144.03256134637326,553.8461538461538
119.89652488507397,514.2857142857143
159.99197208146543,600.0
134.88233036406706,514.2857142857143
127.60153149880784,553.8461538461538
140.52586336319803,553.8461538461538
122.7065225134855,514.2857142857143
123.56633682749087,514.2857142857143
124.40377240407122,514.2857142857143
136.23392128702932,553.8461538461538
128.10174708711676,514.2857142857143
170.87428073819842,600.0
133.4193934709244,553.8461538461538
111.59871461716324,480.0
148.65056502069064,553.8461538461538
154.44518407971515,553.8461538461538
149.5948447784322,553.8461538461538
130.954933519074,514.2857142857143
157.67542825697402,600.0
164.4075912665437,600.0
132.25946864187478,514.2857142857143
162.68841757434248,600.0
141.52749646750894,553.8461538461538
147.48093651115408,553.8461538461538
121.54085823534199,514.2857142857143
133.56698755883036,514.2857142857143
128.23594027143537,514.2857142857143
141.5122311813832,553.8461538461538
115.13329169445974,514.2857142857143
131.60094201318776,514.2857142857143
116.63296858480136,480.0
129.3395067081865,514.2857142857143
140.49286295063268,553.8461538461538
164.42244734924392,600.0
168.81219568311937,600.0
131.46467156470138,514.2857142857143
144.45646742966372,553.8461538461538
134.0288614038376,514.2857142857143
166.08005511756463,600.0
157.50356387615847,553.8461538461538
149.48693936320868,553.8461538461538
137.50671271847068,514.2857142857143
148.9490504279055,553.8461538461538
120.98083674466406,514.2857142857143
161.17184308623465,600.0
129.75223136312545,514.2857142857143
157.81215405711342,553.8461538461538
135.48256163698912,514.2857142857143
133.45366498299174,514.2857142857143
138.11183010380424,514.2857142857143
143.83576525475155,553.8461538461538
98.30051163062433,450.0
151.77186281607294,553.8461538461538
125.13872195057863,514.2857142857143
150.51196524281758,553.8461538461538
152.90715749695048,553.8461538461538
143.92528877446972,553.8461538461538
165.57345450677664,600.0
148.69573500848534,553.8461538461538
100.13620970859522,450.0
144.21446233925047,553.8461538461538
96.984781275619,450.0
123.68359132663579,514.2857142857143
110.41734231003696,450.0
122.00000540163144,514.2857142857143
117.96600825688932,480.0
123.95748042518073,514.2857142857143
132.73187039038342,514.2857142857143
147.44865533422885,553.8461538461538
116.51224444053533,480.0
124.84065840056024,480.0
115.83798121170018,514.2857142857143
171.58901813928966,600.0
169.60059938743873,600.0
109.50558968017359,450.0
130.87402588084927,514.2857142857143
123.28929690414685,480.0
175.8328528795815,600.0
159.51180575447563,600.0
98.97910932690125,450.0
144.94454793062727,553.8461538461538
129.56017392571894,514.2857142857143
133.47603268155623,553.8461538461538
121.90954530066715,514.2857142857143
126.8307700622378,514.2857142857143
166.45027932499227,600.0
130.6137434659159,514.2857142857143
150.48069480774026,553.8461538461538
127.96270635443385,514.2857142857143
130.0323458644273,514.2857142857143
141.14767568377272,553.8461538461538
149.6433063893355,553.8461538461538
119.25023681910763,514.2857142857143
150.00529235581922,553.8461538461538
149.7063196081372,553.8461538461538
143.05431202686003,553.8461538461538
106.18690618742235,450.0
148.63116799458504,553.8461538461538
155.43083960334653,553.8461538461538
154.40207494726158,553.8461538461538
146.54601187128512,553.8461538461538
114.1286083864501,480.0
147.7083789977185,553.8461538461538
102.75802266372563,450.0
129.20168229213078,514.2857142857143
153.16394783405693,553.8461538461538
163.57284143361437,600.0
149.83956642382398,553.8461538461538
129.731630095053,514.2857142857143
142.02003110736624,514.2857142857143
142.3796002359444,553.8461538461538
137.90568049553968,553.8461538461538
121.43391812419384,514.2857142857143
95.83131754594777,450.0
179.22656658082136,600.0
132.80856090365094,514.2857142857143
139.37110849013717,514.2857142857143
102.01663625832757,450.0
114.60349731945504,480.0
132.51670574956808,514.2857142857143
144.0171065429093,514.2857142857143
104.74260373366772,450.0
123.06932457577061,514.2857142857143
112.7086487370633,514.2857142857143
147.886248733497,553.8461538461538
128.78203937268628,553.8461538461538
148.59016716854646,553.8461538461538
120.04591287735526,480.0
141.13682305653649,553.8461538461538
116.0459425249329,480.0
180.05050939693638,600.0
139.47195170629337,514.2857142857143
134.52719874714361,514.2857142857143
116.13576235451863,480.0
104.09114033703425,450.0
123.32975557399729,514.2857142857143
83.2093104290771,400.0
138.998784451442,553.8461538461538
115.56411453157865,480.0
135.15325512654263,514.2857142857143
96.43453110917986,450.0
133.00666650582102,514.2857142857143
150.15058132392213,553.8461538461538
113.54724514492052,480.0
121.38623269013466,480.0
158.0052227318386,600.0
142.25351444296444,553.8461538461538
163.27132752798752,600.0
130.98831423352604,514.2857142857143
154.01748658012625,553.8461538461538
142.32063334948683,553.8461538461538
113.32477305410491,514.2857142857143
145.27862048857634,553.8461538461538
131.77990248765371,553.8461538461538
122.47142399659137,514.2857142857143
152.83229886792319,553.8461538461538
128.07751352853134,514.2857142857143
119.23982420325105,514.2857142857143
105.66759723759851,450.0
155.25772943698576,600.0
138.65361460099984,553.8461538461538
132.07466977136244,553.8461538461538
143.14610690829838,553.8461538461538
150.09827209774,553.8461538461538
98.17640660621575,423.52941176470586
124.41559282673136,514.2857142857143
145.23379463089583,553.8461538461538
120.15180172409134,514.2857142857143
97.23204753251117,450.0
112.7640767995213,480.0
127.44480243102518,514.2857142857143
108.01670819590791,480.0
139.19103021400548,553.8461538461538
162.54874534824333,600.0
129.1818012772747,514.2857142857143
126.09227048616786,514.2857142857143
112.55079332051038,480.0
138.99986230924475,553.8461538461538
114.31055219835815,480.0
125.04755088018531,480.0
118.02981377501472,514.2857142857143
145.0337394980379,553.8461538461538
114.9301777427037,514.2857142857143
116.56800224929793,514.2857142857143
119.79373090205522,514.2857142857143
127.14669871704567,514.2857142857143
134.9066751845742,514.2857142857143
140.19946934245743,553.8461538461538
135.16965009117732,553.8461538461538
121.68512716926719,514.2857142857143
142.82064439067335,553.8461538461538
141.59697023916442,553.8461538461538
159.71515256179757,553.8461538461538
101.13393980285039,450.0
124.14275861058786,514.2857142857143
135.18302323886758,553.8461538461538
170.01749514512395,600.0
91.95500668132429,423.52941176470586
94.1140818459607,423.52941176470586
124.88830783007825,480.0
99.07121087707071,423.52941176470586
118.42406291367017,480.0
117.42716786357589,480.0
144.67334106290957,553.8461538461538
147.7900835937545,553.8461538461538
124.6469485659291,514.2857142857143
134.70380311100226,514.2857142857143
120.84771146088504,514.2857142857143
144.96879373844743,553.8461538461538
109.09581475423659,450.0
125.59935459656208,514.2857142857143
96.10735797027527,450.0
150.33427236397677,553.8461538461538
101.21785221102176,450.0
102.93113880350359,450.0
145.66690024570337,553.8461538461538
79.21673369182798,400.0
108.4309241212072,480.0
127.13264701130718,514.2857142857143
152.3085298058448,553.8461538461538
115.40714673261108,480.0
109.78594711160719,480.0
146.77722554825257,553.8461538461538
139.20970479095425,553.8461538461538
129.76683645231952,514.2857142857143
104.48336423905546,450.0
153.47226300622637,553.8461538461538
165.97711107248196,600.0
130.36811466348306,514.2857142857143
163.64138574971057,600.0
116.93022619592003,480.0
127.0054698638056,514.2857142857143
132.79760607502755,553.8461538461538
145.81455977671365,600.0
169.18264894048446,600.0
142.9983419109234,553.8461538461538
131.4955754562239,553.8461538461538
160.42700923820325,600.0
111.16677880402393,480.0
101.4568810505942,450.0
135.35673108365,514.2857142857143
101.73471509869427,450.0
160.7515538136914,600.0
175.1668818751497,600.0
114.92128700846595,480.0
107.96240854385793,450.0
142.44871553798322,553.8461538461538
143.40080715425,553.8461538461538
98.6117396178457,450.0
168.0563972009574,600.0
117.94161533036392,480.0
140.6211789734107,553.8461538461538
112.30697358281368,480.0
107.00722236177437,480.0
121.70237412437766,514.2857142857143
141.23529793748656,553.8461538461538
134.0999674648628,553.8461538461538
153.374958919189,600.0
136.8436716089195,553.8461538461538
107.7040405877133,480.0
131.80152272560898,514.2857142857143
138.58977066426985,514.2857142857143
122.54820527649066,480.0
148.6209815525491,553.8461538461538
122.58425712626708,514.2857142857143
120.1037572800391,514.2857142857143
148.33859322952915,553.8461538461538
129.5898077044281,514.2857142857143
94.37587551752718,450.0
147.1761242530334,553.8461538461538
123.54457759447807,514.2857142857143
139.0585871008555,553.8461538461538
158.6771316012293,600.0
167.39096722175933,600.0
132.81973112251706,514.2857142857143
123.59825308474062,514.2857142857143
106.68302308602512,480.0
139.71085485677537,514.2857142857143
106.46722597618843,450.0
156.37211098737902,600.0
164.37363355116574,600.0
144.89177154932304,553.8461538461538
115.55977368357608,480.0
109.02962782126126,450.0
116.00166630001146,480.0
132.54340267585988,514.2857142857143
152.15771130978078,553.8461538461538
141.8021428585074,553.8461538461538
123.33886716964926,480.0
135.18952258525613,553.8461538461538
131.46355866471825,514.2857142857143
132.32745103231866,514.2857142857143
153.60940573895002,600.0
117.76050414307731,480.0
157.06696512581723,553.8461538461538
165.21537208914344,600.0
164.56183961680463,600.0
167.83328210231952,600.0
131.68649176212176,553.8461538461538
103.52601717379773,450.0
155.57117063739446,600.0
99.26057370117266,450.0
124.38352117030192,480.0
108.83291503672258,480.0
125.31460830716958,514.2857142857143
136.8949922218288,553.8461538461538
140.87404615582307,553.8461538461538
148.84704303960567,553.8461538461538
130.02929226250998,514.2857142857143
138.08210692670372,553.8461538461538
130.10260079391327,514.2857142857143
118.68064453157943,480.0
133.61537773185563,514.2857142857143
145.17958377546847,553.8461538461538
127.3709416702766,514.2857142857143
147.871586238184,600.0
142.41560947816492,553.8461538461538
146.826727712462,553.8461538461538
131.04800405386638,514.2857142857143
108.86013740726459,480.0
139.4616413356185,514.2857142857143
150.24619871392187,553.8461538461538
133.045689837599,514.2857142857143
120.81148037919114,480.0
147.9921798092025,553.8461538461538
98.87328060918597,450.0
126.89327713824038,514.2857142857143
128.88127169713462,480.0
117.9148512005129,480.0
139.02821878222133,553.8461538461538
113.49193286898601,480.0
104.63811226939451,423.52941176470586
113.61926633088491,480.0
124.06236668921896,514.2857142857143
123.85723277979172,514.2857142857143
108.11958344960745,480.0
170.6897370401404,600.0
102.11849810023776,450.0
110.301606706399,480.0
148.44044649567294,600.0
143.6307684005959,553.8461538461538
133.5556181849223,553.8461538461538
145.6598605028141,553.8461538461538
138.61617211894165,553.8461538461538
85.16005248175757,400.0
142.5614770071167,553.8461538461538
126.60970725968956,514.2857142857143
100.40211526630543,450.0
122.00657570669985,514.2857142857143
141.16273795189457,553.8461538461538
147.36430623831467,600.0
129.08246349973768,553.8461538461538
136.71415008156416,514.2857142857143
134.93139303185328,514.2857142857143
156.82176462561114,553.8461538461538
123.05687183476672,514.2857142857143
109.42693830643431,480.0
135.9362173296388,553.8461538461538
165.11992973592407,600.0
142.27799893856312,553.8461538461538
142.41568889562143,553.8461538461538
139.0730912570214,514.2857142857143
141.79420943382667,553.8461538461538
128.2406035027559,514.2857142857143
129.4932122555132,514.2857142857143
162.2257384994205,600.0
150.59544215381356,553.8461538461538
144.33589782390766,553.8461538461538
164.17106695522693,600.0
117.71033586656569,480.0
138.48164032549735,514.2857142857143
128.3608996373264,553.8461538461538
136.35773250288847,553.8461538461538
113.34603454379699,480.0
156.69641251975023,600.0
113.271634983141,480.0
111.14395005796186,480.0
158.55438367127275,600.0
169.9033708007679,600.0
117.89796549495352,480.0
133.7961201818489,514.2857142857143
157.4019056145346,600.0
148.37586454177384,553.8461538461538
109.97853660901598,480.0
144.85447826260645,553.8461538461538
130.88380338299802,514.2857142857143
146.42918166918577,600.0
149.2230008392387,553.8461538461538
127.73957677709019,514.2857142857143
147.5447777856218,553.8461538461538
116.19963233007726,480.0
113.07402866361856,480.0
123.17017103361607,514.2857142857143
119.51417556848892,480.0
141.37470505218002,553.8461538461538
100.55127423342634,450.0
95.77557416920138,423.52941176470586
146.2364877870761,553.8461538461538
114.15336450116959,480.0
147.3354489601607,553.8461538461538
167.0440135371231,600.0
127.11475236740715,514.2857142857143
109.80365668240792,450.0
148.76159133732233,553.8461538461538
151.93299985002403,600.0
118.51300704159442,514.2857142857143
165.35418369247364,600.0
131.168895976849,553.8461538461538
116.80146230615134,480.0
142.00907851349797,553.8461538461538
119.86359558407943,480.0
135.1104068479355,514.2857142857143
134.35406294513194,553.8461538461538
141.17752224606951,553.8461538461538
121.81821363709261,514.2857142857143
144.1426586962529,553.8461538461538
118.60805493175242,514.2857142857143
118.27495082498714,480.0
138.3885292820057,553.8461538461538
122.97886153631134,514.2857142857143
114.802490727505,480.0
143.28685428719862,553.8461538461538
163.03500505823388,600.0
147.00773597804343,553.8461538461538
110.01584697568633,450.0
113.69048625494533,480.0
146.34039876391554,553.8461538461538
114.4243259294373,480.0
117.82859772719381,480.0
134.78888651756566,514.2857142857143
153.5737428744138,600.0
138.9058047024642,553.8461538461538
122.43741147551751,514.2857142857143
135.95822074288498,553.8461538461538
126.09425655683617,514.2857142857143
133.29709657207147,514.2857142857143
100.36341536612737,450.0
147.74797296658076,553.8461538461538
104.77264533449427,450.0
112.10011906930585,450.0
140.42922115694307,553.8461538461538
155.5289999510518,600.0
137.93506303224788,514.2857142857143
143.73743841462885,553.8461538461538
130.41184405474164,514.2857142857143
160.432707492521,600.0
148.0178883735587,553.8461538461538
117.07927559346142,480.0
145.54361751579748,553.8461538461538
124.0618267372718,480.0
104.47315639658711,450.0
114.29309984967361,480.0
155.9100201859685,600.0
108.30407866613007,450.0
172.34764277196334,600.0
116.32370622461262,480.0
106.14188749382566,450.0
114.87738449305708,480.0
122.10446208254213,480.0
127.0875546355169,514.2857142857143
130.7642758314378,514.2857142857143
130.43039258457864,514.2857142857143
123.88184453649791,480.0
146.38067844066202,553.8461538461538
95.82969131051368,423.52941176470586
148.3054847404041,553.8461538461538
121.69477776596908,480.0
133.50755904491044,514.2857142857143
110.1269555370783,480.0
141.36769973989578,553.8461538461538
122.53475258448485,480.0
119.9132104125306,480.0
110.22951156360385,480.0
129.8659982149134,514.2857142857143
120.9776358505401,514.2857142857143
131.62893448327338,514.2857142857143
109.33601317370683,480.0
118.14091366371167,480.0
127.1202420178221,514.2857142857143
88.31804469821267,400.0
139.74437303685758,553.8461538461538
77.62272460597626,378.94736842105266
159.55131571200454,600.0
134.7634331095871,514.2857142857143
142.7542411041381,553.8461538461538
112.2683506653047,480.0
143.91489039314772,553.8461538461538
103.49451809125688,450.0
110.56799741917429,480.0
131.65653477062293,514.2857142857143
120.38194159726388,480.0
106.0596129006542,480.0
130.82110456245096,514.2857142857143
102.12990965490725,450.0
145.59205170420142,553.8461538461538
118.79759252582582,480.0
95.82878536564607,423.52941176470586
127.4262149958358,514.2857142857143
139.18390660880456,553.8461538461538
121.8799527328167,480.0
142.5796775745345,553.8461538461538
106.48400447111698,450.0
115.7308149547137,480.0
113.48537403849602,480.0
124.3475786161591,514.2857142857143
156.93586151035962,600.0
132.3121879775879,553.8461538461538
91.15717546187017,423.52941176470586
101.62058235336477,450.0
134.56809076445776,514.2857142857143
118.21003444238768,480.0
123.58244853686593,514.2857142857143
108.73397773669038,450.0
130.25356236866634,514.2857142857143
129.45143517966838,514.2857142857143
148.3697177415825,600.0
159.7500755790879,600.0
116.69387015957484,514.2857142857143
117.4223503262206,480.0
140.37917389186364,514.2857142857143
138.03431613820203,553.8461538461538
152.0473093291359,553.8461538461538
114.14872106593675,480.0
123.59050853621223,514.2857142857143
122.85981047189975,514.2857142857143
97.98029546021364,450.0
98.01180140246757,450.0
110.06547063608333,480.0
132.54896499235772,553.8461538461538
135.6324898249462,553.8461538461538
130.30963190893348,514.2857142857143
135.10955227193628,514.2857142857143
165.88424571576255,600.0
152.65747063161155,600.0
142.46951147501395,553.8461538461538
123.36126920323653,553.8461538461538
142.7516321071139,553.8461538461538
152.1097655050809,600.0
117.56830291415322,480.0
114.00311372326954,480.0
169.32986760914233,600.0
151.79710768323991,600.0
154.21059418245503,600.0
153.94309062719591,600.0
108.62798170874368,450.0
127.03739393008475,514.2857142857143
140.44647598077202,553.8461538461538
104.22725023297241,480.0
145.94472238534757,600.0
132.05792242413602,553.8461538461538
128.2927288561992,514.2857142857143
128.8068025039091,514.2857142857143
156.1814208738757,600.0
149.54655930349836,553.8461538461538
155.0932262645674,600.0
129.11485330048998,514.2857142857143
157.2001796802052,600.0
97.38010877235783,450.0
136.24174915135933,553.8461538461538
136.6748879846528,553.8461538461538
102.42954796158826,450.0
122.85269380736115,514.2857142857143
126.88733463243703,514.2857142857143
140.83750978854314,553.8461538461538
134.4698327947837,553.8461538461538
117.06941920708758,480.0
126.35462369156335,514.2857142857143
125.31607772794503,514.2857142857143
159.75198825899682,600.0
119.509231088598,514.2857142857143
163.7503125661538,600.0
124.23850007712336,514.2857142857143
157.3246969231939,600.0
152.2762380963531,553.8461538461538
138.28174441596985,553.8461538461538
142.8602138408924,553.8461538461538
115.15410021019976,480.0
149.70204398682293,553.8461538461538
148.87788772699216,553.8461538461538
96.18626895740906,450.0
159.24247320575225,600.0
118.06798443986744,480.0
105.9604748270634,450.0
161.92786642618873,600.0
162.14488272647912,600.0
139.44687751334106,514.2857142857143
122.56565784257788,480.0
140.20029092607632,514.2857142857143
127.64074887082155,514.2857142857143
130.38751797545066,514.2857142857143
99.7373603565951,423.52941176470586
94.43440104317332,423.52941176470586
142.15009661339855,553.8461538461538
124.44229347645,514.2857142857143
132.02903135820284,514.2857142857143
147.0894301570318,553.8461538461538
125.57409568324317,514.2857142857143
116.21297634808381,480.0
143.25213280611754,553.8461538461538
131.77735121872095,514.2857142857143
112.10046369172444,450.0
105.79350931173882,480.0
114.19348640999814,480.0
145.86589961724607,553.8461538461538
144.02160155276277,553.8461538461538
123.74811479723017,514.2857142857143
135.55508388516566,514.2857142857143
113.56190489511997,450.0
143.91416512081912,553.8461538461538
120.12026525859717,514.2857142857143
140.47369648775825,553.8461538461538
144.9381784294323,553.8461538461538
124.57167206739318,514.2857142857143
130.9745012909778,514.2857142857143
132.51383004089527,514.2857142857143
97.03618582898065,450.0
84.34693090007104,400.0
88.88609955499057,423.52941176470586
104.45217714936666,480.0
116.25282845054164,514.2857142857143
137.74071120034063,553.8461538461538
156.1373431411533,600.0
127.6551261288323,514.2857142857143
137.67094419296674,553.8461538461538
121.95111897832128,514.2857142857143
88.94993712377914,400.0
140.81432314174918,553.8461538461538
129.2023964076175,514.2857142857143
105.7958011310024,450.0
128.07995400743854,514.2857142857143
147.83942860724218,553.8461538461538
141.52717948742108,553.8461538461538
137.9345547622476,553.8461538461538
122.67642067359147,514.2857142857143
138.4467686635104,553.8461538461538
118.97457931448339,514.2857142857143
113.14671065206021,480.0
142.3386878971942,553.8461538461538
101.64355414022477,450.0
113.81920870295114,480.0
117.56863137316986,514.2857142857143
134.3582418603398,553.8461538461538
127.98781748844655,514.2857142857143
141.9233679513082,553.8461538461538
137.67144300113824,553.8461538461538
115.8107728394803,480.0
111.9081226244302,480.0
136.50221842420905,553.8461538461538
110.04244649828532,480.0
150.21650558277997,553.8461538461538
128.5812929633544,514.2857142857143
119.73194323832764,480.0
157.70229734336579,600.0
119.91287219513029,514.2857142857143
143.84905228186875,553.8461538461538
136.7423983845411,553.8461538461538
149.4174014691485,553.8461538461538
113.3513164677327,514.2857142857143
106.17895966217661,480.0
116.89481322218059,514.2857142857143
157.24505709922747,600.0
107.66594959551013,480.0
148.27598266487297,553.8461538461538
147.70100334461014,553.8461538461538
112.13208776417378,480.0
161.3595398269021,600.0
105.81685381733323,450.0
108.01286240383388,480.0
166.38305215738052,600.0
154.47294404432145,600.0
102.62404370484558,450.0
166.05226232521144,600.0
146.97589641306635,553.8461538461538
94.04260789280238,450.0
110.84508001548849,480.0
108.49957584576981,480.0
116.21414587441949,480.0
130.01265395249115,514.2857142857143
130.6243190244392,514.2857142857143
101.01666447742772,450.0
100.55665391119916,480.0
149.6852436409983,553.8461538461538
142.11857064791567,553.8461538461538
147.44573167864263,553.8461538461538
106.862731781675,450.0
89.38307300765608,450.0
101.74127633568831,450.0
121.88127883854933,480.0
101.2959360409767,450.0
99.84533121153686,450.0
110.79581877780606,480.0
95.31700286775688,450.0
99.01666605932117,480.0
138.348884889373,553.8461538461538
124.94779262176465,514.2857142857143
155.20566248239246,600.0
116.45739296545356,480.0
134.5926035919949,553.8461538461538
107.68175399225781,480.0
144.01240309475057,553.8461538461538
125.75785223568681,553.8461538461538
141.82917679985047,553.8461538461538
128.28275875865003,514.2857142857143
123.1732030395439,514.2857142857143
117.22621987242722,480.0
74.29895086855517,423.52941176470586
134.53793053370228,514.2857142857143
143.17291338014437,553.8461538461538
151.7178541131001,600.0
155.23317546234776,600.0
131.67928711486778,514.2857142857143
96.28262660066757,423.52941176470586
120.293013969449,514.2857142857143
143.76645400953697,553.8461538461538
160.04235090544486,600.0
94.07944748390197,423.52941176470586
91.59102382201864,423.52941176470586
126.3176280327766,514.2857142857143
145.11337274367116,553.8461538461538
134.77225736417634,553.8461538461538
168.32801692075313,600.0
130.8983514584133,553.8461538461538
112.49474556254704,480.0
130.96253066084176,514.2857142857143
128.55986512461487,514.2857142857143
109.54944230428471,480.0
138.51345922084442,553.8461538461538
123.4598846108926,514.2857142857143
159.93972360025603,600.0
134.04353359199072,553.8461538461538
115.40267717743994,480.0
149.13134633199317,553.8461538461538
140.50686995549827,553.8461538461538
122.87955268122356,514.2857142857143
122.95590097006897,480.0
148.24130514479074,600.0
132.5744034474791,553.8461538461538
140.28351133363228,553.8461538461538
119.53381607493795,514.2857142857143
115.77987773443174,480.0
129.91650889217593,514.2857142857143
106.49757695742699,450.0
134.1553459897875,514.2857142857143
107.91400109111848,480.0
138.28237885973738,553.8461538461538
140.28091748926116,553.8461538461538
109.77368849144493,480.0
88.72273500833379,400.0
138.89297811735494,553.8461538461538
139.68593635671832,553.8461538461538
127.67825930876198,514.2857142857143
139.45485005615294,553.8461538461538
118.57243025320584,514.2857142857143
108.15388793876747,480.0
128.97207150692856,514.2857142857143
126.41973999165177,514.2857142857143
119.44781736254579,480.0
137.7577143042541,553.8461538461538
164.02608356680375,600.0
116.30871354930214,480.0
157.3320492262648,600.0
103.83098675022315,450.0
113.10174353737106,514.2857142857143
96.90557660874644,450.0
104.25156832019596,450.0
136.93039744161885,553.8461538461538
142.48281872502616,553.8461538461538
111.63337079696538,480.0
166.9737894165707,600.0
110.97579330083725,480.0
128.20657067180588,514.2857142857143
133.92940059875127,514.2857142857143
138.56840979088372,553.8461538461538
150.290355948909,553.8461538461538
143.60340870294945,553.8461538461538
125.20920227944681,514.2857142857143
141.5289855778702,553.8461538461538
127.78030642379505,514.2857142857143
138.67005018211987,553.8461538461538
109.03326155337352,480.0
128.65563479428482,514.2857142857143
122.85197514646586,514.2857142857143
141.8725110652606,553.8461538461538
109.74881393753624,480.0
128.10645946837778,514.2857142857143
141.98549819463145,553.8461538461538
115.48077928047095,480.0
111.26712639115979,480.0
134.03408583529725,553.8461538461538
134.30107993173402,553.8461538461538
97.01274975911633,450.0
141.48518600751737,553.8461538461538
114.39609706893162,480.0
147.27718571155745,600.0
141.71616245579506,553.8461538461538
109.15536583446593,480.0
132.68491716982075,514.2857142857143
107.5525699422665,480.0
140.11693998053883,553.8461538461538
147.02226330895385,553.8461538461538
141.06447408969467,553.8461538461538
109.64464243405527,480.0
104.99008273504202,450.0
124.06828566764835,553.8461538461538
111.68889994824832,480.0
129.29049135862155,514.2857142857143
104.64221399343823,450.0
155.7353058229336,600.0
137.06334007243484,553.8461538461538
109.37782229043464,480.0
137.59985437079547,553.8461538461538
107.58161305736846,450.0
166.4991763184575,600.0
126.75231574857021,514.2857142857143
129.05982459291337,514.2857142857143
130.7675131887938,514.2857142857143
152.72751296635084,553.8461538461538
148.28559045168956,553.8461538461538
129.39859164501206,514.2857142857143
149.64997858374088,553.8461538461538
136.51005064533464,553.8461538461538
101.74337700574426,450.0
113.37885823167652,480.0
120.44448919100194,514.2857142857143
154.7219746162577,600.0
127.42738460429146,514.2857142857143
131.4320624926057,553.8461538461538
130.37632959603567,553.8461538461538
120.925379229701,514.2857142857143
113.18475662946746,480.0
118.73632614468058,480.0
120.6220464538725,514.2857142857143
110.77821287521328,480.0
126.7583533418066,514.2857142857143
129.6728226229083,514.2857142857143
129.54371261676542,514.2857142857143
152.87029806502102,600.0
138.00279653502912,514.2857142857143
111.8262485162268,480.0
156.51225436420864,600.0
117.30913145335522,480.0
140.85085009219517,553.8461538461538
104.66310721552992,450.0
134.2882160732038,553.8461538461538
108.62697071016055,480.0
91.97593663362761,450.0
113.45130519228788,480.0
145.28609570399422,600.0
141.1122207786835,553.8461538461538
128.1357374786691,514.2857142857143
102.42277112223286,450.0
125.08836313907634,514.2857142857143
146.92743399289077,553.8461538461538
117.08728626376892,514.2857142857143
146.7916518826278,553.8461538461538
142.72475878730435,553.8461538461538
142.04501933358125,553.8461538461538
130.47163537264518,514.2857142857143
112.9313922039403,480.0
152.12218409667776,600.0
107.81268077568167,450.0
111.97372507348865,450.0
150.11054622603174,553.8461538461538
123.2552101285756,514.2857142857143
143.5115494421245,553.8461538461538
104.46675388525792,480.0
148.02790117649673,553.8461538461538
120.79081394488068,480.0
114.23950627389748,480.0
135.0585645032961,553.8461538461538
157.84552234794504,600.0
128.63546044491508,514.2857142857143
135.2957564216112,553.8461538461538
133.49045148995748,553.8461538461538
128.36728666329734,514.2857142857143
138.620747913507,553.8461538461538
138.73186521393228,553.8461538461538
123.62058390236315,514.2857142857143
115.8398113937561,480.0
115.32426497653441,480.0
142.6459916555265,553.8461538461538
161.29524446006056,600.0
123.04605673016222,514.2857142857143
127.03978433839498,514.2857142857143
122.18263541507443,480.0
136.20180674110358,553.8461538461538
141.4302920892032,553.8461538461538
114.00107862254413,480.0
140.7261275421541,553.8461538461538
120.68572343680005,514.2857142857143
134.16187193061745,553.8461538461538
89.40400184036154,423.52941176470586
142.84429563392683,553.8461538461538
113.19847544186528,480.0
135.41265397352512,514.2857142857143
123.36088218854697,514.2857142857143
114.38028691472047,480.0
141.97074364271288,553.8461538461538
121.2239794436018,480.0
150.99025686630247,600.0
126.28002757990858,514.2857142857143
105.91623190838374,480.0
131.35336079652117,514.2857142857143
92.5097795378523,450.0
130.94101740016666,514.2857142857143
159.60599687986905,600.0
132.75023785460158,514.2857142857143
138.2089879790981,553.8461538461538
130.37608159957108,514.2857142857143
110.65342986780072,450.0
138.386856437981,553.8461538461538
126.55529622374657,514.2857142857143
147.77620088504128,553.8461538461538
116.64524222955723,480.0
131.60973858776666,514.2857142857143
94.77233386099243,450.0
91.9247319451975,423.52941176470586
136.7333141981119,553.8461538461538
138.80433566458427,553.8461538461538
121.50652547475995,514.2857142857143
116.32558814377136,480.0
141.83881515649742,553.8461538461538
134.30766782510605,553.8461538461538
146.67060828155118,553.8461538461538
109.08876474511251,480.0
123.59100910958513,480.0
149.40198983957166,600.0
165.96658996271782,600.0
121.80541147723841,514.2857142857143
166.68648051945078,600.0
164.43704832996744,600.0
122.9059440098314,514.2857142857143
123.02148482912784,514.2857142857143
106.38273749582427,480.0
159.2244206227836,600.0
95.54766857538938,423.52941176470586
93.74718437526174,423.52941176470586
142.8012769932131,553.8461538461538
129.177545666709,514.2857142857143
128.28586459518377,514.2857142857143
140.01214106530713,553.8461538461538
110.98236762769075,480.0
144.71755996713347,553.8461538461538
122.37804675640005,514.2857142857143
132.97405783161636,514.2857142857143
112.15459693610062,480.0
108.73060991161488,450.0
106.73525849643475,450.0
132.01573948939748,514.2857142857143
124.70639955746844,514.2857142857143
159.80052778620993,600.0
128.01021238642056,514.2857142857143
147.05995628542962,553.8461538461538
135.56137639513435,553.8461538461538
108.27625338115327,480.0
130.93808169848063,514.2857142857143
127.37059036731179,514.2857142857143
146.17330557104327,553.8461538461538
108.0218750700552,480.0
151.28289384958026,553.8461538461538
157.0142080406935,600.0
110.78862638953255,480.0
137.8445247565415,553.8461538461538
108.91264369559332,480.0
135.29901392723298,553.8461538461538
146.28628951234757,553.8461538461538
142.57000359954597,553.8461538461538
136.52310176995553,514.2857142857143
127.67006299914303,553.8461538461538
161.5378142518094,600.0
124.79363409786261,514.2857142857143
121.63440257723217,514.2857142857143
117.95016412109682,480.0
140.30430196813566,553.8461538461538
128.74496709562416,514.2857142857143
139.31572208326673,553.8461538461538
132.76737089586427,553.8461538461538
165.48509837084902,600.0
159.60798977124148,600.0
117.15891428822448,480.0
116.94264134563477,480.0
102.62261047830114,450.0
153.55025501030048,600.0
120.11189896963775,480.0
142.55502339138687,553.8461538461538
138.2938184083134,553.8461538461538
127.78007761084477,514.2857142857143
90.42003852743201,423.52941176470586
81.72646125473655,400.0
102.04758721855076,450.0
130.22026129529348,514.2857142857143
144.76701278136645,553.8461538461538
117.9175935749109,514.2857142857143
149.7635216614503,553.8461538461538
137.6972365903025,553.8461538461538
122.60844275292307,514.2857142857143
125.48739843149521,514.2857142857143
112.74573616693088,480.0
166.23130919972513,600.0
151.11157501688498,600.0
121.07211765365356,514.2857142857143
123.98109896210909,514.2857142857143
129.87850876970134,514.2857142857143
132.760693130299,553.8461538461538
141.66994379414683,553.8461538461538
112.82754527680486,480.0
136.36700221263436,553.8461538461538
130.7069872933121,514.2857142857143
158.21560427035683,600.0
142.31850589274924,553.8461538461538
134.2135709255572,514.2857142857143
115.45593150271982,480.0
108.21465053526906,480.0
120.57991267150942,514.2857142857143
155.25007947644676,600.0
103.48799776174614,450.0
124.39550976132736,514.2857142857143
123.97883225069884,514.2857142857143
143.34091370542825,553.8461538461538
94.13982299149887,450.0
120.18559910129646,480.0
130.4539722144466,514.2857142857143
99.3358177186674,480.0
136.36689825459325,553.8461538461538
106.84001978496845,480.0
140.2634270722935,553.8461538461538
125.43476461100441,514.2857142857143
127.04589088209185,514.2857142857143
118.82641363781973,480.0
127.45819510190783,514.2857142857143
101.96569079845008,450.0
143.5859435486504,553.8461538461538
164.28657659471796,600.0
115.4244157446374,514.2857142857143
113.89354310735716,480.0
123.35219785779694,514.2857142857143
101.56131634787361,450.0
108.02719851163728,450.0
128.2267769351658,514.2857142857143
108.96965938780784,450.0
97.16939640764893,423.52941176470586
134.34295109941942,514.2857142857143
140.26808635933855,553.8461538461538
122.68172269884244,514.2857142857143
128.02642800344856,514.2857142857143
110.76037133894357,480.0
95.34023730370319,423.52941176470586
132.12198571092162,514.2857142857143
127.94717369173858,514.2857142857143
143.67346111825492,553.8461538461538
145.16955302306795,553.8461538461538
132.44937012927898,553.8461538461538
134.63423786604193,514.2857142857143
165.43528417117625,600.0
109.07275535863003,480.0
119.57179694981834,514.2857142857143
147.8421799946638,553.8461538461538
136.33807912302964,514.2857142857143
111.24082853074599,480.0
88.95700018119499,423.52941176470586
130.41460818596943,514.2857142857143
126.9285919631695,514.2857142857143
164.7694996626059,600.0
131.02252666986115,553.8461538461538
134.7119333381818,514.2857142857143
154.43660233003305,600.0
104.02430778652533,450.0
96.99566196363074,423.52941176470586
106.62052008912843,450.0
112.28465869453208,480.0
141.66351667629954,553.8461538461538
126.37673912826062,514.2857142857143
126.23640572580334,514.2857142857143
126.24831321621289,514.2857142857143
150.18951691389708,553.8461538461538
157.81411125643635,600.0
139.77069346197328,553.8461538461538
142.65909566016492,553.8461538461538
120.43630924806895,480.0
145.48845849955677,553.8461538461538
128.43640029832105,514.2857142857143
87.73549108387776,423.52941176470586
123.18394254423183,514.2857142857143
116.80359923088194,514.2857142857143
113.7818203162623,480.0
139.11038265251588,514.2857142857143
132.01808838050735,553.8461538461538
139.7105113205701,553.8461538461538
111.43516234968511,480.0
90.62018903868396,423.52941176470586
136.9696624708442,553.8461538461538
139.88580274137922,553.8461538461538
111.76892147312265,480.0
103.99912821767887,450.0
128.2311904803118,514.2857142857143
151.98666375546279,553.8461538461538
117.1267039425907,480.0
143.28297223142468,553.8461538461538
132.66908285700023,514.2857142857143
148.14055739752519,553.8461538461538
140.35884232788607,553.8461538461538
134.12427514174036,514.2857142857143
121.39239717916776,514.2857142857143
133.77027389742332,553.8461538461538
151.10083336312593,553.8461538461538
146.40665113595418,553.8461538461538
122.20268161231947,480.0
109.89841504671638,480.0
148.3612219864474,553.8461538461538
118.68415890867001,480.0
121.5973094936131,514.2857142857143
120.80172075740339,480.0
149.68777931156438,553.8461538461538
122.73863910599202,514.2857142857143
143.85423337612986,553.8461538461538
117.9771673274817,480.0
133.48278789638852,514.2857142857143
136.47017144663727,514.2857142857143
137.5199305038246,514.2857142857143
112.99441301726651,480.0
158.09397516825916,600.0
132.03945641742982,514.2857142857143
139.57296005898897,553.8461538461538
141.79661897073035,553.8461538461538
147.63371488286393,553.8461538461538
153.4371079383237,553.8461538461538
157.08527084483103,553.8461538461538
127.67740150015482,514.2857142857143
126.75303435946275,514.2857142857143
113.47975598497233,480.0
101.4968135184757,450.0
153.09954672008965,600.0
168.34744531309835,600.0
136.59654414235598,553.8461538461538
118.77600840509415,514.2857142857143
99.53247211939919,450.0
146.4531905459123,553.8461538461538
118.7926373288656,514.2857142857143
124.06505590993415,514.2857142857143
105.08982150086199,450.0
106.47707665133868,450.0
129.35239830064123,514.2857142857143
147.78442574119822,553.8461538461538
130.00652539869938,514.2857142857143
147.69607804385532,553.8461538461538
123.01559326920687,514.2857142857143
112.34712997782823,514.2857142857143
118.256400410707,514.2857142857143
73.65571249743252,378.94736842105266
120.06548772290739,514.2857142857143
133.95678399326928,514.2857142857143
130.9181142759398,514.2857142857143
107.92981913938883,450.0
139.40147136713173,553.8461538461538
137.07021955787863,553.8461538461538
148.5327728559942,553.8461538461538
134.76345934926417,514.2857142857143
128.98204495988674,514.2857142857143
134.94000429270028,553.8461538461538
148.82301806936067,600.0
156.41605276890039,553.8461538461538
118.49169422967779,480.0
132.07000241575722,553.8461538461538
121.5028397912531,514.2857142857143
105.53913069940384,450.0
125.0600416235853,514.2857142857143
105.30607606267331,480.0
128.40318369854916,514.2857142857143
159.54297257865412,600.0
117.48533128106646,514.2857142857143
130.70031935380268,514.2857142857143
146.35420566887342,600.0
129.8501884952693,514.2857142857143
130.62218858296953,514.2857142857143
110.79607042225058,480.0
105.79762943637309,450.0
110.31432114461776,450.0
142.86265502859447,553.8461538461538
137.3132168294944,553.8461538461538
125.18912459136507,514.2857142857143
82.483944148232,400.0
108.27603845156433,514.2857142857143
146.44752843695136,553.8461538461538
108.39285676948273,480.0
136.32579289950255,514.2857142857143
137.72671638799414,553.8461538461538
137.2883754692826,553.8461538461538
108.77100678526085,480.0
87.38049860807435,423.52941176470586
152.64636152390807,553.8461538461538
147.40742999058077,553.8461538461538
94.90695841321565,423.52941176470586
134.47150412849882,514.2857142857143
111.88816544539135,480.0
142.6888771954136,553.8461538461538
110.084011555829,480.0
130.45050608018497,514.2857142857143
108.69518891139656,480.0
145.9677496848899,553.8461538461538
134.95053554842414,553.8461538461538
141.09341619365478,553.8461538461538
122.67303520952409,514.2857142857143
