ep_returns,ep_lens
15.364206425184854,450.0
20.307518669238902,553.8461538461538
13.141708274061969,450.0
11.925011434069958,342.85714285714283
17.61980587285996,378.94736842105266
29.672655936795056,600.0
18.385511899628977,378.94736842105266
29.037335141410225,600.0
43.16511883904277,600.0
34.40948124631906,553.8461538461538
30.90191716687293,450.0
33.50686371889446,423.52941176470586
44.92348568021317,514.2857142857143
46.42622069322866,423.52941176470586
35.943559500041346,342.85714285714283
35.57981363969125,378.94736842105266
36.37740491296432,327.27272727272725
37.32205551061924,342.85714285714283
27.41035350288472,342.85714285714283
42.681913962912056,327.27272727272725
39.30727985574152,342.85714285714283
52.23632491753447,400.0
36.35720599417523,313.04347826086956
48.763991008687434,300.0
42.00703302688284,327.27272727272725
41.18056113977044,342.85714285714283
37.059734920026315,423.52941176470586
42.545871190273324,423.52941176470586
55.59191020830488,423.52941176470586
43.21234086681133,400.0
58.40633649628391,378.94736842105266
33.72700162637195,360.0
51.96145924516663,400.0
50.6326520839412,400.0
41.682531651254166,423.52941176470586
37.055087471050015,400.0
44.05691803876803,480.0
43.275269310988705,423.52941176470586
44.637088919358135,450.0
47.40441545494454,450.0
50.66061142216248,378.94736842105266
43.42157090884326,480.0
53.70383858143438,400.0
54.43281367335154,360.0
37.72475736437429,423.52941176470586
48.293702412182995,423.52941176470586
44.79349134337617,400.0
52.32620709637391,400.0
55.28990862388619,480.0
42.84346269059226,327.27272727272725
50.802400506497904,327.27272727272725
48.08528382907681,342.85714285714283
45.34346881862727,313.04347826086956
45.126213820134495,327.27272727272725
47.99032671124607,327.27272727272725
49.274073151547405,360.0
50.84585862488508,360.0
35.51728959662058,327.27272727272725
48.04646062160455,400.0
56.618148650271465,360.0
51.14139673837001,327.27272727272725
49.032172097151495,313.04347826086956
43.23912255262638,300.0
47.06349680581727,327.27272727272725
47.20990808829563,300.0
48.151611829873275,313.04347826086956
49.61271444455494,327.27272727272725
55.453497155253345,342.85714285714283
52.92687346537658,342.85714285714283
38.006375772691044,300.0
40.38073365535431,313.04347826086956
53.183423720769646,342.85714285714283
56.709639660413835,378.94736842105266
42.51388036957952,300.0
43.782037088935795,313.04347826086956
50.91118175025168,313.04347826086956
55.21121654227801,313.04347826086956
53.01427837403906,300.0
49.15748090173207,300.0
50.620704886252916,300.0
46.468967581832864,313.04347826086956
44.676361745187485,300.0
49.352869915588364,313.04347826086956
47.79465836572054,327.27272727272725
53.112409728289805,327.27272727272725
59.43206074325591,360.0
58.78267939258128,300.0
52.39190059289486,313.04347826086956
44.311846702889746,313.04347826086956
48.44902333932223,300.0
51.80109020194277,313.04347826086956
60.59594933263899,313.04347826086956
44.604221937865105,313.04347826086956
50.75761804206236,327.27272727272725
49.51161105941932,300.0
47.26949816553266,300.0
51.91557113297279,300.0
49.49933823341065,300.0
54.56011664273028,327.27272727272725
51.58611569574339,300.0
49.6553599596622,300.0
47.35535580357911,300.0
56.01442722910003,300.0
56.77057827276008,313.04347826086956
44.028261266001266,313.04347826086956
49.720798382817826,300.0
48.32094505760583,300.0
40.11304218480072,300.0
48.33425615153005,300.0
48.136808188063185,300.0
49.55668345991338,300.0
43.39219993708094,300.0
45.10789659257775,300.0
52.95381101671697,300.0
52.13905182692874,327.27272727272725
42.7458358652938,327.27272727272725
42.072598862764046,327.27272727272725
47.9725806054508,327.27272727272725
50.28391958531911,313.04347826086956
54.57235842575276,327.27272727272725
46.15666543677609,313.04347826086956
46.23873609079643,378.94736842105266
42.12117742568555,327.27272727272725
57.88233714400677,342.85714285714283
60.9149477583605,327.27272727272725
58.46211213589686,342.85714285714283
59.17893642291815,300.0
55.523411070511585,360.0
46.062892075224795,300.0
56.684222419714224,300.0
53.81380231939811,378.94736842105266
54.24715958314446,300.0
72.63957028218928,400.0
62.88878234546215,342.85714285714283
56.22813017229082,342.85714285714283
58.528639411075936,327.27272727272725
60.92239198428431,313.04347826086956
45.426764977803835,313.04347826086956
54.77787331046586,327.27272727272725
55.87709390867442,327.27272727272725
63.89822297358084,327.27272727272725
61.73212251004105,342.85714285714283
55.413180289839694,313.04347826086956
62.48416002404023,342.85714285714283
65.14889356411237,378.94736842105266
59.28780387152482,313.04347826086956
54.082653991722175,327.27272727272725
59.531018848525264,327.27272727272725
57.5905427128368,327.27272727272725
51.13370155644478,300.0
48.4387418100103,313.04347826086956
54.14515995587721,327.27272727272725
46.05441762450461,342.85714285714283
55.31138067584711,327.27272727272725
49.04326432491089,300.0
56.686176826499405,327.27272727272725
45.36190784350583,342.85714285714283
48.093664063435696,313.04347826086956
43.49007792122465,360.0
45.049044114760534,313.04347826086956
42.76391297702407,327.27272727272725
45.05101885695182,342.85714285714283
42.360506329369684,313.04347826086956
36.48447056627531,300.0
58.81312277023138,400.0
49.82910375954966,300.0
63.92865088728477,327.27272727272725
46.5708012470883,300.0
46.45685087654446,300.0
52.10666557572307,313.04347826086956
47.5651175483141,313.04347826086956
45.792369070588485,313.04347826086956
50.584951788395074,300.0
48.15621325524062,300.0
51.019543395138314,313.04347826086956
42.164052051925545,300.0
46.96127178607675,313.04347826086956
48.60771086238007,300.0
53.2824517873988,327.27272727272725
46.1375653259012,313.04347826086956
58.50859833194369,300.0
48.780328193007534,300.0
52.10961969184719,300.0
50.75147331010172,300.0
51.19572927048303,313.04347826086956
47.91255067905903,300.0
51.279029581557246,300.0
47.02484728938854,313.04347826086956
40.97578442703316,288.0
51.40279754030503,313.04347826086956
50.77789844128465,327.27272727272725
46.09698146209417,300.0
52.67958348356037,313.04347826086956
48.4455522460132,327.27272727272725
42.180930920966,300.0
40.636369893960605,288.0
50.93481514106944,313.04347826086956
51.63672690363691,327.27272727272725
38.29062901796204,327.27272727272725
55.041040058681695,400.0
48.74045207076088,327.27272727272725
55.068020713010725,327.27272727272725
42.596168732983095,313.04347826086956
47.380609320041884,313.04347826086956
47.595986636143635,313.04347826086956
57.19793106537725,327.27272727272725
53.6148763862425,360.0
51.046259458616966,327.27272727272725
61.42063356151916,327.27272727272725
47.03514617422472,288.0
55.22098026815777,342.85714285714283
61.84534181593758,313.04347826086956
63.69440295247233,342.85714285714283
60.12823806663505,327.27272727272725
50.53935024111653,313.04347826086956
57.927761920629635,327.27272727272725
61.43481514307705,313.04347826086956
53.663496974252915,300.0
53.72898839833141,313.04347826086956
44.565304780370106,300.0
71.41306494427648,327.27272727272725
56.90036312995032,327.27272727272725
68.60876756940077,313.04347826086956
69.15689915840692,342.85714285714283
57.38671595731898,313.04347826086956
61.69067114686078,313.04347826086956
59.81157129196046,313.04347826086956
71.76214301379596,313.04347826086956
69.02957113274937,327.27272727272725
66.54684602440997,342.85714285714283
58.63196502996762,327.27272727272725
55.38090754002789,313.04347826086956
73.5623089462881,327.27272727272725
69.19411848220786,342.85714285714283
50.839284768546534,313.04347826086956
61.90302656683471,300.0
55.346942229690505,313.04347826086956
64.87367729362838,327.27272727272725
54.68570725725508,313.04347826086956
66.70711064947359,327.27272727272725
58.97075443846741,327.27272727272725
63.84268904761354,327.27272727272725
46.04917930550428,300.0
52.918117527878564,313.04347826086956
63.619948095383755,360.0
58.522150210064204,313.04347826086956
49.526144955888824,342.85714285714283
64.04904793593973,327.27272727272725
49.914169512967376,313.04347826086956
56.52032956033941,313.04347826086956
62.30822816733561,327.27272727272725
71.87814715050347,342.85714285714283
65.4063069009581,313.04347826086956
68.97452512632776,400.0
72.5064504968521,378.94736842105266
75.388166739325,400.0
67.62508192003088,378.94736842105266
72.53481519505573,360.0
69.65540247052877,342.85714285714283
57.206552196336645,342.85714285714283
61.422345019477504,313.04347826086956
70.3064926536286,378.94736842105266
71.40490494650193,327.27272727272725
68.29211856885927,378.94736842105266
68.02923106253522,360.0
59.44637975540184,342.85714285714283
67.41593213117156,360.0
65.08697935154458,300.0
65.81071060504107,342.85714285714283
77.13979856401791,360.0
64.74490575937195,342.85714285714283
69.12187563913237,378.94736842105266
70.87087074769791,342.85714285714283
70.0800125361911,327.27272727272725
81.29016304913864,400.0
66.35821864557253,342.85714285714283
63.908546733482176,327.27272727272725
63.72243005696107,360.0
74.8008300776812,327.27272727272725
75.11200935816612,378.94736842105266
73.01704058821458,360.0
71.88589656063115,342.85714285714283
66.32637534547568,400.0
82.00025405790859,378.94736842105266
54.07659512251227,360.0
66.63509764137218,342.85714285714283
76.59369715180259,400.0
91.51208254140764,450.0
68.10854947886452,400.0
82.25421673226495,423.52941176470586
63.77110737034584,360.0
73.43603824133045,360.0
65.32701028385823,342.85714285714283
62.47261418845737,342.85714285714283
63.824432581604086,313.04347826086956
62.43438192354652,300.0
59.26817679509154,300.0
60.899714779956746,327.27272727272725
79.46321213653732,378.94736842105266
59.1334380874061,313.04347826086956
96.22147180032816,423.52941176470586
73.22313191597102,327.27272727272725
64.55910360260309,327.27272727272725
74.58096182009987,342.85714285714283
77.85842239903927,378.94736842105266
76.6585954614783,342.85714285714283
80.37913934035582,378.94736842105266
72.4939745534235,378.94736842105266
77.91754643550674,378.94736842105266
75.32469337220623,400.0
73.71808906119777,423.52941176470586
92.08010207392141,400.0
63.93665556426175,313.04347826086956
65.66712877142675,378.94736842105266
86.01374246461677,423.52941176470586
66.19413961221055,400.0
55.477677120793984,327.27272727272725
66.56918378432523,423.52941176470586
79.56102712782088,423.52941176470586
55.69394429259845,342.85714285714283
59.27175704300337,327.27272727272725
73.37392740823364,400.0
76.21984606310825,378.94736842105266
71.88430994476434,360.0
63.2356233491615,378.94736842105266
60.88427904631846,327.27272727272725
64.43782946917928,327.27272727272725
76.32568111341087,378.94736842105266
79.6175591942137,378.94736842105266
69.6926206768864,327.27272727272725
65.48216632726918,313.04347826086956
64.37607938182843,327.27272727272725
76.63447928044874,342.85714285714283
56.18548016814106,313.04347826086956
80.82878578227954,360.0
60.226734494712396,313.04347826086956
55.21081059715559,313.04347826086956
71.8052143237449,360.0
60.86765567464807,342.85714285714283
50.19450566413816,342.85714285714283
51.79069929895326,300.0
67.7471026225075,400.0
50.405581071193026,313.04347826086956
78.46574437559103,360.0
68.30558245899252,378.94736842105266
73.82656131896682,360.0
56.18899689511602,360.0
77.5257683274337,423.52941176470586
76.24270183556771,378.94736842105266
72.54028333011334,360.0
70.9182517292619,360.0
79.13883115226658,480.0
70.50189893602447,423.52941176470586
53.979811028580514,342.85714285714283
71.82176022852116,378.94736842105266
65.81559645470776,327.27272727272725
76.12479221459789,342.85714285714283
102.82901868253009,450.0
54.37916054247473,327.27272727272725
73.92935318731493,423.52941176470586
60.161028034520456,423.52941176470586
57.74310955489489,378.94736842105266
66.87496432617606,378.94736842105266
56.542170673441,360.0
67.34039107666827,378.94736842105266
56.70683068381292,342.85714285714283
62.42278424214586,360.0
45.35088958670493,342.85714285714283
67.77468886434309,327.27272727272725
61.813709567274955,342.85714285714283
70.53492647617493,327.27272727272725
61.35680941805485,342.85714285714283
62.064008280067206,300.0
71.69639259351177,342.85714285714283
56.832265558614665,378.94736842105266
70.29449218817372,360.0
67.55054944662646,327.27272727272725
62.62729902406194,360.0
70.22324326783846,423.52941176470586
60.256609547981604,327.27272727272725
53.403891231242554,327.27272727272725
51.39723604912156,327.27272727272725
63.92904970458554,342.85714285714283
53.171570488559404,300.0
56.914727347318355,360.0
53.9940637818955,313.04347826086956
63.125125877823,300.0
49.99160503226585,300.0
62.01912392632493,327.27272727272725
54.37179509178216,313.04347826086956
65.35884323701974,327.27272727272725
59.058565109590326,360.0
59.1236967365675,342.85714285714283
61.748576456704455,400.0
62.25504182825118,327.27272727272725
65.47746843251815,400.0
77.01072532717959,400.0
45.40528233642225,327.27272727272725
63.118177017404044,327.27272727272725
74.43022946353958,342.85714285714283
56.221109821819944,313.04347826086956
55.03148709108696,360.0
65.66354231650736,313.04347826086956
60.48808451538419,327.27272727272725
66.93993303136304,342.85714285714283
83.17648729191201,378.94736842105266
54.263057323477916,327.27272727272725
76.36784538239328,423.52941176470586
54.084916457799494,342.85714285714283
65.07181056747247,342.85714285714283
63.04528687631621,327.27272727272725
67.31467026325261,300.0
63.04450429619833,327.27272727272725
59.72449229058604,378.94736842105266
63.79827218210468,313.04347826086956
71.70669250231667,342.85714285714283
55.51474449172684,327.27272727272725
51.883951058436246,378.94736842105266
57.28064417767396,327.27272727272725
65.49623500112493,360.0
62.63414122817519,378.94736842105266
56.55645200250057,342.85714285714283
45.93283833889171,378.94736842105266
48.435889305513584,342.85714285714283
61.318811038566615,342.85714285714283
60.906443249980896,378.94736842105266
45.613705545674286,360.0
48.56469533307199,327.27272727272725
51.08130460136689,313.04347826086956
60.672784523922275,400.0
45.49100462957856,327.27272727272725
49.24034343788046,360.0
51.95404336158493,342.85714285714283
57.124398571404,327.27272727272725
46.82788716634406,327.27272727272725
56.596133568925076,327.27272727272725
52.228928524332424,300.0
66.89732733827402,342.85714285714283
46.78879641305129,342.85714285714283
49.129380082989776,300.0
58.232266493814684,327.27272727272725
62.601869498910325,313.04347826086956
62.69545378263933,313.04347826086956
65.03490722380091,327.27272727272725
40.61911877674492,313.04347826086956
53.04574782726676,342.85714285714283
68.55591030686652,327.27272727272725
48.28150822455596,300.0
65.11232131255574,313.04347826086956
61.78297130619365,378.94736842105266
53.592766284149945,378.94736842105266
44.157719637424655,378.94736842105266
44.74811059898607,300.0
44.31540463720278,360.0
50.71406159958972,342.85714285714283
46.43682491285499,378.94736842105266
42.57605524840517,327.27272727272725
53.49383141991479,327.27272727272725
43.04096972725216,313.04347826086956
50.282508179161375,327.27272727272725
45.60624553808927,300.0
54.87161779978177,360.0
55.38716862299928,378.94736842105266
38.267560599016925,342.85714285714283
45.06610497362763,327.27272727272725
38.970985895213346,342.85714285714283
62.33822205600332,342.85714285714283
41.14075018652785,300.0
54.36272031220485,342.85714285714283
62.755424352378775,342.85714285714283
40.291156022624286,300.0
45.15055027307527,313.04347826086956
55.95799584850262,378.94736842105266
43.0048103150152,288.0
37.734115305081836,327.27272727272725
44.45368693065687,342.85714285714283
52.718268016699454,327.27272727272725
48.52677029188607,400.0
39.09602697269197,300.0
41.05140414866475,300.0
56.07836634836099,378.94736842105266
45.88044655751436,378.94736842105266
42.721825015793286,313.04347826086956
53.29020217607707,327.27272727272725
55.5746695688729,378.94736842105266
49.24524452887157,360.0
54.69686006223297,342.85714285714283
46.30228277226303,342.85714285714283
45.6672214422902,313.04347826086956
42.04494693365984,327.27272727272725
49.540588509920205,342.85714285714283
46.34832923626482,300.0
44.84902795182924,327.27272727272725
39.040470239757624,360.0
44.18822485410743,313.04347826086956
46.48536826482653,342.85714285714283
44.38739305565189,300.0
49.9219417578348,360.0
35.559176183678666,313.04347826086956
41.93898351893949,300.0
52.55320731140852,342.85714285714283
53.193453870635174,360.0
51.72244957755778,342.85714285714283
50.452967366398155,342.85714285714283
48.42622652969661,360.0
46.711333556702414,313.04347826086956
40.72034402316051,313.04347826086956
45.70567466504578,378.94736842105266
50.85555023880549,360.0
48.32718996245873,360.0
44.7596850755197,360.0
51.21236355098642,342.85714285714283
35.88537564706885,378.94736842105266
51.01652769076279,327.27272727272725
35.89170834209086,300.0
34.490185422375326,313.04347826086956
42.800123714552655,327.27272727272725
39.5861935813598,300.0
48.19860465785968,327.27272727272725
40.53408038594865,360.0
43.075039957566695,378.94736842105266
39.69301289967146,327.27272727272725
37.85314328759622,342.85714285714283
47.884332539736185,378.94736842105266
37.72804224041489,360.0
51.93748732518674,313.04347826086956
45.9054504570719,313.04347826086956
49.85611611480411,327.27272727272725
53.886770584953155,327.27272727272725
49.456054073033386,342.85714285714283
56.564616458282714,327.27272727272725
47.445554054992186,327.27272727272725
44.7361697967522,300.0
50.826964871353155,360.0
59.26218371098323,342.85714285714283
73.16497736606712,360.0
58.881260235316596,342.85714285714283
54.62741889509391,360.0
55.606541971896306,360.0
57.53605032073888,360.0
68.66045221205326,360.0
36.79609234521418,327.27272727272725
63.1195667023234,400.0
60.44983295972157,327.27272727272725
32.80961949456551,327.27272727272725
51.39884556603094,360.0
53.03804681585541,378.94736842105266
53.273758253525806,378.94736842105266
53.658603554168145,378.94736842105266
52.200681141100866,400.0
45.797463659383546,313.04347826086956
44.85217847354047,313.04347826086956
58.0966942425616,400.0
46.85336799395802,313.04347826086956
60.126835102186035,423.52941176470586
45.68050846965648,342.85714285714283
51.7406127475975,378.94736842105266
53.80602061873824,360.0
49.33660220270562,342.85714285714283
62.40776613006638,313.04347826086956
60.711415484986425,342.85714285714283
63.427177027770504,400.0
67.06372967854116,360.0
54.09072510687915,378.94736842105266
61.39599346375036,360.0
61.4661895271649,360.0
64.35857869563021,342.85714285714283
48.06484624262473,378.94736842105266
63.23410149598344,342.85714285714283
54.00032956850797,360.0
57.81084993476733,327.27272727272725
55.022303347695605,327.27272727272725
58.28825444157934,360.0
71.74090096963194,400.0
70.6111488873875,342.85714285714283
53.01604288325131,327.27272727272725
42.340123569898516,327.27272727272725
60.26003576089703,327.27272727272725
48.090943759307,342.85714285714283
52.91785533177689,360.0
65.48597567913062,360.0
47.15717031983679,342.85714285714283
59.30931068804605,360.0
34.77274762644199,313.04347826086956
55.890363785475024,313.04347826086956
45.43214072842121,360.0
67.55942781759889,313.04347826086956
59.133207781962,327.27272727272725
65.0998166086616,378.94736842105266
52.48707536000398,327.27272727272725
50.66601984012339,400.0
38.708896431934846,288.0
38.10899340419336,313.04347826086956
42.72648690390369,288.0
59.69698328133465,360.0
65.62404940597241,378.94736842105266
44.29791338681385,378.94736842105266
56.24735419617534,327.27272727272725
57.8030680228962,360.0
48.16787462271953,327.27272727272725
46.91174075649907,342.85714285714283
51.58419276814627,378.94736842105266
48.140349605014855,327.27272727272725
54.303104013943454,342.85714285714283
49.58366306211574,360.0
45.06826120612952,342.85714285714283
58.17211899745365,378.94736842105266
44.715238282152946,360.0
47.5215502844934,300.0
51.22775766086374,313.04347826086956
57.666147294601565,313.04347826086956
56.22145864609206,327.27272727272725
50.35291598087574,327.27272727272725
69.15249803976403,378.94736842105266
49.419231296254395,360.0
56.97666105234952,327.27272727272725
48.87332250406815,313.04347826086956
66.96440957919572,400.0
58.937294266586974,327.27272727272725
50.13837728551709,300.0
51.19899990962777,400.0
54.671527477959586,342.85714285714283
55.698760270033496,313.04347826086956
51.252760802107574,360.0
46.596781528143545,342.85714285714283
52.53255175327888,327.27272727272725
51.403910060067794,300.0
43.783236696324266,313.04347826086956
55.00915820063968,313.04347826086956
60.65232040774091,342.85714285714283
46.900894063818804,313.04347826086956
50.628207280628764,342.85714285714283
52.418901277092,327.27272727272725
63.780555846159515,327.27272727272725
63.76134482280978,360.0
50.461653537827495,288.0
57.41125038839975,327.27272727272725
52.95672929074433,378.94736842105266
58.74012610346242,327.27272727272725
52.8475855088937,300.0
42.11525916060164,313.04347826086956
54.80973518222394,378.94736842105266
49.49690828058239,360.0
60.14101362092854,342.85714285714283
49.25086108971473,342.85714285714283
51.164092421321094,342.85714285714283
49.04468202594167,313.04347826086956
60.53324596642995,342.85714285714283
51.9639650566557,327.27272727272725
40.33126665677307,300.0
42.33356561992999,400.0
51.54907417009222,313.04347826086956
59.47791089010419,342.85714285714283
38.67774736192628,288.0
59.35950419497338,360.0
46.81274382749215,300.0
67.49283203154589,378.94736842105266
53.99819487519342,327.27272727272725
60.38760332000755,342.85714285714283
52.78479867757322,342.85714285714283
57.91634462206798,327.27272727272725
62.07567098329909,342.85714285714283
42.907693572067586,327.27272727272725
55.96949502142202,342.85714285714283
51.65960517211944,378.94736842105266
46.10954284053835,327.27272727272725
60.75787551098876,327.27272727272725
68.69377842410438,360.0
57.48207917647965,400.0
58.11408164904776,360.0
59.96261612587972,360.0
60.33396997967117,378.94736842105266
51.924312908709204,313.04347826086956
60.52829654651434,360.0
51.65255194939993,342.85714285714283
65.96054023712162,342.85714285714283
71.73710912989306,342.85714285714283
52.88421744145355,342.85714285714283
63.21197736563338,313.04347826086956
55.70643738374164,360.0
54.58610561485482,327.27272727272725
49.61474100823749,342.85714285714283
60.24288156325069,313.04347826086956
69.61755028903559,378.94736842105266
45.13032227851469,342.85714285714283
51.42464608410969,300.0
45.61470115270365,327.27272727272725
45.24076718709756,313.04347826086956
52.71024877515682,378.94736842105266
58.542950112831434,342.85714285714283
62.025138739031924,378.94736842105266
59.58282568854736,360.0
49.45636822694666,342.85714285714283
46.18241417939295,360.0
50.62044968337629,360.0
68.85694281661415,378.94736842105266
64.076016532661,400.0
62.840531204784725,327.27272727272725
55.917113749946,327.27272727272725
44.05175387097662,327.27272727272725
44.51622631900475,327.27272727272725
49.05250290612521,360.0
51.96843868182689,378.94736842105266
53.018864113960156,327.27272727272725
69.4279804459635,378.94736842105266
47.815088611283215,378.94736842105266
58.597590808238785,378.94736842105266
60.65014005842636,378.94736842105266
54.30945719315088,300.0
78.33402744094127,450.0
74.16493173885347,378.94736842105266
52.222062077670515,327.27272727272725
44.69617053850712,300.0
77.57829804502447,423.52941176470586
58.02520113856658,313.04347826086956
68.24151288131597,313.04347826086956
48.72873549323302,378.94736842105266
66.65472554312962,423.52941176470586
52.03225018536603,313.04347826086956
54.76871523055079,313.04347826086956
43.93047146834842,360.0
57.339046148191926,360.0
66.00917996025036,378.94736842105266
61.78445262932611,342.85714285714283
66.93578479110053,342.85714285714283
57.10108059448792,360.0
54.341621090554135,342.85714285714283
56.353935448141094,327.27272727272725
50.74509928771429,313.04347826086956
68.62734802481948,378.94736842105266
51.72446828304396,300.0
55.93505923531086,327.27272727272725
50.171659387141396,327.27272727272725
62.955132802254376,342.85714285714283
56.822236114736384,342.85714285714283
51.6975163772937,313.04347826086956
56.918367292440266,378.94736842105266
49.242039367026166,300.0
48.422685713539906,313.04347826086956
57.022421648795756,342.85714285714283
59.3792697639665,342.85714285714283
58.259258161109216,327.27272727272725
58.76527482519274,360.0
53.25216207117987,342.85714285714283
61.50523077029092,342.85714285714283
51.58657075588402,300.0
52.79270792183813,327.27272727272725
62.13177742590967,342.85714285714283
66.63036877257308,342.85714285714283
67.46611725355639,360.0
49.7936452984317,378.94736842105266
64.97399869580859,400.0
56.551407961112176,342.85714285714283
59.20467442365851,342.85714285714283
62.19294549619642,327.27272727272725
86.50961123517318,400.0
42.81308140187836,342.85714285714283
58.80646537664552,327.27272727272725
57.6866103348432,313.04347826086956
63.35307455962211,327.27272727272725
49.334570393000405,313.04347826086956
52.82453047326543,313.04347826086956
40.411611113035946,313.04347826086956
55.29729335568239,342.85714285714283
56.78733130286565,342.85714285714283
59.25080227563001,360.0
57.39576019513158,327.27272727272725
50.53853011023927,327.27272727272725
57.41875310634889,327.27272727272725
56.66639999399679,360.0
55.55028850662832,327.27272727272725
61.784067587082994,360.0
54.12871676658946,327.27272727272725
54.49256116332074,313.04347826086956
63.66325005928071,360.0
49.61958292157122,342.85714285714283
48.84999534939823,327.27272727272725
52.98808439413778,327.27272727272725
63.351942824730166,360.0
58.09761499879457,327.27272727272725
65.42294942799995,360.0
73.7739781917883,342.85714285714283
61.067503992515064,342.85714285714283
59.1866860552,327.27272727272725
62.750634233752905,360.0
56.94701671060642,342.85714285714283
60.50273053527115,342.85714285714283
68.38695419565255,378.94736842105266
63.61766114870086,360.0
54.623662241179275,342.85714285714283
47.660872780925494,300.0
58.86902999077597,378.94736842105266
63.154055056731444,360.0
70.47587393872497,360.0
58.566060369485896,327.27272727272725
74.67795463844922,360.0
60.48050917010436,327.27272727272725
58.8853823015523,327.27272727272725
71.99863065082566,400.0
75.2774377927984,450.0
71.3343499171837,423.52941176470586
51.91421180403393,342.85714285714283
58.47303303501315,378.94736842105266
62.90460786300663,342.85714285714283
51.6175067491789,360.0
46.814649991438635,300.0
62.40326188654327,360.0
63.5520623007368,342.85714285714283
52.10519140005774,360.0
53.96492352783686,342.85714285714283
55.317490877699036,378.94736842105266
62.33911290795394,360.0
78.39849824547626,378.94736842105266
51.69225862779575,313.04347826086956
52.39127677976246,327.27272727272725
73.07117632993999,400.0
74.47143589478364,360.0
62.40338872291706,378.94736842105266
52.75754146435235,342.85714285714283
62.03517759689051,360.0
71.24574482146966,360.0
84.61504396704122,450.0
60.85073599717281,327.27272727272725
64.16497876275655,378.94736842105266
76.03711245321044,378.94736842105266
81.74296877314538,360.0
90.63177729543463,400.0
72.2470220982546,423.52941176470586
75.70864716469978,360.0
63.28090342209618,342.85714285714283
97.77911959361714,514.2857142857143
55.27792856588695,378.94736842105266
69.8438927922131,400.0
70.01725961163056,327.27272727272725
87.6062533063998,400.0
66.8794117657848,360.0
68.43200629948049,360.0
54.7597694440312,342.85714285714283
62.12012739794644,342.85714285714283
76.38977373883239,378.94736842105266
79.2556233760937,378.94736842105266
67.79446015465325,360.0
109.06191512060175,450.0
45.69485539754435,327.27272727272725
62.808152115502835,342.85714285714283
74.69498268985969,400.0
68.88268612952395,360.0
77.2219818613924,378.94736842105266
62.68194581342716,313.04347826086956
68.15912243313576,342.85714285714283
67.05051483174398,360.0
63.966241214818695,342.85714285714283
78.3655883920939,400.0
83.7495067053072,360.0
58.24115445115187,313.04347826086956
87.74409877335982,423.52941176470586
54.449089517619974,342.85714285714283
73.62921783577285,378.94736842105266
76.68805201826441,378.94736842105266
80.2288136542498,360.0
78.86828980808143,360.0
75.43846855742515,378.94736842105266
85.46579456489383,400.0
66.44431996255902,378.94736842105266
101.3770179612929,423.52941176470586
65.58408289016816,360.0
71.64684022291664,378.94736842105266
55.690826395303645,300.0
60.73258191568277,360.0
58.462718597135314,360.0
80.78909941485061,378.94736842105266
60.00213821803698,378.94736842105266
65.89992581652407,378.94736842105266
62.88278805191859,378.94736842105266
58.568067506171516,360.0
70.10476703514416,360.0
75.40889813959433,378.94736842105266
59.94335234410353,360.0
55.40832039669874,327.27272727272725
65.24593159979953,342.85714285714283
74.51330088917291,423.52941176470586
81.21976265031432,400.0
81.23445618141211,450.0
65.59456607602846,400.0
63.68568765584606,378.94736842105266
68.22865951579423,400.0
83.81046756117784,378.94736842105266
68.96188077485456,423.52941176470586
55.82058351812466,360.0
65.67131603484407,327.27272727272725
83.75374888881265,378.94736842105266
76.5493485817053,400.0
79.78822990598628,423.52941176470586
63.71009905938678,342.85714285714283
74.21991181944595,423.52941176470586
76.70558046547234,423.52941176470586
80.24368866218546,378.94736842105266
49.03155105890165,313.04347826086956
45.5312435619098,360.0
58.18411658726616,360.0
50.4432266943492,360.0
55.202672168601026,378.94736842105266
80.91534192990251,423.52941176470586
66.56251000644566,360.0
64.70170620692136,342.85714285714283
49.93872263671512,342.85714285714283
50.33743483135584,327.27272727272725
84.21547790565367,423.52941176470586
80.07211484220454,378.94736842105266
61.18050241539184,400.0
66.9445972411543,360.0
55.88222218623234,378.94736842105266
58.2663174009991,378.94736842105266
54.749170396057,313.04347826086956
47.541230231584535,327.27272727272725
55.190964948273646,400.0
55.38055010152151,360.0
53.19107929341174,288.0
49.274303423012306,300.0
55.7195872636466,313.04347826086956
49.19227398447623,378.94736842105266
52.71633353686492,342.85714285714283
56.03264472339689,400.0
41.96332461568466,313.04347826086956
49.16909336940793,378.94736842105266
55.0918578138219,342.85714285714283
37.05249174495856,288.0
60.13907802059681,360.0
62.292564583400804,400.0
49.02554472289894,313.04347826086956
57.44393108812067,342.85714285714283
64.48399164051207,378.94736842105266
76.4507975157168,423.52941176470586
55.35429750451234,342.85714285714283
57.2552234133921,360.0
78.29796927096365,378.94736842105266
65.50189341695946,378.94736842105266
54.097885406267295,327.27272727272725
61.103694452546144,360.0
57.51769759773257,342.85714285714283
43.91292063690268,327.27272727272725
50.60086510742522,300.0
68.16926125142645,400.0
55.9231225533365,313.04347826086956
56.588548743147285,360.0
55.47681361643985,378.94736842105266
60.972627387903835,342.85714285714283
79.71107954054216,360.0
66.45331374342162,378.94736842105266
67.28151019136452,360.0
69.2054564850848,360.0
63.44888396877784,342.85714285714283
52.93218002197805,327.27272727272725
67.28350667703516,378.94736842105266
53.94076637873769,313.04347826086956
45.79661280914797,327.27272727272725
60.305262983224175,327.27272727272725
51.91615116214977,313.04347826086956
86.16427384312004,423.52941176470586
60.769666255495686,327.27272727272725
84.67359433888744,423.52941176470586
53.87624480897183,360.0
53.294614000082326,313.04347826086956
46.54247626944795,342.85714285714283
61.37575409025658,360.0
64.97316863367499,360.0
63.76030372172506,342.85714285714283
64.51072115576419,378.94736842105266
71.8221216966751,360.0
63.527872655597925,360.0
49.98120312855993,342.85714285714283
70.86624485257057,423.52941176470586
59.3554384339254,313.04347826086956
66.53100994864755,360.0
57.00219613199919,327.27272727272725
68.6818189979325,378.94736842105266
61.08806382033057,342.85714285714283
67.37093483958202,360.0
59.46246479590133,400.0
68.47238334161916,360.0
75.76254061806296,360.0
59.81860382887955,378.94736842105266
61.37243523522378,342.85714285714283
62.87598613879057,400.0
59.81792988585703,313.04347826086956
80.4934882300447,400.0
86.19355593390546,480.0
57.064822590031916,423.52941176470586
63.56388010894247,400.0
58.338468596657826,327.27272727272725
68.92637292943067,378.94736842105266
78.35319231299741,423.52941176470586
57.91287347706708,313.04347826086956
65.31820036188932,342.85714285714283
58.9597922803322,378.94736842105266
57.26328708117081,327.27272727272725
78.0137954923611,378.94736842105266
75.26277587097071,342.85714285714283
67.13394865625884,327.27272727272725
74.46310330817735,400.0
74.22714504472846,400.0
62.233378527405634,378.94736842105266
62.85070028679545,360.0
60.55513069884528,378.94736842105266
59.012798186700635,327.27272727272725
65.82733771875738,400.0
66.85077296016388,378.94736842105266
69.68854020161045,360.0
73.34632264739903,378.94736842105266
67.14568632336497,360.0
76.22808777245184,423.52941176470586
71.59530623356206,378.94736842105266
55.97592657777951,360.0
61.311335721411794,342.85714285714283
56.66665446970442,313.04347826086956
62.369253279788154,327.27272727272725
66.5154322893402,400.0
80.12785757480027,360.0
67.15407832017655,378.94736842105266
62.31512503279306,342.85714285714283
54.843058505106264,400.0
73.598754790173,378.94736842105266
64.96205009022212,327.27272727272725
73.99854289546165,378.94736842105266
80.89562860104627,378.94736842105266
71.7512630105882,342.85714285714283
87.3892637410213,423.52941176470586
72.1614170246163,360.0
69.85237161166954,400.0
82.46260435693529,400.0
51.69745192229593,378.94736842105266
68.49998284348132,360.0
68.35180393634273,360.0
79.03505755890696,400.0
93.77067539948484,423.52941176470586
72.19869030218867,400.0
71.82662024663664,360.0
63.49705270278603,360.0
66.18895431619588,378.94736842105266
88.6311600318304,514.2857142857143
72.28193010143669,378.94736842105266
58.47610376886229,360.0
65.51775250209138,360.0
79.71981282676353,378.94736842105266
79.11280485168358,400.0
54.21979178836225,342.85714285714283
55.89999288058516,342.85714285714283
74.42822348107048,450.0
62.90118820343664,360.0
65.97248194581297,360.0
55.00968599584576,342.85714285714283
59.45903267483975,360.0
89.93845334229,480.0
77.30061958918336,400.0
52.747500998450484,342.85714285714283
63.13603249640106,342.85714285714283
101.86348715889683,423.52941176470586
62.36947262776507,423.52941176470586
57.42479318478875,378.94736842105266
73.22042750708815,423.52941176470586
64.13399545108068,342.85714285714283
65.30204111069565,342.85714285714283
94.27034119520897,423.52941176470586
65.95381355505977,342.85714285714283
74.70962459774393,378.94736842105266
61.503162448533885,360.0
67.34424698816713,378.94736842105266
75.25477990340192,327.27272727272725
83.87434070108299,450.0
59.12296197651165,360.0
62.392663978074324,400.0
57.636214644366234,423.52941176470586
79.42660087823377,360.0
65.85949630779398,378.94736842105266
59.09645960714702,378.94736842105266
72.69405152146214,360.0
73.82420498606226,400.0
71.81194746204612,400.0
71.86725280461343,360.0
72.25668097766828,378.94736842105266
59.66164376670939,360.0
58.55620670601967,342.85714285714283
75.71105035996433,342.85714285714283
69.10745271820122,378.94736842105266
69.72947631917674,400.0
54.50261349626453,313.04347826086956
74.50190501719462,450.0
65.27305482791789,400.0
66.66927549657179,360.0
68.86816861668115,378.94736842105266
71.49460419244278,360.0
60.570830693756555,360.0
42.12553594115756,327.27272727272725
94.48601553895327,400.0
54.66142740008088,327.27272727272725
62.19448194894711,342.85714285714283
73.65605778487638,342.85714285714283
57.863406993872104,327.27272727272725
72.26887495730553,450.0
57.354671774714895,327.27272727272725
56.714757565373496,300.0
68.62255332456445,342.85714285714283
74.80899188422282,360.0
54.720785500297595,327.27272727272725
64.7052557756768,342.85714285714283
66.07233431523773,360.0
64.47504314947996,313.04347826086956
47.971065667802485,327.27272727272725
64.93677223018504,400.0
62.18716593747141,342.85714285714283
66.97948270425066,378.94736842105266
61.82820501473485,360.0
67.804754188313,360.0
62.38845077006685,342.85714285714283
62.11914706701315,342.85714285714283
69.63124504218194,450.0
78.08003535539756,480.0
62.05938976124747,360.0
68.58261541278732,342.85714285714283
64.88902128793892,327.27272727272725
69.61957283172066,360.0
62.93184232971083,378.94736842105266
52.89656097585125,327.27272727272725
75.89949823602635,378.94736842105266
67.22541919753255,423.52941176470586
59.49949895065123,313.04347826086956
67.24212315990198,327.27272727272725
87.0196491105359,423.52941176470586
51.27979730473803,300.0
66.72001085658431,378.94736842105266
74.41045549692493,400.0
58.28582735857785,327.27272727272725
64.97063216838664,327.27272727272725
59.74797050787135,327.27272727272725
65.8046215976003,342.85714285714283
73.04786966502819,400.0
72.63734184871913,400.0
78.37642420377688,378.94736842105266
60.14379535840452,360.0
62.25540470772988,400.0
50.83312087293779,327.27272727272725
64.96386187739246,327.27272727272725
49.023638408249035,300.0
76.55073173803562,378.94736842105266
65.57600618359783,450.0
74.75233193982064,378.94736842105266
76.30407454608194,378.94736842105266
70.21030701753179,378.94736842105266
62.851624392155735,378.94736842105266
66.05484510767377,400.0
61.797838800135466,360.0
66.10822896075801,378.94736842105266
49.35718583879101,313.04347826086956
52.76911927518745,342.85714285714283
67.76437753539746,360.0
60.848152956411255,342.85714285714283
61.57390037363207,342.85714285714283
60.47303364235383,313.04347826086956
67.8426031568377,378.94736842105266
67.65925098439756,313.04347826086956
58.41412523999264,342.85714285714283
64.14812748024163,360.0
72.10404420046014,400.0
75.18816235502837,423.52941176470586
58.40782234838856,327.27272727272725
56.45775884035342,342.85714285714283
65.4253435959142,360.0
76.38061400435328,378.94736842105266
71.61047779408489,400.0
76.88153866907322,400.0
72.20751619585013,400.0
67.16155580217526,360.0
61.792060350383096,327.27272727272725
75.55854457563588,423.52941176470586
53.36105935743625,342.85714285714283
54.2718853814307,313.04347826086956
44.83945907908943,360.0
78.79565305566148,378.94736842105266
71.01539816502152,360.0
91.31243622464577,423.52941176470586
59.78426824968684,360.0
80.26654660329295,378.94736842105266
70.59586750602121,378.94736842105266
66.70176811208144,378.94736842105266
72.90186863418316,360.0
61.050701414943624,360.0
72.21531930873094,360.0
72.46614969953929,342.85714285714283
64.75753281248129,360.0
66.70087949416317,342.85714285714283
81.7909922977013,423.52941176470586
79.39671821643893,450.0
52.45978556039071,327.27272727272725
64.304814787977,360.0
69.74123593091929,400.0
56.83135608734394,360.0
68.27733117254803,327.27272727272725
62.51282501662294,342.85714285714283
70.29454992720068,360.0
70.31738315742889,342.85714285714283
78.87922477921765,450.0
77.16666723246414,450.0
74.31863520394153,423.52941176470586
82.72889453357331,450.0
74.31875347743272,450.0
78.3874173507215,378.94736842105266
53.75944562430507,313.04347826086956
37.3833462282234,288.0
78.46103603004997,360.0
64.37325064928902,342.85714285714283
64.85346256526286,327.27272727272725
58.619520060255944,300.0
67.38804016468586,342.85714285714283
72.21896390858845,378.94736842105266
67.46338421834501,360.0
59.63005519431687,378.94736842105266
57.55695404428702,378.94736842105266
79.62801920970054,378.94736842105266
52.22626193225913,313.04347826086956
60.43256273344523,327.27272727272725
63.29557087560689,360.0
60.39587467330673,342.85714285714283
62.96986942798058,313.04347826086956
85.78855133790974,480.0
54.67606037354769,327.27272727272725
68.45004306503512,300.0
60.413435943235136,327.27272727272725
57.66258271155068,327.27272727272725
64.39734287514027,342.85714285714283
66.03245796384832,360.0
61.32356353485535,378.94736842105266
61.260358302557314,342.85714285714283
67.16677015774047,342.85714285714283
65.71568238136348,327.27272727272725
69.03049100894496,360.0
60.17828410699301,360.0
66.89663080834956,342.85714285714283
84.5825908214925,360.0
45.57867989504347,288.0
72.21205454209054,342.85714285714283
70.18104302580166,378.94736842105266
59.23829225250889,300.0
58.46780524859994,327.27272727272725
72.29293062454019,378.94736842105266
60.0732892832545,327.27272727272725
75.1962273982277,450.0
57.74001957427574,327.27272727272725
59.675593899209844,360.0
78.52393791128286,400.0
79.68339772611994,360.0
63.9762955343529,360.0
54.268588806636174,342.85714285714283
65.92452162162729,327.27272727272725
55.88108373747759,327.27272727272725
61.29357952419424,342.85714285714283
75.08188463656936,400.0
55.35748294502749,342.85714285714283
53.44447498195005,423.52941176470586
77.58821082911723,400.0
55.29855304312535,342.85714285714283
67.02524041930539,360.0
73.87230139595182,360.0
97.00728955396194,480.0
71.07088891483352,378.94736842105266
68.06711435597775,342.85714285714283
74.18173568814905,400.0
56.28335135825302,300.0
77.80898352559122,400.0
64.21814695094338,342.85714285714283
56.967089909685775,327.27272727272725
64.3187686083467,400.0
65.3028571105959,342.85714285714283
42.444511305786435,313.04347826086956
57.65848855616826,342.85714285714283
91.79189501278726,450.0
60.21060561822194,360.0
77.64181802636007,400.0
61.82089885681589,327.27272727272725
63.417369466086406,400.0
109.12723125006285,514.2857142857143
82.5494804626015,400.0
62.64432860744767,327.27272727272725
48.00974158040264,342.85714285714283
56.10333354038343,327.27272727272725
58.99935356293243,327.27272727272725
68.80457231463521,378.94736842105266
70.74410517809962,360.0
50.43238677387298,313.04347826086956
79.81663274290493,423.52941176470586
45.593774265125425,313.04347826086956
62.671634464387076,327.27272727272725
49.684795126230846,327.27272727272725
72.73453105475785,342.85714285714283
50.869928400176306,313.04347826086956
77.25689712173715,400.0
69.87087942945628,378.94736842105266
95.28049190535822,480.0
84.42020143771873,450.0
59.80305618459254,327.27272727272725
89.36864198338235,480.0
57.13439394124145,342.85714285714283
95.15467318493134,480.0
81.78735763932636,400.0
77.72708371468876,400.0
64.77166560869563,327.27272727272725
82.88299641464052,378.94736842105266
93.36959344985571,480.0
65.09575374446875,342.85714285714283
82.32154580848737,423.52941176470586
62.66038919323807,378.94736842105266
62.30166881583983,378.94736842105266
67.97742312087858,360.0
81.58437832604098,400.0
102.34436400223848,480.0
101.95028695312806,450.0
64.57127237629092,313.04347826086956
82.32896711713673,423.52941176470586
56.0966613014898,327.27272727272725
69.21519293039965,360.0
58.86849174515789,327.27272727272725
80.36567676339024,360.0
70.02075470274868,378.94736842105266
79.12781535893185,423.52941176470586
68.46717301990411,378.94736842105266
78.09113738214215,400.0
69.84238708981185,378.94736842105266
70.76493969462551,378.94736842105266
78.80972004491352,450.0
80.84143915033437,450.0
74.42107854806747,378.94736842105266
65.6983041726277,400.0
74.43611313074146,400.0
81.44057829448064,400.0
84.7479332916196,480.0
64.70629155857348,342.85714285714283
48.219976579676285,327.27272727272725
70.92740886961866,400.0
41.75824928308192,300.0
66.15338880900427,400.0
84.22180414149842,400.0
60.591554233115936,342.85714285714283
70.33584641081683,360.0
70.03777136174779,378.94736842105266
48.76017284130614,378.94736842105266
70.46330748021234,400.0
56.843834740146455,342.85714285714283
71.1774122095086,400.0
55.93526320079566,378.94736842105266
69.70261863074994,400.0
58.96744874164126,360.0
51.23852024189721,327.27272727272725
53.1934191611355,342.85714285714283
63.261146878520876,360.0
55.56321825763029,327.27272727272725
62.18125208770059,360.0
76.87402729155411,423.52941176470586
61.84931769758841,378.94736842105266
68.34933693351668,378.94736842105266
64.63324729550214,360.0
59.68869681645773,400.0
71.06670989773815,378.94736842105266
73.61446936352266,378.94736842105266
108.04211848821673,480.0
71.36974478360241,423.52941176470586
66.60889715184763,378.94736842105266
61.60141217734562,327.27272727272725
64.61008673078915,378.94736842105266
58.7810490915391,327.27272727272725
71.46372406656216,360.0
77.61180685702938,400.0
63.21705096327172,342.85714285714283
86.01863440047448,450.0
68.04642907028408,450.0
82.5975309454207,378.94736842105266
68.86483691655425,360.0
69.07295127515263,327.27272727272725
63.10680022190275,342.85714285714283
54.26746805283415,360.0
73.0039084169897,360.0
77.21570006514285,378.94736842105266
72.1509354786588,360.0
81.11673818222779,450.0
72.940926217627,378.94736842105266
75.16479006745617,378.94736842105266
53.6661865025416,342.85714285714283
61.48374524924884,360.0
56.9456754832049,342.85714285714283
70.73618109133547,400.0
52.19701777901788,327.27272727272725
72.21064402731905,400.0
55.734968775888916,342.85714285714283
65.33072055683918,313.04347826086956
79.31821321374116,423.52941176470586
64.9459253653275,360.0
64.52409912798143,360.0
63.430142497791145,360.0
67.58285378658049,423.52941176470586
76.2504620843204,360.0
65.17591945395401,360.0
58.619798754961224,360.0
75.21422895591333,378.94736842105266
80.42881906406457,423.52941176470586
57.63621235078583,327.27272727272725
86.94798945500835,450.0
61.320855967597936,423.52941176470586
98.58252679361078,514.2857142857143
87.65051009491337,400.0
79.75156333549198,400.0
50.677552976037965,342.85714285714283
63.69516513277337,360.0
70.2708225607267,423.52941176470586
74.26197344255918,378.94736842105266
66.03684595602667,360.0
69.97733649507616,378.94736842105266
54.08530235039876,342.85714285714283
54.499601199477006,378.94736842105266
77.45589346727174,400.0
51.334531548733324,400.0
80.40227805829821,378.94736842105266
64.93053700679,378.94736842105266
64.94080790173342,378.94736842105266
54.691011235341534,360.0
75.17732919516044,400.0
72.12053955537554,378.94736842105266
49.04089778084881,313.04347826086956
56.81690598371834,342.85714285714283
56.2820964327006,423.52941176470586
55.811443603931835,360.0
57.30477084643343,342.85714285714283
45.99109868868678,342.85714285714283
67.68308028501137,378.94736842105266
64.639517788803,360.0
68.98055756547055,378.94736842105266
50.378764540374185,313.04347826086956
62.42772097037509,360.0
73.19201161527212,360.0
53.115129452993116,360.0
67.88999644235663,378.94736842105266
90.87457569843343,423.52941176470586
71.42662762000647,400.0
53.51374872565292,400.0
76.41645123358921,400.0
72.30475805362074,378.94736842105266
57.381078163088574,378.94736842105266
64.62673450162403,423.52941176470586
62.98211442188122,378.94736842105266
72.59986994488705,400.0
56.283472660090375,342.85714285714283
74.57711253238053,400.0
63.932519032465635,400.0
62.08251325977075,360.0
77.77487791671155,400.0
53.79899976952089,378.94736842105266
66.56839077305908,342.85714285714283
77.35804105597045,400.0
72.29937053024344,400.0
79.1584354799432,423.52941176470586
64.09209218441102,378.94736842105266
57.74553720146836,342.85714285714283
75.61387742321301,378.94736842105266
73.57458062419549,423.52941176470586
63.25490872036519,360.0
69.8555484933427,360.0
62.72114596523761,378.94736842105266
67.55506980054271,342.85714285714283
64.5880271987075,400.0
57.15440905519847,360.0
65.90059269635421,400.0
64.84539218708719,360.0
76.74040208962084,400.0
62.56532637916628,360.0
43.44901649867054,313.04347826086956
62.37213462905043,450.0
60.87977918835546,378.94736842105266
59.28790778564321,342.85714285714283
54.44369748537513,327.27272727272725
61.30076508938478,378.94736842105266
61.65710393455297,378.94736842105266
70.89612194959939,514.2857142857143
76.96316347735886,423.52941176470586
65.12086112352766,342.85714285714283
63.029919222487116,378.94736842105266
55.82231204371793,360.0
59.46123131828524,327.27272727272725
44.69515482853072,327.27272727272725
71.19479184001449,378.94736842105266
62.16440130750454,327.27272727272725
57.64589484922517,327.27272727272725
70.42105102252962,360.0
70.05614114258219,360.0
64.96246458880326,400.0
52.817890556371616,360.0
67.26951155217431,327.27272727272725
65.54574953337362,378.94736842105266
45.11616055299027,300.0
73.52051359920422,423.52941176470586
68.25816767859023,378.94736842105266
50.505321827912844,313.04347826086956
55.48006152482007,327.27272727272725
75.45169113405308,423.52941176470586
71.2170252144952,378.94736842105266
65.09041049047106,327.27272727272725
64.30706191891812,360.0
60.95105772339807,360.0
75.02057366321448,378.94736842105266
50.388700112679025,342.85714285714283
61.78905301120627,400.0
56.59441217841394,360.0
54.74543996160357,327.27272727272725
68.82425083883784,400.0
61.50003398737419,327.27272727272725
64.6101665837131,360.0
75.25254544405817,400.0
68.75332655418049,342.85714285714283
69.0274319906944,360.0
65.4788882798409,360.0
46.07790584882715,276.9230769230769
71.19376626218457,342.85714285714283
81.0904816975125,423.52941176470586
69.97413676040912,360.0
58.58830319590756,360.0
60.23814494438509,327.27272727272725
39.578686136774486,288.0
100.66538833669003,514.2857142857143
63.08075333854308,327.27272727272725
78.36244526894833,450.0
61.180290844587866,342.85714285714283
71.17321351301271,423.52941176470586
57.35890178411627,360.0
67.24864485332367,360.0
53.5963737092953,342.85714285714283
61.03815041161168,423.52941176470586
50.96494742967169,342.85714285714283
56.83129215688276,360.0
69.99874024518391,450.0
67.0546829147867,400.0
60.321609000667344,342.85714285714283
48.450322316603256,313.04347826086956
63.326970329230534,327.27272727272725
79.9057426781734,423.52941176470586
54.70245687784231,342.85714285714283
61.2050043268816,378.94736842105266
71.07151720014268,378.94736842105266
80.45954974203364,480.0
75.09582636575323,360.0
66.15571866389723,378.94736842105266
58.69947690130116,327.27272727272725
76.84166879038713,400.0
54.71214332696797,313.04347826086956
56.7662646886692,378.94736842105266
48.933041754510796,360.0
55.50189956050903,327.27272727272725
77.99605926225826,400.0
65.53353508293466,400.0
62.82063596453729,378.94736842105266
76.86471476518541,400.0
68.02943077381582,400.0
53.51010331344614,327.27272727272725
57.05263918801267,342.85714285714283
56.983808543888784,342.85714285714283
81.56656536697288,423.52941176470586
64.38298580436411,400.0
63.23352639356174,360.0
53.22686933717253,400.0
71.42095219658779,360.0
76.99029691767232,378.94736842105266
54.379327841951266,342.85714285714283
83.13278725505684,423.52941176470586
83.26065566336791,423.52941176470586
63.60036708101677,360.0
53.75524692655869,327.27272727272725
58.61349930526362,360.0
49.420339385614305,300.0
79.55684611460987,400.0
67.48914872652666,378.94736842105266
62.77890629703974,342.85714285714283
106.27866258973013,480.0
70.61602415355514,378.94736842105266
68.9707948348754,360.0
60.047292761869926,360.0
53.02925936926496,327.27272727272725
62.13509698965582,342.85714285714283
53.115201376417644,360.0
50.82703428245338,327.27272727272725
80.28812515227949,400.0
72.5037953070366,360.0
78.80101322345413,400.0
64.72217470637105,400.0
88.4987392589533,423.52941176470586
66.58452056355017,342.85714285714283
63.809227450512005,342.85714285714283
58.79493282542028,327.27272727272725
84.86425616900247,400.0
58.095831033929855,327.27272727272725
51.49754160679876,342.85714285714283
81.98448488069076,423.52941176470586
67.41759045041034,400.0
86.56575942486592,423.52941176470586
63.455768460465066,400.0
71.40347506148163,327.27272727272725
60.04656484325681,327.27272727272725
74.63263144706477,400.0
69.10537924491061,360.0
62.84869703111285,360.0
51.797440410956284,327.27272727272725
68.2767410232951,423.52941176470586
68.16575172942036,360.0
61.824299318537435,313.04347826086956
64.0310457225945,450.0
76.04878273622421,423.52941176470586
81.55419525526969,450.0
78.10910463414109,423.52941176470586
52.15172343886555,360.0
66.22947525790376,327.27272727272725
53.841798136437305,342.85714285714283
67.85330543183866,400.0
76.88813993027,400.0
51.83044683576743,313.04347826086956
69.22079940866823,378.94736842105266
67.35095066658513,360.0
63.8471020604258,360.0
75.79323035212127,400.0
43.935475276166564,300.0
73.10894436590547,450.0
74.41479025979282,378.94736842105266
52.621258037503225,327.27272727272725
64.27874604707742,360.0
54.3380849001002,327.27272727272725
103.20099762940598,514.2857142857143
50.59146896159951,327.27272727272725
65.44342315805915,400.0
81.17646834075926,423.52941176470586
76.3603513887544,480.0
50.729117270377714,327.27272727272725
56.39495840889292,327.27272727272725
78.23597616936395,423.52941176470586
57.790836980056554,342.85714285714283
69.72803784987303,360.0
68.9971125286644,360.0
65.66625308465184,342.85714285714283
69.57544143354795,360.0
70.92610715138935,378.94736842105266
65.2004354474495,400.0
84.8090018618557,423.52941176470586
68.21802410723616,378.94736842105266
66.66322192017675,360.0
63.09893825599877,342.85714285714283
83.46288720017134,400.0
83.60619814790618,423.52941176470586
65.95096775519319,342.85714285714283
68.06950858397131,423.52941176470586
63.65056799177065,378.94736842105266
56.237605949345784,327.27272727272725
65.99527649794638,342.85714285714283
64.47167955621866,327.27272727272725
47.65554403069985,288.0
104.55598432991437,480.0
59.62687508438637,360.0
71.24136076787086,378.94736842105266
69.91481647773817,378.94736842105266
69.07869148351917,378.94736842105266
54.19324427657285,327.27272727272725
65.72601027950797,378.94736842105266
58.744201438902536,327.27272727272725
40.839290488816275,288.0
54.73116263236379,342.85714285714283
54.90178219743324,313.04347826086956
70.15174270510009,342.85714285714283
59.69691257991926,327.27272727272725
61.72427536687512,327.27272727272725
78.34882875975366,400.0
65.39114627535677,378.94736842105266
65.85640523268573,423.52941176470586
48.51403982777663,300.0
61.362011373710544,378.94736842105266
69.73229720578497,360.0
78.94181454539113,400.0
80.31722495511592,423.52941176470586
57.11507536933706,313.04347826086956
84.96344611786171,378.94736842105266
56.891139711144476,327.27272727272725
54.534373723111344,327.27272727272725
61.02460628799219,327.27272727272725
59.62156865742412,378.94736842105266
78.98834528819364,360.0
65.92312413878504,360.0
50.646097420722974,288.0
90.04281746379581,450.0
66.071095615905,423.52941176470586
82.04175389591185,480.0
87.29069507084871,423.52941176470586
64.96354105512023,342.85714285714283
69.88235140521377,378.94736842105266
70.16525830914378,378.94736842105266
73.7468827859097,423.52941176470586
65.77812104831186,342.85714285714283
69.9245499115936,360.0
59.829994588716836,342.85714285714283
78.12790514472606,400.0
54.481124129064305,327.27272727272725
91.95086825795917,450.0
71.33496337287,400.0
55.55594474155024,300.0
65.9953372217341,378.94736842105266
72.73355412177833,360.0
80.84031555591284,360.0
88.04683973755952,423.52941176470586
69.01978353499942,400.0
79.59912702599593,450.0
83.72575690305798,423.52941176470586
55.08192965045406,342.85714285714283
56.68323124370055,360.0
77.6026274352248,400.0
93.39840030081955,480.0
64.8233425038836,360.0
63.395420073504006,378.94736842105266
53.21237869780062,342.85714285714283
99.77301957987322,450.0
73.08276889206279,423.52941176470586
67.15103330317447,378.94736842105266
50.804547650301686,313.04347826086956
72.78429917582477,400.0
66.10702392149373,313.04347826086956
61.02634649109501,378.94736842105266
97.27747562518495,553.8461538461538
71.47265143572409,423.52941176470586
53.616025456496395,327.27272727272725
61.14104072648973,400.0
77.72403069400598,400.0
64.33541282364267,378.94736842105266
89.31389254270302,423.52941176470586
54.44259847979956,327.27272727272725
72.99006551714027,400.0
63.84971449058729,360.0
89.18042774192013,400.0
64.66455370753378,400.0
78.96410832487383,378.94736842105266
92.49241074542829,450.0
56.93652453942629,360.0
46.38318683002707,342.85714285714283
104.31997678162814,423.52941176470586
82.70885308301676,400.0
73.99108558045383,423.52941176470586
80.15772412498484,423.52941176470586
89.05419913065522,400.0
76.24145324058756,423.52941176470586
69.4616835566318,378.94736842105266
57.801856155848306,360.0
72.08205235215412,342.85714285714283
66.03459376903928,327.27272727272725
76.75445891983473,378.94736842105266
69.16366831694695,378.94736842105266
62.44794883825138,360.0
64.90679598642313,360.0
55.09674508161086,300.0
83.51481797902,450.0
56.586802748286345,342.85714285714283
74.21541474332354,400.0
68.1044590448973,378.94736842105266
88.57353767914444,400.0
49.65170058701904,313.04347826086956
69.1866337629496,342.85714285714283
81.8814130862095,423.52941176470586
67.03764547026333,327.27272727272725
69.73801456939029,423.52941176470586
77.98827973349644,378.94736842105266
75.04739536110648,342.85714285714283
87.22813781980906,450.0
55.3400923406563,327.27272727272725
81.42079589679182,400.0
80.63744497187002,423.52941176470586
66.81515851610177,360.0
71.6229604432677,378.94736842105266
73.16991521639919,400.0
103.88109134432892,553.8461538461538
81.59332810751567,378.94736842105266
72.0688459372995,400.0
73.23177153729765,400.0
58.78168672613773,342.85714285714283
88.2939382187618,450.0
66.83709820672867,360.0
68.4204800076939,400.0
117.43282698639275,553.8461538461538
93.21172031230098,400.0
72.51199333968648,378.94736842105266
75.52252197234154,378.94736842105266
81.27097655074915,423.52941176470586
75.07954943088812,378.94736842105266
72.77622456767703,378.94736842105266
59.79229300221035,313.04347826086956
64.90582530908533,378.94736842105266
65.11893199419745,342.85714285714283
75.15815527921461,378.94736842105266
67.32690667480007,327.27272727272725
59.826002384658956,342.85714285714283
64.92758021223507,342.85714285714283
76.05885818363888,360.0
80.89013562848591,378.94736842105266
55.82875624988399,327.27272727272725
73.62882995673912,378.94736842105266
75.75425445039531,400.0
57.33047102566907,313.04347826086956
63.231314480061485,378.94736842105266
67.63392186524695,378.94736842105266
71.39604864026057,378.94736842105266
83.99551753741066,400.0
73.14034433589272,400.0
78.23064049955846,378.94736842105266
64.28855528495,378.94736842105266
73.52305742411059,360.0
81.93851208093403,360.0
73.61094662966357,378.94736842105266
53.797602822502725,327.27272727272725
75.43949384744181,360.0
44.824955328488954,276.9230769230769
70.56876976933657,423.52941176470586
72.01195996623127,400.0
83.9885213838339,400.0
70.66709342754635,400.0
73.12942465417144,423.52941176470586
62.487859642230724,342.85714285714283
78.18929750146403,514.2857142857143
82.33347400075542,400.0
72.02754503809766,360.0
68.58674937905069,342.85714285714283
79.24336198226017,360.0
68.01170385399331,400.0
63.37414923858334,378.94736842105266
57.792926778510534,360.0
71.95346272705878,378.94736842105266
73.56406794568201,378.94736842105266
66.76368145795104,342.85714285714283
85.24809843146028,400.0
100.5060607790255,480.0
76.51234101751523,400.0
48.27723619252562,342.85714285714283
86.88143121654383,423.52941176470586
64.41694449173191,400.0
78.28888548075432,378.94736842105266
58.02900936341019,327.27272727272725
75.78185106360597,378.94736842105266
81.7432108869829,400.0
75.41538300381546,400.0
75.06041266954433,360.0
84.16963829054231,423.52941176470586
60.82005983616771,360.0
62.40627958689862,360.0
69.5132771492052,360.0
69.86388597300176,378.94736842105266
82.94849227649121,450.0
73.22237357102212,360.0
76.60717216079377,378.94736842105266
66.782336568877,378.94736842105266
66.1568404874017,400.0
92.16985124194869,400.0
76.41214292971455,400.0
102.40725090727827,450.0
77.28054571616227,423.52941176470586
50.083519394707494,360.0
61.76585197985131,360.0
55.51582973578572,360.0
71.26751531006819,342.85714285714283
54.465592433762005,378.94736842105266
72.86911856751912,360.0
70.97400814349336,378.94736842105266
99.29470872085363,450.0
67.86032135585057,360.0
67.40140640463434,360.0
56.25314363012589,327.27272727272725
66.23540836863639,400.0
83.45901240705304,400.0
61.137472811582704,313.04347826086956
64.1337714783053,327.27272727272725
62.65950855073393,400.0
81.95882250567615,450.0
72.72498387445178,400.0
78.26039417018131,400.0
74.89800440406792,360.0
87.20326040018094,450.0
74.75924659084988,360.0
69.71735920680716,360.0
89.19825397123465,480.0
83.6160812290453,378.94736842105266
58.276251412629065,342.85714285714283
71.65607398596929,400.0
63.369239344514014,327.27272727272725
58.24160073045139,342.85714285714283
73.22709960294912,400.0
66.63894850858331,360.0
67.57838009531541,342.85714285714283
60.66011432496828,342.85714285714283
75.95832173673752,423.52941176470586
71.20415818289322,342.85714285714283
77.87281986838626,480.0
57.19131707206634,300.0
64.13834830683732,342.85714285714283
78.95714241197754,423.52941176470586
79.08554870702588,400.0
72.39604439121051,400.0
83.41866813523069,400.0
74.96352335102277,400.0
55.702065471047284,313.04347826086956
60.2320101392137,360.0
52.467792932422256,313.04347826086956
70.85654431853519,378.94736842105266
99.40789879480387,450.0
74.00172647729997,400.0
70.8838633346,400.0
66.40174974641126,378.94736842105266
61.505596450995775,342.85714285714283
77.51161316204895,360.0
88.90362458659145,450.0
67.98276067272698,342.85714285714283
85.53982318388975,450.0
58.39075108713543,342.85714285714283
80.66866183354679,450.0
80.26205594866582,400.0
82.11362892502358,400.0
86.75867864765148,400.0
73.29774055178915,400.0
72.1482678927771,360.0
64.16269811757694,360.0
65.23683925158196,342.85714285714283
73.51383582334742,378.94736842105266
63.913562258534526,400.0
91.82599467014138,480.0
73.25061580483829,360.0
60.628776364008814,378.94736842105266
66.015816356281,360.0
77.78255336937873,378.94736842105266
65.92439111040058,327.27272727272725
60.76780362075302,342.85714285714283
73.24677835261325,400.0
71.2616015080637,378.94736842105266
62.52552427278715,327.27272727272725
54.1055465560838,378.94736842105266
74.09780422222718,378.94736842105266
69.71712588189352,342.85714285714283
78.02300989854278,360.0
68.58484651710783,378.94736842105266
63.07442570673659,360.0
69.6919804753264,378.94736842105266
76.52205543423068,400.0
60.36117378837809,342.85714285714283
55.364957055689025,327.27272727272725
70.7912764000957,360.0
69.58066214972439,360.0
72.45809978265093,400.0
59.50754801866054,360.0
93.99261120050241,450.0
82.08633372848658,400.0
79.87170787337129,450.0
75.39885149047238,360.0
67.49877672609271,378.94736842105266
65.96091357345836,342.85714285714283
96.64408684747634,450.0
69.04334666457427,360.0
64.18497149923928,360.0
84.74302331197136,450.0
74.55536191449062,423.52941176470586
102.14548792908238,450.0
53.458938137574684,360.0
82.84973432862698,400.0
57.395859768616404,360.0
72.37610195434944,342.85714285714283
65.0318975637599,360.0
56.04568714901815,342.85714285714283
67.80990785911764,378.94736842105266
53.3491756192793,342.85714285714283
66.4342858764081,360.0
72.3644553624087,342.85714285714283
49.645673266881424,327.27272727272725
82.44129409682463,423.52941176470586
100.3780391369201,514.2857142857143
77.5933797536032,400.0
56.34562765610956,400.0
67.7809279826569,360.0
55.677712035734665,327.27272727272725
78.064702462777,400.0
81.2076573775297,423.52941176470586
69.30933258423565,360.0
59.3362711325942,378.94736842105266
73.77920240029117,378.94736842105266
68.37681867266144,327.27272727272725
59.13984373939495,378.94736842105266
60.5841316734994,400.0
60.23057174478392,378.94736842105266
75.38310629482608,400.0
54.60037786437049,342.85714285714283
61.987530844360506,360.0
69.51727388648779,400.0
85.07790675007634,378.94736842105266
70.74150765477086,342.85714285714283
68.54691464333666,378.94736842105266
66.82206582464894,400.0
67.95498608513897,342.85714285714283
59.832114034974396,360.0
68.7674014409718,378.94736842105266
50.69861258077861,342.85714285714283
107.7100281920319,450.0
