ep_returns,ep_lens
53.565596830605195,514.2857142857143
86.34757974601649,553.8461538461538
76.14747992835908,423.52941176470586
69.5954651072596,342.85714285714283
80.76491226754426,342.85714285714283
73.32149888071926,300.0
69.0329390245182,266.6666666666667
79.88248456483531,288.0
77.42114855699191,288.0
81.1327220157052,300.0
72.76067234806635,288.0
77.64142695775821,313.04347826086956
86.88719579844503,313.04347826086956
92.75835113076624,327.27272727272725
97.46134722845143,342.85714285714283
115.34631753895928,378.94736842105266
92.85163347229538,313.04347826086956
96.82288002069544,327.27272727272725
93.00928902798442,313.04347826086956
124.18623368162596,400.0
123.0188682662901,400.0
101.46171943278127,327.27272727272725
107.4632508587763,342.85714285714283
127.04785234886052,423.52941176470586
155.8784670313198,553.8461538461538
184.92689872771027,600.0
178.27681356107422,553.8461538461538
149.3776255987001,600.0
126.14412319364155,423.52941176470586
120.34994803524701,378.94736842105266
132.66362227880953,400.0
103.68842362435566,327.27272727272725
114.18576321516414,360.0
127.92510236157943,378.94736842105266
127.77989476820144,378.94736842105266
127.51196224283291,423.52941176470586
141.4087820498344,514.2857142857143
129.71193409666836,450.0
126.18875593888974,378.94736842105266
129.37578433796423,480.0
173.03690142959053,600.0
165.1791984169955,600.0
141.92209937232977,553.8461538461538
178.86389930622295,600.0
171.48581727184478,600.0
163.15190366643063,553.8461538461538
169.15499315023814,600.0
155.62838146832,514.2857142857143
169.75627323745385,553.8461538461538
136.95802982285508,423.52941176470586
137.27288841905096,480.0
147.3165560184006,480.0
143.19940775485196,423.52941176470586
140.49876410728598,378.94736842105266
180.57182813289157,514.2857142857143
184.81007286921238,553.8461538461538
137.4145498333184,423.52941176470586
165.5764932081656,423.52941176470586
157.0139084347973,400.0
111.94832193948609,300.0
139.14690312941553,342.85714285714283
135.37207661018567,342.85714285714283
129.25561619344467,327.27272727272725
124.47398045439516,342.85714285714283
127.44381678851141,327.27272727272725
153.4990712250311,400.0
125.57443226765811,342.85714285714283
174.52117093210168,423.52941176470586
136.52011899043876,378.94736842105266
143.44192612591033,378.94736842105266
155.79185735673641,423.52941176470586
159.8274630323946,423.52941176470586
149.021227502891,360.0
154.44542144165672,360.0
165.68060503923942,450.0
182.1830096023689,553.8461538461538
187.16606288604888,600.0
198.853525439138,600.0
207.3928132281645,600.0
206.9386845567206,553.8461538461538
206.3121996703791,600.0
207.2652973631311,600.0
222.79085793308514,600.0
187.92382670973754,480.0
197.40343283285472,553.8461538461538
210.54366296128313,553.8461538461538
194.69471093438503,600.0
201.14796234408786,480.0
217.00924949463231,480.0
196.86180234438132,450.0
214.1839332280724,480.0
199.15247148100508,514.2857142857143
243.6448795739117,553.8461538461538
245.04594164335606,553.8461538461538
230.36962504404323,514.2857142857143
224.50885848838604,514.2857142857143
291.62730853744284,600.0
273.3982628943104,600.0
246.81534854565132,553.8461538461538
277.572293176699,600.0
265.21044380856165,600.0
270.4279889849445,600.0
272.83353160665797,600.0
269.2331578948445,600.0
282.3854296033457,600.0
286.7005794879066,600.0
273.02883929507084,600.0
274.9174355588098,600.0
292.4572200070387,600.0
296.733143819298,600.0
276.18902874110125,600.0
293.40077283023345,600.0
289.2596991397741,600.0
285.43483977579706,600.0
289.9745076655343,600.0
271.0840668172697,600.0
298.21843871446987,600.0
273.60773209931654,600.0
291.7269963071003,600.0
280.84392521912747,600.0
238.18717524974065,553.8461538461538
294.1342146633503,600.0
300.5644577770195,600.0
302.2903691315901,600.0
286.1296577268701,600.0
295.46154336018515,600.0
298.5932872383408,600.0
263.5416060141341,600.0
296.2378688530495,600.0
289.7778255322583,600.0
306.90123251575193,600.0
299.73669937256574,600.0
294.12400902369455,600.0
289.218827666183,600.0
276.77322503034947,600.0
303.192745574103,600.0
292.3990258005881,600.0
297.3707550293001,600.0
293.90960965221484,600.0
280.79840347917246,600.0
264.37513577079903,553.8461538461538
256.14937105496756,553.8461538461538
243.5476882476575,514.2857142857143
256.579848968947,600.0
266.46138919643573,553.8461538461538
234.8798438717669,514.2857142857143
264.5500938150423,600.0
272.85274231184417,600.0
238.69649082071493,553.8461538461538
252.58722051131818,600.0
253.25166100298128,553.8461538461538
300.60942301076165,600.0
198.618528710587,514.2857142857143
248.41302896525397,600.0
255.9003104858498,553.8461538461538
266.62731657893124,600.0
281.91857278433105,600.0
262.863506598476,553.8461538461538
301.97488728881086,600.0
265.8013403943432,553.8461538461538
284.28942096670494,600.0
298.05787374336336,600.0
303.55696364833756,600.0
307.6108064094407,600.0
312.04668039783,600.0
270.64652084088357,600.0
279.1831051650464,600.0
250.13774346031107,553.8461538461538
279.00135342885966,600.0
292.5859902972446,600.0
295.7619163635934,600.0
297.32426016998073,600.0
311.1419241965902,600.0
299.1460857794752,600.0
306.2045838984578,600.0
302.23801120844456,600.0
306.67454249309253,600.0
293.973751435997,600.0
302.9089404730806,600.0
292.23718903831485,600.0
306.72785404742405,600.0
293.6849098737302,600.0
280.9566011937107,553.8461538461538
273.5936417011375,553.8461538461538
305.14453708943137,600.0
303.37530390321575,600.0
320.5579729553433,600.0
311.4792919117325,600.0
307.8952244176489,600.0
310.5771340815944,600.0
314.03171365833316,600.0
307.8491460216709,600.0
308.87315360151126,600.0
302.5683663177301,600.0
312.41029683814304,600.0
277.32902282059655,553.8461538461538
296.5152134955325,600.0
262.8597242570928,553.8461538461538
266.0430259759712,600.0
307.66177488682075,600.0
282.1141546222258,553.8461538461538
273.6684075126491,553.8461538461538
318.34126270647613,600.0
313.0554489756856,600.0
317.2759587302068,600.0
317.72117960030175,600.0
261.7024374671027,514.2857142857143
316.33170152375374,600.0
315.3847378433787,600.0
311.5564920324033,600.0
300.5545179247193,600.0
273.2750155839854,553.8461538461538
313.11171226709473,600.0
321.45894188457373,600.0
309.8304588096999,600.0
304.481242209524,600.0
300.2700655113845,600.0
311.0577675830198,600.0
307.35000935062084,600.0
310.2005785955733,600.0
316.58534371701967,600.0
300.80372956712364,600.0
281.49285752635274,553.8461538461538
316.1547825413053,600.0
265.89540857738535,553.8461538461538
304.5389972044519,600.0
308.1601898205587,600.0
283.4197087043071,600.0
270.6761017006269,553.8461538461538
267.75602756803534,553.8461538461538
271.21674745201136,553.8461538461538
281.6343546588033,553.8461538461538
264.2310801747578,553.8461538461538
291.3399845645501,553.8461538461538
317.01572438724276,600.0
262.4707729597623,514.2857142857143
309.17149576433144,600.0
314.10795732041066,600.0
320.6512933685503,600.0
317.76948261192865,600.0
296.6987616107821,600.0
318.8821271020616,600.0
285.7330029293769,553.8461538461538
303.5545507428451,600.0
313.269920576878,600.0
288.37598715636886,553.8461538461538
299.2812872340998,600.0
221.01952257216936,480.0
258.2583313142562,553.8461538461538
298.1418689553788,600.0
254.80686638874067,553.8461538461538
299.15230796387635,600.0
299.3650431690072,600.0
318.921983160995,600.0
266.7863466366623,553.8461538461538
276.5493309851636,553.8461538461538
300.31706217775695,600.0
252.58996334471496,514.2857142857143
306.74167784262187,600.0
306.59776227427534,600.0
308.01750681504774,600.0
287.19669715024787,553.8461538461538
256.4131283112606,514.2857142857143
303.7799915607243,600.0
271.8256655551088,553.8461538461538
266.5581823697213,514.2857142857143
287.13905023849145,553.8461538461538
284.9958278544359,553.8461538461538
260.5347339626945,514.2857142857143
287.671442145252,553.8461538461538
305.6270212079916,600.0
258.0253604390329,514.2857142857143
259.5347464020612,514.2857142857143
259.5707689623005,514.2857142857143
309.83558025058915,600.0
312.581582684787,600.0
286.005908051291,553.8461538461538
241.17770319807593,514.2857142857143
278.15663508293903,553.8461538461538
280.6639223199517,553.8461538461538
323.791373769382,600.0
205.92023312134913,450.0
316.98195377434143,600.0
321.45135196629644,600.0
310.93193699529803,600.0
320.7100386377793,600.0
253.05022955930417,514.2857142857143
285.21570968460287,553.8461538461538
265.5383653653177,514.2857142857143
309.5493199357439,600.0
287.665520646642,553.8461538461538
311.84344517393157,600.0
283.6072174953631,553.8461538461538
286.69121195794065,553.8461538461538
325.7505588250245,600.0
275.1087094495126,553.8461538461538
315.1544086242806,600.0
285.22271894632627,553.8461538461538
287.1642852681961,553.8461538461538
325.1047884880451,600.0
291.4375814634538,553.8461538461538
261.14731330328146,514.2857142857143
253.5085723817155,514.2857142857143
303.56628315084623,600.0
285.2622636948347,553.8461538461538
295.43353744486024,553.8461538461538
321.05554642756334,600.0
298.88453073530104,553.8461538461538
270.66345342023624,514.2857142857143
262.7245491833683,514.2857142857143
236.8483551370599,480.0
300.06436972765135,553.8461538461538
239.98761226400032,480.0
267.9830035584308,514.2857142857143
252.10627992841734,514.2857142857143
323.08165051524617,600.0
272.780016154898,514.2857142857143
295.7243274509552,600.0
258.1304281149378,514.2857142857143
250.3420623892811,514.2857142857143
208.05223260927306,450.0
284.46596182394836,553.8461538461538
288.96522539610675,553.8461538461538
286.3387455942598,553.8461538461538
277.32451880815836,553.8461538461538
225.40361176726304,480.0
234.56458125023033,480.0
263.8400426466824,553.8461538461538
239.96083390269288,480.0
288.32893478067814,553.8461538461538
308.17325448964397,600.0
279.61278891537853,553.8461538461538
308.1131128049354,600.0
295.91012882958825,600.0
258.1097107437707,553.8461538461538
245.1044692392766,514.2857142857143
225.9841367469131,480.0
247.22316028274489,553.8461538461538
253.1293123050827,514.2857142857143
281.70116668691196,553.8461538461538
277.6362202847056,553.8461538461538
280.8580783853527,553.8461538461538
229.59278393203445,480.0
260.27472570175314,514.2857142857143
255.9698505939439,514.2857142857143
246.05239697623583,514.2857142857143
322.46195451456606,600.0
224.07068818856726,480.0
279.6139993035563,553.8461538461538
282.68258322036894,553.8461538461538
298.65944137639184,600.0
309.3527829231254,600.0
297.9748709601199,600.0
229.57253090188553,480.0
283.635312053079,553.8461538461538
309.3814720490587,600.0
209.152410074616,450.0
297.7768187467286,600.0
305.72151548209894,600.0
247.4028320269149,514.2857142857143
248.7371750072864,514.2857142857143
246.03505948471047,514.2857142857143
297.20655792647074,600.0
235.48683463242855,514.2857142857143
251.93935650902353,553.8461538461538
269.5529156302878,553.8461538461538
296.87731565632816,600.0
270.7048011360183,553.8461538461538
233.57397890756738,514.2857142857143
268.0613730599178,600.0
250.94959129880024,553.8461538461538
279.4840882435497,600.0
258.1233631184818,600.0
209.4510638140777,480.0
278.0915946733786,600.0
233.06117700869905,514.2857142857143
250.71789841240252,553.8461538461538
261.334462722043,553.8461538461538
225.665530484976,514.2857142857143
280.16429261848197,600.0
269.76231079663756,553.8461538461538
206.44318562093713,450.0
265.8907661286214,553.8461538461538
243.2102542150938,553.8461538461538
234.68155940664226,514.2857142857143
285.2548577638998,600.0
274.3797846045196,553.8461538461538
251.85647709319332,514.2857142857143
272.43736339357156,553.8461538461538
273.5868245563564,553.8461538461538
285.51204033884557,600.0
287.0135466287249,600.0
290.0592578323203,600.0
271.1772583087872,600.0
273.3443904992882,600.0
294.7087718467145,600.0
282.98216295935566,600.0
259.5872701065318,553.8461538461538
262.91535408069944,553.8461538461538
248.8432816838341,553.8461538461538
271.1650655670468,600.0
218.20406786921512,514.2857142857143
269.987664599963,553.8461538461538
268.3628815285423,600.0
275.4504962636376,600.0
219.72828963906292,514.2857142857143
270.30000203468285,600.0
280.754942970213,600.0
185.7694949549952,450.0
190.66467240257415,480.0
206.12739456214368,514.2857142857143
189.08545000190026,480.0
223.15394600633428,514.2857142857143
174.54841998536872,480.0
209.3978981077318,514.2857142857143
219.7320029285227,553.8461538461538
235.2747041678384,553.8461538461538
235.1026557543748,553.8461538461538
245.93329641708516,553.8461538461538
258.097161053919,553.8461538461538
279.8427254477646,600.0
237.15704383194387,514.2857142857143
250.58809055880798,553.8461538461538
257.57602912457025,553.8461538461538
262.83161287877414,553.8461538461538
256.35766478696354,553.8461538461538
205.99158098110505,480.0
202.70876557770407,480.0
236.8658550738639,553.8461538461538
238.89180355464225,553.8461538461538
213.42172506971428,553.8461538461538
237.52279211170128,553.8461538461538
217.27484007406156,514.2857142857143
245.09534036941736,600.0
235.2510555474232,553.8461538461538
226.265409509985,514.2857142857143
214.57473640490764,480.0
290.1676330483063,600.0
222.35353242267914,514.2857142857143
253.84006216449473,553.8461538461538
192.90349193899098,480.0
212.80460891246153,514.2857142857143
287.56381722484116,600.0
241.69328627439728,553.8461538461538
256.252073424945,553.8461538461538
290.332064284207,600.0
229.36075460689625,514.2857142857143
266.9376345973418,553.8461538461538
261.3930924950772,553.8461538461538
271.505395558794,553.8461538461538
197.67653567943492,480.0
208.71661182145115,514.2857142857143
195.50568192103555,480.0
188.5701867404591,480.0
252.0683972746257,553.8461538461538
249.3105513136342,600.0
184.67065582662465,480.0
178.22246864560256,480.0
174.19419197192283,450.0
190.05082691515165,514.2857142857143
187.43628946037623,480.0
180.75037642637824,450.0
194.9062113011431,480.0
211.44975519228362,514.2857142857143
262.04353318405794,600.0
296.84366758594007,600.0
276.8142337398734,600.0
248.47560855711228,600.0
214.33447186492037,553.8461538461538
205.52113145239028,514.2857142857143
229.10885177406516,553.8461538461538
233.2685255279478,600.0
242.59280927767225,600.0
253.28380652287365,600.0
241.96359398697334,600.0
263.0441795861784,600.0
276.611986259892,600.0
271.98089409076994,600.0
236.58816559064275,553.8461538461538
252.27046901569813,600.0
245.03408178415148,600.0
225.20291691335171,553.8461538461538
246.21701963777593,600.0
250.11597297611772,600.0
250.0202599391806,600.0
244.97166811256352,600.0
251.43923662982243,600.0
246.67516451749944,600.0
248.1941918319068,600.0
241.95839772026474,600.0
230.4247825246788,600.0
247.90949033063507,600.0
224.4065368179405,600.0
239.03330091640507,600.0
227.91829061677504,600.0
224.93197297834922,600.0
209.40920063552025,600.0
199.15688516416162,600.0
237.27461897588992,600.0
221.02139506734548,600.0
197.77484561577026,553.8461538461538
221.0362108281441,553.8461538461538
233.83685502121094,600.0
212.42619664941128,600.0
228.05821528711115,600.0
214.9382788678831,600.0
209.59652775504958,600.0
227.17615520945606,600.0
226.5491195280898,600.0
227.59420192363487,600.0
222.74033946247516,600.0
239.79090772792142,600.0
225.68053689687778,600.0
238.57492733808382,600.0
208.31028831759872,600.0
212.83906786378495,600.0
213.59030032667968,600.0
218.6916615447602,600.0
204.2411630513815,600.0
232.31583823243753,600.0
208.59794846249747,600.0
233.84843817536225,600.0
236.46247478827,600.0
217.55357235367458,600.0
238.322133312991,600.0
189.651836088419,553.8461538461538
230.91671549335604,600.0
216.34864404230996,600.0
200.1561898277256,600.0
201.84953721377818,600.0
199.36388418218658,600.0
208.4551574755886,600.0
235.56264726210122,600.0
219.04212325684014,600.0
192.35317616314543,600.0
207.9480757640073,600.0
192.62476152489148,600.0
198.50623303190252,600.0
200.6386654659848,600.0
189.2387270549232,600.0
226.19198602171073,600.0
218.98290130882364,600.0
223.01915472949432,600.0
212.64310637451504,600.0
217.4696560931419,600.0
221.2603423958592,600.0
215.66248519416203,600.0
225.4283376917993,553.8461538461538
236.01422988720137,600.0
242.89455102984496,600.0
240.5646759006896,600.0
233.00479851965494,600.0
229.17829625084914,600.0
232.7672868415751,600.0
225.89442126626008,600.0
227.60393576141487,600.0
219.87145075389412,600.0
219.4501438494979,600.0
228.62336679416,600.0
219.43853539968902,600.0
235.67277974559238,600.0
255.38786892351052,600.0
233.61101057588886,600.0
222.62247814731793,600.0
232.84868135463674,600.0
244.41447480432763,600.0
237.80459245768057,600.0
250.43998595438322,600.0
239.29368422872042,600.0
233.48737949997977,600.0
242.9133522671066,600.0
252.4335480639423,600.0
220.05776524611062,600.0
244.64595648981535,600.0
249.45856668120655,600.0
233.63014683263336,600.0
249.86063141299374,600.0
272.36663454154615,600.0
243.3964481726556,600.0
237.71147231799523,600.0
240.66913189373824,600.0
240.7528771578468,600.0
254.3138766068223,600.0
263.0099995107127,600.0
225.90492347153892,600.0
253.6594579942118,600.0
247.43313922629355,600.0
242.84478548390896,600.0
250.1332507963881,600.0
261.3007403294568,600.0
246.30735593130342,600.0
246.09227647743742,600.0
245.0816574595723,600.0
257.57338013218634,600.0
251.92639728425908,600.0
225.18997796538235,600.0
219.86032017328526,600.0
230.35593122774415,600.0
245.7064255125475,600.0
237.28138811713336,600.0
244.5332870487231,600.0
255.65937419367228,600.0
244.54693511402192,600.0
213.9122287419292,600.0
220.4317298629794,600.0
235.80169342588593,600.0
246.2171854709895,600.0
233.680816971292,600.0
248.8521297025181,600.0
239.93449616594373,600.0
259.98156400180187,600.0
239.48127327192284,600.0
262.11857075511733,600.0
220.2732971033506,600.0
254.33037956755854,600.0
222.8870689863836,600.0
242.1619219611937,600.0
207.5549667662261,600.0
237.70039021288414,600.0
220.56156551702347,600.0
235.61345733175537,600.0
256.2780699881133,600.0
255.86020012296797,600.0
253.31647286198032,600.0
254.6248271515983,600.0
265.2733891477428,600.0
234.51095801383664,600.0
220.37107129472474,600.0
265.85170657282293,600.0
246.03499506731012,600.0
259.20964028205293,600.0
269.6680161857234,600.0
264.3102467248549,600.0
238.20046090004678,600.0
263.983752848484,600.0
267.0479133819556,600.0
261.7766885534854,600.0
245.84037319149584,600.0
272.6002132178981,600.0
254.36340050752347,600.0
248.5920037179998,600.0
260.617599387131,600.0
242.40922441218913,600.0
246.9072557402486,600.0
256.37067999347136,600.0
225.27249285895445,600.0
255.32440943856292,600.0
255.78969734850799,600.0
268.8622442440717,600.0
249.82062929673668,600.0
241.2736464766456,600.0
245.51001686663162,600.0
278.1513093453097,600.0
267.5827668423332,600.0
233.29976330055578,600.0
258.99307794158386,600.0
265.3734118694824,600.0
264.6509889521816,600.0
242.81720190997945,600.0
255.98007255474272,600.0
254.67441830462306,600.0
254.05854454043973,600.0
247.09973657351057,600.0
234.1956554396677,600.0
273.4452539732201,600.0
257.76975315822364,600.0
241.6018690630402,600.0
250.55162728981122,600.0
236.35539333655242,600.0
254.12479300321274,600.0
260.20857047431946,600.0
276.1131031135199,600.0
244.16613929082268,600.0
253.62963453120622,600.0
237.1499938460047,600.0
252.18811801100082,600.0
247.5001514785014,600.0
220.92473614128346,600.0
245.97613369261208,600.0
262.78871741469214,600.0
232.40091326767262,600.0
230.94511243521572,600.0
250.3423429271899,600.0
268.533573558488,600.0
266.4691782003767,600.0
260.4931949951951,600.0
265.7784698967682,600.0
261.198455770916,600.0
244.5784171873879,600.0
257.0399899831082,600.0
268.53790169773197,600.0
289.9221145048302,600.0
252.29481589741417,600.0
267.07181052601464,600.0
252.74407517516042,600.0
276.92430299566024,600.0
264.38319800340537,600.0
251.1833311056682,600.0
263.11830535465987,600.0
281.8923519947004,600.0
273.6300481431617,600.0
289.1271640756986,600.0
258.3682636799188,600.0
267.88111601649405,600.0
274.9367479369624,600.0
261.3424845389474,600.0
253.52329847713543,600.0
287.9142119915471,600.0
280.91328474864946,600.0
245.75159409239436,600.0
270.59661072872433,600.0
260.53310264168573,600.0
269.1796294914054,600.0
267.75873214914117,600.0
231.80921265663702,600.0
246.11397173291002,600.0
247.35481811479917,600.0
258.6637919284005,600.0
256.0444991247303,600.0
261.2843046737847,600.0
261.7083079122212,600.0
260.06759800073826,600.0
255.56999215035702,600.0
278.9066364477324,600.0
259.58193277451295,600.0
245.4733679093756,600.0
246.98075376775967,600.0
269.308324485801,600.0
253.55392164748935,600.0
233.0084680930926,600.0
239.31027765246185,600.0
258.39343989156106,600.0
241.93395253754613,600.0
246.698491008813,600.0
262.3608131939239,600.0
261.13462830854616,600.0
251.80642522810194,600.0
267.44781723796115,600.0
270.07977624791914,600.0
262.6649042482773,600.0
259.18983005784963,600.0
260.14823865733297,600.0
238.75875906390272,600.0
265.774081008595,600.0
263.722260822378,600.0
261.47490087423154,600.0
265.58923504395517,600.0
257.34177335202577,600.0
256.366246436931,600.0
286.77718343437243,600.0
269.8449352851059,600.0
293.74780102395823,600.0
254.23386847780876,600.0
250.25748474345764,600.0
268.3076677791018,600.0
271.2476385429619,600.0
237.98073853416096,600.0
270.5613122728301,600.0
265.32829279092965,600.0
238.64780856095217,600.0
269.28837686114144,600.0
266.8043715829993,600.0
253.8781348669329,600.0
271.1863591295812,600.0
271.3325783237962,600.0
274.88294542228937,600.0
265.80305539031207,600.0
244.78486897085688,600.0
269.9269434121978,600.0
264.4963843402714,600.0
288.90315788419156,600.0
255.89076884094956,600.0
258.3058878369481,600.0
262.06386625130745,600.0
257.01309936443516,600.0
251.6574150138698,600.0
262.183458943516,600.0
245.37526663424012,600.0
262.5196374249717,600.0
271.64556210706724,600.0
263.3808441958235,600.0
252.07521723068635,600.0
268.5336369645834,600.0
240.32259472476213,600.0
258.4947093401018,600.0
249.60201573171187,600.0
250.68890511333237,600.0
267.1901752658237,600.0
256.81027034026107,600.0
271.2807132715618,600.0
274.01227908871783,600.0
273.47924266359615,600.0
265.01129147230665,600.0
274.54361454909457,600.0
267.0491242392197,600.0
268.7879496311172,600.0
264.00407643954395,600.0
255.3461496617684,600.0
277.16306825306606,600.0
251.46882721381004,600.0
274.78790316553165,600.0
258.90295634813475,600.0
268.4801456019016,600.0
271.2718329529252,600.0
285.2809783673065,600.0
258.49972199635084,600.0
274.3451394658611,600.0
265.11048461934314,600.0
274.8313533872717,600.0
276.26513151097237,600.0
280.39993277089627,600.0
283.9808047762355,600.0
273.0516118481328,600.0
272.0445399433847,600.0
258.71396214826797,600.0
278.989001383432,600.0
265.9189560144255,600.0
267.41484553613776,600.0
279.24703550064663,600.0
291.02419192830797,600.0
266.1717245784688,600.0
270.3595058528592,600.0
254.34684190749132,600.0
256.5938778364105,600.0
282.8831571544093,600.0
272.3219179371052,600.0
276.0366732168559,600.0
264.871314683197,600.0
268.63143737933905,600.0
251.06190636831374,600.0
268.5413789196368,600.0
284.2676961507018,600.0
259.3732279624259,600.0
230.11673900034577,600.0
274.4322723706054,600.0
253.89404933513026,600.0
262.24802886704606,600.0
282.5166938789191,600.0
267.3743351561904,600.0
279.2514556998124,600.0
278.1723546952644,600.0
297.026493536161,600.0
291.0103015463738,600.0
287.94758974988304,600.0
258.98555988026646,600.0
275.3503800337997,600.0
268.59469460417864,600.0
271.92495785059117,600.0
297.4046313779508,600.0
289.23091111809805,600.0
290.08626943448763,600.0
281.30153029603935,600.0
291.5119644183024,600.0
278.75210784178194,600.0
297.47701666253477,600.0
274.24125848416804,600.0
296.56240889518085,600.0
294.8089903079029,600.0
283.6684883131961,600.0
299.3979311147676,600.0
300.21391676556755,600.0
283.2810413745951,600.0
286.17789871805775,600.0
289.1000591077506,600.0
288.80481322952755,600.0
302.2710572034227,600.0
277.28642878924114,600.0
277.7311136062473,600.0
303.66162000017,600.0
291.1395447681039,600.0
281.4531094160555,600.0
315.6371630932698,600.0
267.19197383882664,600.0
275.4357773889606,600.0
281.6600404940928,600.0
294.93339015555557,600.0
295.0970285791538,600.0
298.08434503481254,600.0
293.4952449227629,600.0
295.16394200399867,600.0
264.1371342119355,600.0
263.3882972822044,600.0
284.76398419733636,600.0
287.11401317378903,600.0
303.65601703016887,600.0
294.0444886419324,600.0
282.4787684801177,600.0
271.5622466879815,600.0
303.4567753609315,600.0
295.93253201710394,600.0
286.820708775077,600.0
296.2947851641716,600.0
287.68531005401195,600.0
269.17698242091836,600.0
291.48857973309083,600.0
292.31817098134036,600.0
305.07882509657384,600.0
269.689311767728,600.0
289.5039754432323,600.0
285.0833769718619,600.0
279.40208304158335,600.0
281.2802780335317,600.0
280.81026069026854,600.0
295.3385261928908,600.0
279.54132525271547,600.0
273.9033934097111,600.0
301.9374336394504,600.0
291.23791950043073,600.0
284.9028778939632,600.0
282.78574366927046,600.0
282.8774515503089,600.0
282.9552932014562,600.0
293.7117828643482,600.0
266.8298016263705,553.8461538461538
273.2694662525583,600.0
298.310827501589,600.0
283.743393365742,600.0
264.9233657524407,600.0
275.0618323147758,600.0
294.1012725426298,600.0
288.4799081601677,600.0
289.66637976290593,600.0
300.6904748540695,600.0
284.9944168726434,600.0
269.36121021682294,600.0
258.1273806074166,600.0
289.46994205219477,600.0
293.39664934981425,600.0
278.89453974561576,600.0
272.5921080247897,600.0
267.9975874040441,600.0
280.28507963570524,600.0
252.62044900055616,553.8461538461538
306.82189573759774,600.0
300.8242332698614,600.0
292.58500302253515,600.0
287.79724134423054,600.0
275.72145063630444,553.8461538461538
270.06369571333033,600.0
272.2159671719514,600.0
283.5820546155635,600.0
289.8715570193912,600.0
271.89908578096384,600.0
267.5103790028301,553.8461538461538
272.1728917654271,600.0
278.0639422438235,600.0
298.96015321418776,600.0
247.0581609906319,600.0
294.4735559157087,600.0
304.8358206972802,600.0
255.87253498905716,600.0
303.52422415309917,600.0
280.0297108463626,600.0
292.179968570604,600.0
271.0610262225481,600.0
260.11881008947483,600.0
279.72703517749216,600.0
296.56811933991884,600.0
286.0568402748352,600.0
279.2799521605491,600.0
277.78672045160494,600.0
302.77013268232037,600.0
287.2964750952411,600.0
266.708223592093,553.8461538461538
271.2901895726973,600.0
299.34536132980026,600.0
289.3520041981638,600.0
283.65979725835354,600.0
311.089938447582,600.0
294.63433824535747,600.0
294.31103356094377,600.0
304.0567476899577,600.0
289.18421347073803,600.0
304.4974203091037,600.0
312.34265977891295,600.0
305.7409423426673,600.0
299.7898269412441,600.0
303.712030855407,600.0
293.2002806024644,600.0
308.4758580701886,600.0
289.38640937170277,600.0
298.52282027011654,600.0
288.57406564673965,600.0
304.12599556464767,600.0
308.40671991255346,600.0
314.95150112440734,600.0
297.8734837931813,600.0
296.1288160003879,600.0
295.918304727436,600.0
291.1996930205056,600.0
303.2777669409158,600.0
304.26112680700527,600.0
312.249236015554,600.0
297.98728944748296,600.0
295.00326583920054,600.0
293.0167411517397,600.0
307.93523383599626,600.0
254.65445699993793,600.0
309.24993018230595,600.0
305.69612453666997,600.0
287.0621148202027,600.0
295.66220307017767,600.0
288.61878908760633,600.0
295.07377567310533,600.0
290.94018682979987,600.0
288.9727273533959,600.0
298.6451975649906,600.0
296.1907764512801,600.0
286.57672136947315,600.0
306.54625218199754,600.0
307.6756373161592,600.0
317.955587516539,600.0
293.44517285214084,600.0
300.48107764647494,600.0
292.30952378441367,600.0
295.35811189853075,600.0
303.7991709221304,600.0
278.2650806086669,600.0
308.48546979885083,600.0
286.5515405004193,600.0
296.6224300505302,600.0
298.03352307028797,600.0
292.930186922441,600.0
265.99911243596705,600.0
301.7464192264049,600.0
294.91909266455514,600.0
291.84928978983663,600.0
302.0517377903833,600.0
302.16356312894214,600.0
303.5439674410234,600.0
301.73440081022,600.0
301.0557844748093,600.0
285.25255283592753,600.0
296.36887993890423,600.0
260.7253522941578,553.8461538461538
297.2810150334728,600.0
267.59717410103707,600.0
282.82465173788677,600.0
279.76038970783475,600.0
286.8507925256762,600.0
282.82149727519,600.0
297.14100114640104,600.0
286.4639672657037,600.0
302.0250683636848,600.0
278.91070075726043,600.0
289.6281076674102,600.0
287.9962621415923,600.0
293.2054806011312,600.0
290.8447372541472,600.0
269.62957248452125,553.8461538461538
278.2055480562294,600.0
303.9844047759222,600.0
304.7722583889014,600.0
300.8895996178505,600.0
290.25772202828574,600.0
302.89661954944,600.0
301.15850004597195,600.0
291.8806059811187,600.0
286.98065282101584,600.0
310.9037389967705,600.0
305.8246920530901,600.0
302.2423605935577,600.0
270.1763457504054,600.0
308.2557132763324,600.0
291.8214538174478,600.0
297.2425377751172,600.0
296.46003677595735,600.0
300.8639510867558,600.0
291.74766022660856,600.0
301.8969079675685,600.0
289.41757712118306,600.0
289.23739736090596,600.0
315.53260840386514,600.0
298.6675355294504,600.0
295.83749386581735,600.0
291.8831975379779,600.0
302.989186987101,600.0
297.0182956800606,600.0
300.76068129582745,600.0
306.02611829995914,600.0
307.5435121850097,600.0
309.18081557815486,600.0
301.53000516149086,600.0
297.01924778262264,600.0
304.18463534333137,600.0
300.1566685017238,600.0
291.75887101742495,600.0
305.5221775058546,600.0
283.121637012019,600.0
298.76657815536436,600.0
301.73076060843584,600.0
311.49509509072146,600.0
285.6790564577107,600.0
306.69307068957943,600.0
297.7466355365057,600.0
313.58954479684536,600.0
303.91994022389906,600.0
287.51220261844514,600.0
297.67175166077067,600.0
304.15246440675594,600.0
308.71706463255924,600.0
306.939889460541,600.0
297.8599613938827,600.0
304.38675882385195,600.0
310.0647193896178,600.0
301.66002127149414,600.0
313.4254523200895,600.0
289.8674120553555,600.0
298.3310637810194,600.0
297.67853872727085,600.0
298.2052929199961,600.0
304.9344993543739,600.0
304.03774842822867,600.0
280.9559456234487,600.0
304.38036803524307,600.0
293.3857173687423,600.0
304.03290918312945,600.0
309.339510341766,600.0
309.2368498282782,600.0
315.1700322678652,600.0
316.0996951249553,600.0
309.7344083124735,600.0
304.9635368664796,600.0
311.8632787515147,600.0
312.46591255698,600.0
311.89625051272645,600.0
306.36639994183633,600.0
308.3773151335644,600.0
319.7732554335062,600.0
312.9177335502054,600.0
296.6650309163191,600.0
315.19783992419934,600.0
290.1400408755813,600.0
310.15958521243937,600.0
309.88853130550115,600.0
318.00078058524167,600.0
307.01666150744103,600.0
308.9740698741554,600.0
302.43929763212145,600.0
300.24132590081126,600.0
314.8820808756488,600.0
296.4555598801067,600.0
307.2707712226783,600.0
300.4556645252488,600.0
303.87459301050444,600.0
308.06462564721875,600.0
316.06108367517965,600.0
300.5449154757418,600.0
282.4581283125531,600.0
304.4460778196603,600.0
291.6031134841893,600.0
297.5109792163599,600.0
305.54272937625854,600.0
296.4985953267414,600.0
297.88006023083307,600.0
303.600398521596,600.0
306.95515398252945,600.0
310.7636986678604,600.0
305.00389069627687,600.0
313.29265802683295,600.0
277.70730169785594,553.8461538461538
309.91381369828144,600.0
307.2079905983065,600.0
299.2871780768473,600.0
293.9935931362597,600.0
305.0315982900184,600.0
309.700501041389,600.0
318.9324074845493,600.0
314.12870157576737,600.0
283.9255810974189,600.0
306.36637579146736,600.0
315.49061225140684,600.0
304.700332134915,600.0
295.3420101432946,600.0
310.8490505893852,600.0
288.1968811997251,600.0
314.08068108069483,600.0
280.58696859548803,600.0
278.35752941811364,600.0
307.0145475023941,600.0
309.18539488112714,600.0
303.02299982854527,600.0
295.89341745613086,600.0
284.8152537974756,600.0
306.97555441465437,600.0
311.7379043270958,600.0
304.4063793009149,600.0
291.61068238980516,600.0
317.6078748969333,600.0
298.17504392881614,600.0
295.8159288755264,600.0
293.36695190429174,600.0
305.41147903023614,600.0
280.2805489542845,600.0
302.1520865487244,600.0
301.94854784314265,600.0
322.24021478894616,600.0
299.5351440151858,600.0
298.3094077676141,600.0
318.1307798081025,600.0
317.653957572544,600.0
322.03675086568927,600.0
305.5002691670809,600.0
310.81494392198596,600.0
307.29642287554486,600.0
319.3966102919873,600.0
305.53158351890625,600.0
312.8852288636611,600.0
310.5110052244082,600.0
317.90557380803676,600.0
309.1113028409488,600.0
300.24689289150524,600.0
314.4230266654899,600.0
311.11456617083377,600.0
293.0079846466749,600.0
306.3106503673735,600.0
299.3615983131736,600.0
302.86512843695647,600.0
296.4018144268929,600.0
297.5218694920705,600.0
301.01292490608654,600.0
311.25485423592824,600.0
310.391388149855,600.0
302.65294682109646,600.0
302.07751896973156,600.0
305.9227843657823,600.0
307.95386771963916,600.0
315.63897980635943,600.0
318.57138714454095,600.0
295.0070801304491,600.0
313.91711952723256,600.0
312.91365181078345,600.0
293.54486140702113,600.0
296.1409406288729,600.0
295.29083667367064,600.0
272.5530100918457,553.8461538461538
306.4615375419974,600.0
284.3312218694276,553.8461538461538
298.9426506741737,600.0
289.8993983758842,600.0
298.8506998623482,600.0
304.7740804999036,600.0
299.5840684986661,600.0
287.56560738061154,600.0
308.22356247975017,600.0
294.5161527197583,600.0
299.843203692847,600.0
295.48423147553,600.0
306.0061374979448,600.0
290.3482479416636,600.0
292.97471619998,600.0
299.1032515381903,600.0
297.74025598493677,600.0
308.98572509024854,600.0
303.0743792932262,600.0
285.61243867917585,600.0
287.8070242254632,600.0
307.4264364842932,600.0
305.18431606947814,600.0
297.74319419022163,600.0
300.2562654284441,600.0
309.6301985008948,600.0
282.6588849543671,600.0
301.8414506155412,600.0
288.8762436679782,600.0
311.4946814626994,600.0
302.7270494440156,600.0
301.9686239890288,600.0
303.3192603329779,600.0
292.63233827932333,600.0
245.15716622692793,553.8461538461538
288.20780254335074,600.0
256.905651253318,553.8461538461538
265.49835031963863,600.0
306.3613840607267,600.0
302.60441055739676,600.0
294.6517914034977,600.0
296.318153312009,600.0
298.6915358248731,600.0
274.95046128475894,553.8461538461538
291.62344298363894,600.0
303.5167866797883,600.0
282.05008158886216,600.0
287.4533949829776,600.0
300.8495552784328,600.0
270.76701140307307,600.0
294.80873237911004,600.0
281.89589383327626,600.0
287.50134904651617,600.0
301.4637189435661,600.0
300.219469515318,600.0
318.07304571884634,600.0
301.32609217270544,600.0
291.8431745240354,600.0
299.53029964747077,600.0
320.24765578865834,600.0
293.96094836271175,600.0
288.63265135220377,600.0
288.2264177954375,600.0
296.50372795428194,600.0
297.3197881093774,600.0
310.56093940583975,600.0
302.5295378662649,600.0
305.71893058826754,600.0
298.7584330039299,600.0
280.53306631144665,600.0
309.0049821621625,600.0
317.0785411944285,600.0
297.3946794753975,600.0
306.0129923661338,600.0
315.21219617131896,600.0
303.54726337446095,600.0
307.60852849760744,600.0
305.0183337692935,600.0
298.64267159865466,600.0
297.85142625496775,600.0
311.35112387875193,600.0
305.73092772719133,600.0
309.942888577806,600.0
304.50052058173856,600.0
308.56893960849925,600.0
316.6245172910581,600.0
309.05828765890914,600.0
293.5988266126638,600.0
301.3259146540835,600.0
306.996433726268,600.0
296.5350753934288,600.0
304.5611477627239,600.0
297.33059522029623,600.0
305.6264586094447,600.0
308.54517145747377,600.0
302.637906995895,600.0
294.0487034035015,600.0
306.98592330048695,600.0
278.4864053084827,553.8461538461538
304.5582650716474,600.0
309.3261379627755,600.0
302.0210590741643,600.0
306.387055514381,600.0
307.99385617067884,600.0
294.36903182822454,600.0
282.04386922045853,600.0
304.08296561068363,600.0
298.9159652200873,600.0
302.91550270944674,600.0
306.27502875657495,600.0
307.7678537663913,600.0
310.01040530750123,600.0
299.3760292228748,600.0
297.42748876094646,600.0
284.12028197355863,600.0
285.3011753682331,600.0
283.2787303369109,600.0
306.2348790865444,600.0
300.9013213734269,600.0
293.34950027308287,600.0
307.00169884689836,600.0
291.1299425660183,600.0
286.81336142235017,600.0
280.1313317322406,600.0
300.48071530125,600.0
299.24937957964494,600.0
285.7734232355526,600.0
306.4831927939327,600.0
280.896275363906,600.0
285.34224660326,600.0
297.8663683681819,600.0
306.8543578116156,600.0
292.1771601837426,600.0
293.543081281116,600.0
290.9482508809117,600.0
295.52858956866584,600.0
276.48670266225275,600.0
295.52946473230327,600.0
290.6977277098741,600.0
291.25671812538616,600.0
271.8932390237009,600.0
270.8385296041888,553.8461538461538
276.4741571685964,553.8461538461538
304.72138165994465,600.0
305.2417653841735,600.0
291.84642090947625,600.0
294.3043653409698,600.0
304.8827674457291,600.0
287.79874299717596,600.0
302.7641825535324,600.0
313.3350108860288,600.0
299.810675872697,600.0
308.95505420234224,600.0
302.4080675462786,600.0
301.76173863862255,600.0
294.40753123613837,600.0
299.0009649251249,600.0
295.0262398036107,600.0
284.61745264676847,600.0
300.6194485931652,600.0
309.6102821970448,600.0
310.47072642985876,600.0
301.5897200729318,600.0
293.44721365070626,600.0
293.2473567659608,600.0
305.1571314432728,600.0
285.6205704595396,600.0
304.1732603605767,600.0
304.66474591555954,600.0
282.23568133141,600.0
299.0066371889801,600.0
294.2050022402767,600.0
288.1920812117335,600.0
307.49640783448166,600.0
308.29783840487875,600.0
301.74483895260516,600.0
307.456902356713,600.0
290.5617299388076,600.0
280.91598999840414,553.8461538461538
287.87830407945444,600.0
294.2310049546691,600.0
262.31140159152534,600.0
295.61148298176676,600.0
298.05173093424213,600.0
288.2048610791215,600.0
296.3474806285926,600.0
299.8127219972655,600.0
301.5240718100549,600.0
295.0274017239782,600.0
292.8745899318378,600.0
274.9575582516449,553.8461538461538
275.3979561110931,600.0
300.1720365789319,600.0
294.6112326931822,600.0
285.0118472251765,600.0
296.2603170796929,600.0
308.66884361365493,600.0
291.0410571808341,600.0
303.7377423825124,600.0
301.1839706535892,600.0
291.3012965174286,600.0
306.8086984822392,600.0
298.23474709997834,600.0
305.66681224201375,600.0
300.916990102712,600.0
295.7187480268805,600.0
297.954397446249,600.0
268.61199618694906,600.0
275.63376626061233,600.0
301.0518871789208,600.0
291.338120261847,600.0
302.390275775606,600.0
275.2347460990636,600.0
296.04919472899445,600.0
293.9143209996802,600.0
304.1242357716268,600.0
311.729033410774,600.0
302.278577286829,600.0
293.01864656537185,600.0
288.890640538839,600.0
293.4176772850845,600.0
288.87998403711936,600.0
285.10096131341237,600.0
255.3892942230316,553.8461538461538
290.5297259142115,600.0
293.83759963711213,600.0
310.0173806495727,600.0
289.5402114385343,600.0
289.2886864770876,600.0
290.66100024812687,600.0
305.5838873864789,600.0
287.8934578278138,600.0
285.3900791638206,600.0
276.95495464273296,553.8461538461538
305.2867381382065,600.0
277.84905478980215,553.8461538461538
300.7771535145935,600.0
257.7113398697952,553.8461538461538
277.2559314278481,600.0
304.7273028076574,600.0
283.76676215516545,600.0
297.9971958963029,600.0
303.16495295638055,600.0
287.4802519886447,600.0
303.50886331367764,600.0
310.25470970321277,600.0
285.89655051110356,600.0
288.5254710544055,600.0
294.211919085039,600.0
298.601452418408,600.0
294.11448112989984,600.0
301.35275191412813,600.0
306.44554655593123,600.0
294.49876095143344,600.0
295.4187487832797,600.0
281.8812331582235,600.0
304.8323317990947,600.0
301.2720866992129,600.0
302.4052581676871,600.0
287.9258496981425,600.0
292.00442775520713,600.0
286.89730366320026,600.0
298.962901424439,600.0
298.67088390524106,600.0
