ep_returns,ep_lens
123.50297950311953,553.8461538461538
122.03679397527675,553.8461538461538
138.4128275469097,600.0
132.5083321458805,514.2857142857143
135.6333068841051,553.8461538461538
113.62523749143608,514.2857142857143
125.14637702514804,553.8461538461538
116.1965496783732,514.2857142857143
136.86257158777897,553.8461538461538
126.55212370631203,514.2857142857143
123.17189055951475,553.8461538461538
133.5326085334071,553.8461538461538
132.1928680051993,553.8461538461538
119.55783491876493,553.8461538461538
138.97354208536998,553.8461538461538
149.08170981810505,600.0
130.01463631263942,553.8461538461538
150.013839144802,600.0
144.6595180118626,600.0
126.51742712610145,553.8461538461538
134.3980762567058,553.8461538461538
118.6529682775499,480.0
138.57565716032556,600.0
136.82699475801826,553.8461538461538
129.39455770831972,514.2857142857143
111.23819892082665,553.8461538461538
137.3318440137315,600.0
146.98059866830334,600.0
108.19533980790736,514.2857142857143
118.53432189733554,514.2857142857143
123.76595918155509,553.8461538461538
107.97040406458807,450.0
105.76181962298243,514.2857142857143
132.59220231505864,553.8461538461538
139.42954379943725,600.0
127.23811083771072,600.0
137.63964429717032,600.0
97.69391228411149,450.0
136.92006330009346,600.0
128.63343840318035,600.0
145.74201671429086,600.0
110.50225741506891,553.8461538461538
95.13066381782586,480.0
123.21608983718171,553.8461538461538
135.6804876155214,553.8461538461538
148.99641103883383,600.0
112.04317094654213,553.8461538461538
127.88001929202602,553.8461538461538
156.4971912751626,600.0
120.70149375401255,553.8461538461538
122.29677900024654,480.0
88.98562062403289,423.52941176470586
111.3208100434218,514.2857142857143
145.27423985951054,600.0
109.73798954494123,480.0
138.32823892682057,600.0
120.44627566203644,553.8461538461538
127.06070804563738,553.8461538461538
113.21937062545264,600.0
141.03591479741993,600.0
156.36584056819706,600.0
146.65032577511985,600.0
134.48213255008133,553.8461538461538
134.1987847150162,553.8461538461538
136.3896377364414,553.8461538461538
142.99130917939164,553.8461538461538
128.93959637616956,600.0
158.59183974536313,600.0
126.70037635815318,553.8461538461538
155.19473701370418,600.0
113.7885238763335,553.8461538461538
127.88894640556526,553.8461538461538
121.86366702200115,600.0
109.49024136595402,514.2857142857143
95.02026860582257,450.0
111.77449278643887,514.2857142857143
108.72700774004385,553.8461538461538
136.5257610009863,553.8461538461538
131.66726966411213,553.8461538461538
129.71128586194217,600.0
158.97171001192558,600.0
132.70230415992725,553.8461538461538
152.90322630677255,600.0
137.6059590852608,600.0
154.59083517641818,600.0
106.62481495690741,553.8461538461538
105.02630991433344,480.0
102.28636829219515,450.0
101.09185651553119,480.0
128.24594765357048,514.2857142857143
124.54161999385785,600.0
123.36401059934876,553.8461538461538
124.38633262408514,553.8461538461538
103.71030724324291,450.0
141.6117511651911,600.0
91.71955242957117,480.0
145.74706442139623,600.0
110.57780507639526,514.2857142857143
106.12338408427026,514.2857142857143
130.55091368342462,514.2857142857143
152.72871415502502,600.0
78.5449838707374,450.0
101.35391054670166,480.0
108.1065907051952,480.0
129.4045877196137,553.8461538461538
107.39085098018245,480.0
125.81510180288588,600.0
144.5500977445831,600.0
101.30832130935342,514.2857142857143
134.5958877687205,553.8461538461538
96.29005890935012,514.2857142857143
89.22817109549293,423.52941176470586
105.44943407820809,480.0
108.76970881609807,514.2857142857143
152.09575769835646,600.0
111.39013165294571,514.2857142857143
139.08272090315776,600.0
113.43863007642153,553.8461538461538
118.04890083503214,514.2857142857143
144.1914039062866,600.0
159.87578899718616,600.0
153.74197343272763,600.0
142.71382083760977,553.8461538461538
125.79344493303961,553.8461538461538
121.22210854339056,553.8461538461538
118.2118576389671,514.2857142857143
127.59863713187914,553.8461538461538
95.81603606541721,480.0
103.08895656893867,514.2857142857143
117.06013296095564,553.8461538461538
95.63563262962296,450.0
92.77629631435025,450.0
108.71249362974703,480.0
136.62986807886705,600.0
110.69402840348918,514.2857142857143
128.00051426551371,600.0
108.42150820960663,514.2857142857143
111.95086920783235,514.2857142857143
129.6830073294225,553.8461538461538
140.43768816491527,600.0
100.07824079670968,514.2857142857143
116.78819412412895,600.0
137.94429297092094,600.0
98.65718174813478,514.2857142857143
104.62037739734015,514.2857142857143
120.58941116427204,553.8461538461538
140.8186419074482,600.0
137.0549726884329,600.0
112.73673188615626,553.8461538461538
125.86651890727154,553.8461538461538
114.03550118289944,553.8461538461538
124.58722396007535,553.8461538461538
100.07172604471015,450.0
115.77985002346756,514.2857142857143
108.68366201065064,514.2857142857143
102.14366798492357,514.2857142857143
90.20196219021024,480.0
129.97924771956133,553.8461538461538
109.15402264585427,514.2857142857143
93.71818866581357,480.0
126.3528022368983,553.8461538461538
97.08641771218394,480.0
99.27596516823576,514.2857142857143
116.45629977396311,600.0
122.30394895153383,553.8461538461538
93.65910567479408,450.0
107.43643360428752,480.0
72.7738518585527,378.94736842105266
81.39752777814066,400.0
107.0169834906307,514.2857142857143
99.25809191175254,514.2857142857143
95.9760182762769,480.0
117.62852608850433,514.2857142857143
124.46375527354573,514.2857142857143
61.366976882148776,360.0
88.48290269973944,423.52941176470586
137.94038524712133,553.8461538461538
91.40715810249294,400.0
95.92633863326746,480.0
93.1751642600513,450.0
71.52391376392919,360.0
91.75353097195847,480.0
106.44796915695578,480.0
101.51731158795674,480.0
98.22560054803317,480.0
109.01692717447823,480.0
100.37946852478115,450.0
165.18607463241491,600.0
85.2179647810791,423.52941176470586
73.58682798092684,360.0
90.07823150850736,480.0
103.27986699292659,480.0
106.05376208688278,514.2857142857143
95.51235885819865,480.0
62.26100661060911,378.94736842105266
103.7523050875229,514.2857142857143
147.7068168585193,600.0
96.27806126297398,480.0
101.07237235912348,480.0
92.602346948254,450.0
76.93407358682381,400.0
102.06355695401209,480.0
99.04195073860787,450.0
85.16549520607974,423.52941176470586
94.04288614009963,450.0
123.38360735722095,553.8461538461538
102.68977998270421,480.0
90.991149242477,450.0
82.89920588311998,423.52941176470586
96.62408825344482,450.0
110.0380403597144,514.2857142857143
86.96360734552837,423.52941176470586
108.41732708791329,480.0
97.88390726497427,480.0
108.0131683230832,514.2857142857143
127.37103108501451,600.0
85.46623446389606,423.52941176470586
83.17859340515454,450.0
86.16458329371407,423.52941176470586
120.8009199723667,514.2857142857143
97.75535429659817,514.2857142857143
87.58030761377618,480.0
84.00054185934778,423.52941176470586
114.76912058105049,553.8461538461538
101.38988144966002,480.0
73.90608452301318,378.94736842105266
93.05299347723097,450.0
92.670333205548,480.0
108.40476923588453,514.2857142857143
71.05895033013235,450.0
106.70088065973364,480.0
94.54426035907707,480.0
98.34943349452203,450.0
104.66175031609599,514.2857142857143
116.08255166304444,553.8461538461538
91.96898659823069,450.0
124.75873201820363,514.2857142857143
100.71219358189734,480.0
131.58754186079327,553.8461538461538
85.78523640576836,450.0
120.77817021603565,553.8461538461538
107.98030433313872,480.0
115.97639023582488,514.2857142857143
99.13978586182203,450.0
98.20096898547544,480.0
93.26056480128167,480.0
112.50156274982454,514.2857142857143
104.96027388243111,480.0
104.8767682233915,514.2857142857143
118.11334064051675,514.2857142857143
117.34956388356001,600.0
124.32402286009786,553.8461538461538
85.20746466324293,423.52941176470586
103.08501161053132,450.0
100.09653108992244,480.0
99.17288000675254,514.2857142857143
124.4231573296298,553.8461538461538
133.48494266690062,553.8461538461538
130.48761213675704,553.8461538461538
118.46576879434441,514.2857142857143
89.97781362018243,480.0
114.0545505762149,553.8461538461538
110.20349416743245,553.8461538461538
86.80598364912876,450.0
91.53757383696353,423.52941176470586
119.7798007593519,553.8461538461538
86.77759925701258,450.0
105.59013403974743,480.0
103.73059790251494,480.0
90.34182236532659,450.0
103.35858580125155,480.0
105.71246487968223,480.0
135.32795305965152,553.8461538461538
101.44168688441401,480.0
83.40391984223338,423.52941176470586
113.71477298753788,514.2857142857143
85.87100169464594,423.52941176470586
125.90816957374524,553.8461538461538
88.27060962911375,450.0
86.45629676192603,423.52941176470586
71.8020403855174,423.52941176470586
86.63523948865476,423.52941176470586
113.5322493103789,600.0
97.16659856911339,553.8461538461538
75.87390259008967,450.0
112.82139537773169,514.2857142857143
79.68048235557478,450.0
96.9576933984551,480.0
69.33038806994101,423.52941176470586
108.1966482704233,480.0
122.92837594795074,514.2857142857143
130.4642248975749,553.8461538461538
128.6374941278894,553.8461538461538
88.53608757377812,450.0
131.69667029177535,514.2857142857143
115.32911312797755,514.2857142857143
110.64618363514501,514.2857142857143
117.0218580706263,514.2857142857143
80.35681170536003,423.52941176470586
128.07336415983917,600.0
92.6876388456389,450.0
136.02819735343647,600.0
114.50876783262967,514.2857142857143
84.61422338778782,423.52941176470586
87.3880375611292,423.52941176470586
135.16467265174978,553.8461538461538
94.54894135891104,480.0
103.22366045946949,514.2857142857143
117.84238346861676,553.8461538461538
98.62077045014024,450.0
102.7954637784535,480.0
108.73306339570695,480.0
117.88294128268001,514.2857142857143
120.35172691907047,553.8461538461538
97.97686255429458,514.2857142857143
116.35320004250491,514.2857142857143
100.34075967973506,514.2857142857143
83.44823052085667,450.0
83.48151968787603,450.0
91.22588098025545,553.8461538461538
96.31692844022001,480.0
95.89864057762715,514.2857142857143
86.11149589497865,450.0
129.5275679170074,600.0
89.49723698740914,450.0
131.6368117234814,600.0
110.34402897260388,514.2857142857143
88.48133543567779,423.52941176470586
111.8909925594272,514.2857142857143
99.11293788439241,450.0
106.32865024079405,480.0
116.91019725542866,480.0
95.30681674021601,514.2857142857143
91.90951787098402,514.2857142857143
71.34945584342856,378.94736842105266
148.49039133143546,600.0
90.62227484158826,480.0
117.81799825132838,514.2857142857143
115.62668280276196,514.2857142857143
99.07987502506695,480.0
127.159837133914,553.8461538461538
117.41861537304692,514.2857142857143
103.99178912634538,514.2857142857143
104.24571130544919,480.0
89.73449062864428,450.0
107.53164487528224,514.2857142857143
95.36406369151788,450.0
83.45939288073208,480.0
109.53984523253372,514.2857142857143
106.32724260120098,553.8461538461538
113.04526430938667,514.2857142857143
84.06003966581234,423.52941176470586
104.91819919470937,514.2857142857143
111.03663754523268,553.8461538461538
134.91342155163312,553.8461538461538
130.548235880569,553.8461538461538
88.7513154801841,480.0
109.58564273212372,514.2857142857143
101.33279935209836,480.0
108.11311810702152,514.2857142857143
120.87949540265858,514.2857142857143
108.97122015946954,514.2857142857143
103.91550206523753,514.2857142857143
113.63998407243083,480.0
125.3423528764675,553.8461538461538
97.6073144756348,450.0
134.7064513241986,553.8461538461538
112.49108483938916,480.0
100.23875780958278,514.2857142857143
102.78439718912166,514.2857142857143
123.53763957197071,553.8461538461538
91.47975107604222,480.0
98.66141502013147,480.0
135.34251731197216,553.8461538461538
109.67727516785015,480.0
96.80619249967512,480.0
96.6293927887543,480.0
115.03698711761713,514.2857142857143
96.2615269902432,450.0
127.1051864343324,514.2857142857143
119.18779832575044,514.2857142857143
101.70005584162087,450.0
114.59579751813216,480.0
116.6924716499534,514.2857142857143
107.18860078027002,480.0
88.92863281986222,450.0
122.0471385767798,514.2857142857143
126.42511463762828,553.8461538461538
98.5499378222255,450.0
89.48413254095385,450.0
102.2108461032157,514.2857142857143
106.72214750293578,480.0
90.76884676435301,480.0
105.21033939292695,480.0
102.63722192086925,480.0
155.09594717740063,600.0
111.45995325686603,514.2857142857143
159.50777515292677,600.0
129.9883103471251,553.8461538461538
121.96971617924841,553.8461538461538
92.89315014062306,480.0
117.05882954024806,514.2857142857143
94.91254492075737,450.0
128.01297317956337,553.8461538461538
108.67323250613669,480.0
82.3740223560672,423.52941176470586
89.48261529681196,423.52941176470586
73.90607728950266,423.52941176470586
131.25201327532312,553.8461538461538
145.80765881048248,600.0
115.01223253773352,514.2857142857143
155.16321220541758,600.0
105.16393455953957,480.0
71.13334978872834,400.0
105.6555205157517,553.8461538461538
86.12765547758349,450.0
86.60688290834574,423.52941176470586
117.99409762611779,553.8461538461538
116.49033580985076,514.2857142857143
120.76515660940602,514.2857142857143
128.40898837446073,553.8461538461538
94.38985507920005,480.0
98.78162089779705,514.2857142857143
124.58114247874404,514.2857142857143
88.698092134528,480.0
101.87581559944873,514.2857142857143
150.1815155680435,600.0
104.88595835523753,480.0
99.24616912202531,480.0
126.48366104491505,600.0
109.03639969677877,514.2857142857143
81.75322074984018,450.0
113.95051348397594,514.2857142857143
94.09536711672163,450.0
100.72868975634046,450.0
97.49414396618293,480.0
97.92311244179062,514.2857142857143
91.61329708074076,450.0
103.90779394993253,514.2857142857143
96.17268000637705,450.0
98.67857118622527,450.0
101.27256156840564,480.0
94.21674078363665,514.2857142857143
127.83722174357533,553.8461538461538
104.70520758152855,480.0
89.09104100090616,480.0
106.37086436445087,480.0
117.89961974929092,480.0
122.99125285740674,553.8461538461538
117.85997249146385,553.8461538461538
77.83570342883624,553.8461538461538
122.19606634952585,553.8461538461538
87.83970167502457,480.0
108.46778109873146,553.8461538461538
76.39519504514377,480.0
90.92548580122501,553.8461538461538
73.13909609254486,514.2857142857143
57.59261216962061,480.0
90.81078331372714,514.2857142857143
82.38666725721085,553.8461538461538
78.93679450548017,480.0
82.76739016764245,514.2857142857143
83.64746951953937,514.2857142857143
97.85799564445362,553.8461538461538
75.81781259360723,514.2857142857143
100.44437589197612,480.0
58.435713505407875,480.0
75.3685468846452,553.8461538461538
73.89160174197487,480.0
57.972064929183574,400.0
90.93352001272144,600.0
109.14838352373789,553.8461538461538
108.35421528428144,600.0
88.13840183541511,514.2857142857143
101.80941729081715,553.8461538461538
94.1901382754276,553.8461538461538
70.40436809258844,514.2857142857143
78.14379864794503,600.0
107.86407893064516,553.8461538461538
75.78973015555628,514.2857142857143
52.56963516519164,450.0
99.06239624719686,553.8461538461538
72.94709615845956,450.0
53.9909868338497,450.0
63.123019470535986,480.0
60.67589957559994,423.52941176470586
61.80602504346005,423.52941176470586
76.18752325019334,514.2857142857143
62.186206493106425,450.0
81.54563684893613,480.0
91.67239246499462,514.2857142857143
85.84692221404556,553.8461538461538
72.37175991357394,480.0
83.87279571510142,514.2857142857143
107.65493329700462,600.0
92.10203680896596,553.8461538461538
69.97078186675208,450.0
60.02743319691358,450.0
88.02466187696794,514.2857142857143
74.18401653159334,514.2857142857143
62.4509336720251,480.0
85.21274831545983,553.8461538461538
97.55707680386095,553.8461538461538
92.3253515830125,553.8461538461538
81.13037509364298,514.2857142857143
83.79058709260873,514.2857142857143
101.36094490576158,600.0
85.58687251091753,600.0
90.43026516474752,600.0
99.25374917456945,553.8461538461538
90.19776914051131,600.0
77.38375611456165,514.2857142857143
63.02886750392405,450.0
88.08184963092316,600.0
73.48958961770946,514.2857142857143
97.7927119126201,600.0
65.07253916170282,450.0
103.09048921958706,553.8461538461538
92.2611355890564,553.8461538461538
83.91059546611373,553.8461538461538
84.03375186031104,553.8461538461538
112.98470844949874,553.8461538461538
72.81349024644813,514.2857142857143
86.34330613030794,514.2857142857143
110.24014536297388,553.8461538461538
83.78462498253651,553.8461538461538
67.2288779458219,514.2857142857143
100.29317308472189,514.2857142857143
121.3542405453511,553.8461538461538
92.37553057005958,514.2857142857143
89.82664378556161,514.2857142857143
61.77143050311402,450.0
92.34000005770277,514.2857142857143
55.53397410376746,400.0
97.36704491644834,553.8461538461538
76.71757772008166,553.8461538461538
76.02270712534929,480.0
93.05240414598696,553.8461538461538
91.93321959999734,480.0
83.62382820628493,480.0
112.09226376055817,600.0
86.10259689902571,553.8461538461538
123.54074063779808,553.8461538461538
74.5805658673642,514.2857142857143
87.59341637738306,514.2857142857143
85.82285605136909,553.8461538461538
83.81400837828048,514.2857142857143
111.22132599928844,553.8461538461538
85.7684587271407,514.2857142857143
94.67090776935015,553.8461538461538
99.517366692944,553.8461538461538
82.0700527557154,514.2857142857143
97.76609508873148,553.8461538461538
85.02860549930666,514.2857142857143
66.67691426244319,423.52941176470586
61.71366426457991,423.52941176470586
92.20366001981633,480.0
124.4339039557906,600.0
83.75711716194519,553.8461538461538
60.950377738473875,423.52941176470586
105.98485319111839,553.8461538461538
89.56768914032445,514.2857142857143
70.23294306854797,450.0
84.1234801934639,480.0
95.70455813601613,514.2857142857143
102.04149847022808,553.8461538461538
78.2334671171984,480.0
102.48187946426752,514.2857142857143
98.06781526439597,514.2857142857143
95.76625270973445,553.8461538461538
72.83722484457603,450.0
82.15079664397571,553.8461538461538
75.89530469129123,450.0
76.48583152626263,480.0
101.95619663650827,553.8461538461538
74.69805918943499,480.0
85.7547518230273,450.0
99.65527654314452,553.8461538461538
92.56781654558579,514.2857142857143
89.51355475963537,514.2857142857143
93.60197949531052,553.8461538461538
93.61631005169329,553.8461538461538
83.80664262308424,480.0
106.67744840320196,553.8461538461538
92.10792025354597,480.0
65.1479548954169,423.52941176470586
66.4293934060765,423.52941176470586
69.59059722184729,423.52941176470586
80.86437635343468,480.0
100.1057072210552,553.8461538461538
69.00276459252049,423.52941176470586
73.43272913040076,480.0
91.93393409765098,480.0
71.94814154184496,480.0
68.16308549468874,423.52941176470586
72.33503236767369,480.0
81.54732781666694,514.2857142857143
99.9525890726295,514.2857142857143
72.31468367970476,514.2857142857143
116.55945166036466,553.8461538461538
63.253768084088186,423.52941176470586
86.1251590411617,514.2857142857143
76.59218001909886,450.0
48.01561255061551,400.0
111.4846968453871,553.8461538461538
98.04937805152079,514.2857142857143
75.98618007186984,514.2857142857143
62.371695394700886,400.0
104.76341147917677,480.0
85.19596497929,480.0
104.51539978187724,553.8461538461538
72.85116380195265,514.2857142857143
97.83182293189545,514.2857142857143
125.86622925826697,553.8461538461538
92.2429366246295,514.2857142857143
57.41643097099126,423.52941176470586
73.65556794139174,450.0
88.06047541351786,514.2857142857143
84.02226354419919,480.0
114.92568988720198,553.8461538461538
92.12825158098751,553.8461538461538
91.36974817975111,480.0
101.32117397463051,553.8461538461538
77.41106317766548,480.0
107.34746369418316,553.8461538461538
71.76020884942204,423.52941176470586
75.15754738053094,480.0
87.73810789495568,514.2857142857143
85.85106558622353,480.0
100.4656514055642,514.2857142857143
85.27935862978347,480.0
84.7150064225788,514.2857142857143
98.77578401867582,514.2857142857143
78.37972664595527,450.0
112.67036701545778,600.0
78.01045018475058,514.2857142857143
71.9630921381042,514.2857142857143
96.06391784231076,553.8461538461538
104.94281074249574,553.8461538461538
74.6506320521246,514.2857142857143
88.42388652778062,514.2857142857143
75.37038046120452,480.0
97.1538546303201,514.2857142857143
109.68321381741306,553.8461538461538
86.2453474114365,514.2857142857143
118.00902105702124,600.0
99.58081576047115,553.8461538461538
93.7566096118067,514.2857142857143
94.7431087070425,480.0
115.0856671711453,600.0
98.8350526921108,514.2857142857143
114.77126902595764,553.8461538461538
87.50158314500149,553.8461538461538
101.68909081218213,480.0
75.82951026476869,423.52941176470586
83.20053941203007,514.2857142857143
111.57179797277185,553.8461538461538
91.93534394829508,553.8461538461538
94.86145819927988,514.2857142857143
82.61220098613218,480.0
107.57982260843991,553.8461538461538
60.26156730089541,450.0
109.2611855668732,553.8461538461538
87.54650945097274,480.0
89.44954387552586,480.0
100.03592809167905,600.0
63.51316383877953,400.0
98.21287233642005,553.8461538461538
90.3772810687864,553.8461538461538
90.17566450863288,553.8461538461538
80.6526285088332,514.2857142857143
98.247728128271,514.2857142857143
92.87993230091502,480.0
103.65451419457288,514.2857142857143
82.61795730752097,514.2857142857143
102.20833904053201,600.0
98.59095960730977,553.8461538461538
94.49072690320615,514.2857142857143
105.39196857142458,553.8461538461538
108.56343949988424,553.8461538461538
100.3759407748182,480.0
93.02693233597859,514.2857142857143
115.29045594146598,553.8461538461538
89.52368478688746,514.2857142857143
103.67927497456553,514.2857142857143
83.04078810003492,450.0
107.28867519901493,553.8461538461538
105.85890756894719,553.8461538461538
101.8715912712488,514.2857142857143
85.79157908603638,480.0
115.91298022301662,600.0
101.3644887394884,514.2857142857143
108.58318399692942,553.8461538461538
102.59218372057717,514.2857142857143
134.32618151739612,600.0
102.98710461385191,514.2857142857143
93.85299324505088,480.0
98.72047381209451,514.2857142857143
119.99905036706204,553.8461538461538
145.2465843807821,600.0
120.60462606555053,553.8461538461538
109.31144174310735,553.8461538461538
141.42826773245324,600.0
109.1922263342873,514.2857142857143
137.58885650492087,600.0
122.08413580023347,553.8461538461538
121.71200683645725,600.0
121.46480822806255,553.8461538461538
103.57928684073433,514.2857142857143
94.88171267376688,480.0
96.38999224366387,450.0
124.6809176511724,553.8461538461538
103.07413859681095,480.0
89.98325188673239,480.0
133.4701945599015,600.0
131.38026912511324,600.0
98.3920530036318,514.2857142857143
107.25796721380753,514.2857142857143
97.29514097450625,480.0
87.92393771482531,450.0
71.88933804002967,400.0
92.3910852691781,423.52941176470586
115.7443584078321,553.8461538461538
106.3749394065082,514.2857142857143
119.48794769976628,514.2857142857143
100.06626028833402,514.2857142857143
118.70224269808061,553.8461538461538
133.2511957738862,600.0
97.89431013191704,480.0
85.55600894050404,450.0
123.09829003564293,600.0
120.77461946851002,600.0
117.08781211307802,553.8461538461538
117.48486064386424,553.8461538461538
94.87269531578767,480.0
122.66167746916287,553.8461538461538
77.99530081822567,450.0
125.19180698090986,600.0
125.79896381719702,553.8461538461538
116.02572003809168,553.8461538461538
81.08482594816287,423.52941176470586
143.1567511184452,600.0
116.30817822785919,514.2857142857143
112.8271852387601,553.8461538461538
111.49999709186493,514.2857142857143
101.1558719656958,480.0
109.18493784613831,514.2857142857143
112.27376847409707,514.2857142857143
114.60651005184403,553.8461538461538
110.31570010415027,553.8461538461538
115.26580354473433,553.8461538461538
105.49219496684722,514.2857142857143
134.4135988365533,600.0
104.52131428659912,514.2857142857143
110.67790449105429,600.0
111.39549072125345,553.8461538461538
98.1499517515226,480.0
102.88950697194537,514.2857142857143
89.63508587994481,514.2857142857143
100.12573394394815,514.2857142857143
111.3983971775258,514.2857142857143
131.95739143022232,600.0
132.4968127433648,553.8461538461538
116.86105237223343,514.2857142857143
87.78900964324826,450.0
108.47657443423057,553.8461538461538
119.66071947079129,553.8461538461538
83.77721045382265,480.0
125.70547633803325,553.8461538461538
86.96031635415426,480.0
104.94182875424202,553.8461538461538
107.63797021922328,514.2857142857143
130.1227377065286,600.0
126.19979083624402,553.8461538461538
120.68731238471275,600.0
67.88594733826844,400.0
82.50482853799575,480.0
106.48061568455219,514.2857142857143
113.84715139808034,553.8461538461538
115.40273771383646,514.2857142857143
126.33000850020291,600.0
103.21621359955553,553.8461538461538
130.2641734691695,553.8461538461538
142.41927670342068,600.0
145.00853570989852,600.0
130.82132274555326,600.0
131.5677342234226,600.0
141.51603829452725,600.0
84.46969559172003,480.0
98.1673428799658,480.0
112.62432089362362,514.2857142857143
110.59755552196894,553.8461538461538
134.5348561892006,600.0
92.37079078403073,514.2857142857143
122.04656191500341,553.8461538461538
120.4080677075547,553.8461538461538
117.11031202711668,553.8461538461538
112.03718376178479,514.2857142857143
122.27808120489978,553.8461538461538
99.04078009871286,514.2857142857143
108.73508930276127,514.2857142857143
73.3867696705224,450.0
109.32660136615894,514.2857142857143
142.69259467300003,600.0
127.57106691633147,600.0
113.29532079109943,553.8461538461538
138.89816422016702,600.0
132.5644135236573,553.8461538461538
100.00473697484301,514.2857142857143
129.27773445129793,553.8461538461538
113.86902647482482,553.8461538461538
98.22729330811211,480.0
112.29810832665667,553.8461538461538
131.17228568800007,600.0
113.81173048716241,514.2857142857143
131.1797105127835,600.0
80.03777567356016,450.0
68.42912000062476,378.94736842105266
106.06409634110388,553.8461538461538
98.51479595082719,480.0
108.8278392515045,600.0
128.80239523849863,600.0
104.30824744110376,514.2857142857143
77.48954375656984,423.52941176470586
123.07125602867553,553.8461538461538
107.85466957520018,514.2857142857143
130.8441271476229,600.0
105.89942030014024,553.8461538461538
104.35363432710204,553.8461538461538
160.07972372399644,600.0
82.31794120811446,423.52941176470586
127.45644317947037,553.8461538461538
103.69426568208935,480.0
105.98360624105943,514.2857142857143
122.15014292179396,553.8461538461538
115.28636717788592,553.8461538461538
89.05252549073606,423.52941176470586
114.23499290940173,514.2857142857143
98.46411863966642,450.0
104.78972827445621,514.2857142857143
83.89784495629911,423.52941176470586
112.8831223501532,553.8461538461538
104.85184411501615,480.0
115.0627046039824,553.8461538461538
103.40770238602691,514.2857142857143
130.76117620562374,600.0
85.80809285758944,480.0
107.52549327294705,514.2857142857143
96.66629590637385,480.0
98.95359546142672,514.2857142857143
122.43421796036347,553.8461538461538
94.81084116674803,514.2857142857143
80.7565068402964,423.52941176470586
81.71407882366776,450.0
94.691361778577,450.0
106.90875699788647,514.2857142857143
112.13856657125177,600.0
114.66840735795746,514.2857142857143
118.93694632203119,600.0
104.29260441514226,514.2857142857143
110.02310666729859,514.2857142857143
102.52447044181466,514.2857142857143
120.62648952442427,553.8461538461538
129.14819794301766,553.8461538461538
96.99901226596202,450.0
111.7004845082001,553.8461538461538
124.37646693252944,553.8461538461538
93.110940346059,514.2857142857143
117.37081958062528,514.2857142857143
125.02996909222436,600.0
102.37260931532951,514.2857142857143
101.83973511058176,480.0
92.12701503570808,480.0
121.75750617497421,553.8461538461538
105.21829297142986,514.2857142857143
117.9706839535597,553.8461538461538
125.65321514157246,553.8461538461538
117.34223895670343,514.2857142857143
117.19266855179055,553.8461538461538
102.0773290406767,514.2857142857143
94.80673161328453,450.0
125.2543585212921,553.8461538461538
101.09626852137539,480.0
118.88221990447104,553.8461538461538
124.90764277575461,553.8461538461538
126.83402525562397,553.8461538461538
105.82190505170614,514.2857142857143
117.42592757552039,600.0
128.37410329105876,553.8461538461538
111.58599444797962,514.2857142857143
140.0127432150678,600.0
114.18046338021342,514.2857142857143
127.58066526832606,514.2857142857143
134.6660857584439,553.8461538461538
117.00931506332016,600.0
111.32762160400168,514.2857142857143
123.13655027885086,553.8461538461538
97.38719633038285,480.0
126.04963124437377,514.2857142857143
95.03124090868619,514.2857142857143
128.1272104737717,600.0
129.6225569663586,600.0
95.64265052245281,480.0
126.65151978686023,553.8461538461538
120.8364668247171,553.8461538461538
122.76850776474153,600.0
140.03775351984902,553.8461538461538
105.91206025708222,514.2857142857143
130.31637529202078,553.8461538461538
124.0285395331742,553.8461538461538
95.94380294102696,480.0
160.82387405158693,600.0
124.56112838963885,553.8461538461538
95.68813973004812,450.0
109.40632947419843,514.2857142857143
132.24724719283938,600.0
104.32464503590637,480.0
117.20177319644391,553.8461538461538
117.18982000038453,600.0
102.21538983387163,480.0
97.89182620647834,480.0
108.81827557737792,514.2857142857143
123.19371677442278,553.8461538461538
116.22368979693793,514.2857142857143
91.02400934780523,423.52941176470586
134.867408243236,600.0
74.38197932079149,423.52941176470586
100.85628416817283,480.0
87.38624165225312,450.0
97.38602241306513,480.0
95.12874584139142,480.0
144.41787318156514,600.0
96.06972033242789,514.2857142857143
119.0772916908157,553.8461538461538
102.67657999551743,514.2857142857143
99.29270112596615,514.2857142857143
113.785068737252,553.8461538461538
121.33214361840292,553.8461538461538
135.4322846508265,553.8461538461538
136.4056675901716,553.8461538461538
112.95133403578703,514.2857142857143
113.24249075446521,514.2857142857143
104.19145444330847,480.0
133.9529170154373,600.0
138.14586569238233,553.8461538461538
98.78059317285063,480.0
123.7775664336526,553.8461538461538
127.28774486748483,600.0
140.53996765029106,600.0
82.91969235080927,480.0
133.57271380719754,553.8461538461538
107.4939271722162,553.8461538461538
134.31312577257006,553.8461538461538
135.40678293319854,600.0
126.28729063341136,553.8461538461538
88.19495472053002,514.2857142857143
106.75150166661935,514.2857142857143
126.91668007411124,600.0
103.14786357905385,514.2857142857143
141.74188252091528,600.0
101.20959951055578,480.0
111.13527361839911,514.2857142857143
118.85157754071395,600.0
96.21996534707303,480.0
103.58932697822729,514.2857142857143
92.63496992143483,480.0
107.20430984894884,514.2857142857143
106.28217557710721,514.2857142857143
102.95247032399423,514.2857142857143
69.56628230134991,400.0
93.04021451045483,480.0
107.18708627778535,514.2857142857143
118.44064266326306,553.8461538461538
70.33752805590008,400.0
104.50779246869766,480.0
115.10889651101787,553.8461538461538
112.77558669338994,514.2857142857143
94.03811319840855,480.0
118.25830570081688,553.8461538461538
94.88991617214165,480.0
140.0456409212944,600.0
132.67392227694882,600.0
102.27615068481164,514.2857142857143
136.85963191222461,600.0
116.38942501628989,553.8461538461538
109.2883676282561,553.8461538461538
133.84244728424247,600.0
116.6974130838365,514.2857142857143
97.19686915463879,514.2857142857143
99.47980662844819,514.2857142857143
127.55149590280028,600.0
111.32890880025622,553.8461538461538
85.8446705374477,514.2857142857143
110.53531767344242,553.8461538461538
141.47782373913068,600.0
121.52106091755097,553.8461538461538
136.12160928342405,600.0
113.33476011905972,514.2857142857143
117.09585081078724,514.2857142857143
105.85315730662761,553.8461538461538
126.71946504859332,553.8461538461538
105.56458309339389,514.2857142857143
115.39877058413046,553.8461538461538
98.02458146769455,480.0
116.0455553089931,514.2857142857143
112.05883358873456,553.8461538461538
136.21132574130695,553.8461538461538
110.93613287873173,514.2857142857143
107.32764796042103,553.8461538461538
96.85133201874814,480.0
108.98964555732832,480.0
111.59864945629754,514.2857142857143
104.19221379903908,514.2857142857143
129.1437372309864,553.8461538461538
149.0306677355267,600.0
95.54469818115759,480.0
93.53202025067911,480.0
64.3954194698839,378.94736842105266
109.07022955929894,553.8461538461538
136.56692591948567,600.0
136.13599815621697,600.0
112.25984071978586,514.2857142857143
106.17348155927381,514.2857142857143
131.72637962148863,600.0
119.85559436787133,553.8461538461538
100.39045885626268,480.0
140.692907440659,600.0
92.13857616656507,480.0
102.31823586503225,480.0
92.5006954120797,514.2857142857143
145.89738717195712,600.0
103.13384085162811,480.0
114.98382445497916,514.2857142857143
122.6509253904826,553.8461538461538
123.46839021484435,553.8461538461538
123.52549133169089,514.2857142857143
114.2692296978474,553.8461538461538
93.96850591800002,480.0
137.09178507442226,600.0
85.93281127257568,480.0
124.0531823156125,553.8461538461538
101.19191049996432,480.0
111.31943800486583,514.2857142857143
106.53180691926897,553.8461538461538
107.1640023397433,480.0
124.45083046970056,553.8461538461538
114.64040233835127,553.8461538461538
122.87735459653108,600.0
137.56844145039275,553.8461538461538
104.83813779343332,514.2857142857143
131.65282798278474,553.8461538461538
93.93840142434722,480.0
153.83574991871234,600.0
139.29341178204385,553.8461538461538
86.17917663507151,423.52941176470586
120.88409615562195,553.8461538461538
119.93769498462545,553.8461538461538
77.46141166659369,423.52941176470586
106.62149901600165,514.2857142857143
81.07470020330835,480.0
103.82710232098556,514.2857142857143
105.19533903661753,553.8461538461538
95.23783053439857,480.0
96.28963229747842,553.8461538461538
99.9808533464421,480.0
90.87985428909708,423.52941176470586
62.26718257816431,378.94736842105266
106.57270037833949,514.2857142857143
116.05701099482336,553.8461538461538
89.46373547630785,480.0
112.95515049062234,514.2857142857143
121.20379391453115,553.8461538461538
118.2631454991879,553.8461538461538
82.57201735369043,480.0
104.4215690286583,514.2857142857143
100.44573069041061,480.0
114.6975081763382,553.8461538461538
104.1709974677529,480.0
98.73726549391944,480.0
103.21218857409823,514.2857142857143
80.74861041725833,480.0
89.91513148898953,480.0
87.20996126896726,450.0
76.01727479064286,480.0
84.6798722523604,450.0
114.68355277016953,553.8461538461538
114.24425670879607,514.2857142857143
98.36800833753439,514.2857142857143
91.54273744566308,480.0
110.23586885580691,600.0
78.01203546784953,450.0
103.80496203065783,514.2857142857143
116.6349108505648,553.8461538461538
129.57077537413818,600.0
118.59437274581023,553.8461538461538
116.97150630324887,553.8461538461538
62.65958460740171,400.0
122.53918492211027,553.8461538461538
134.7107399526081,600.0
88.53019769055891,514.2857142857143
89.5107788958829,480.0
137.39575740896066,600.0
121.41211041427005,553.8461538461538
116.78815729421113,514.2857142857143
98.75413211880941,514.2857142857143
100.93470332231243,514.2857142857143
94.58062551702646,514.2857142857143
106.86801595769619,553.8461538461538
92.62281326888001,480.0
86.3834081146802,514.2857142857143
153.06729359029666,600.0
93.18584986778203,514.2857142857143
119.83197229570506,600.0
107.82224092317081,553.8461538461538
79.06704261996836,480.0
109.27788934651939,514.2857142857143
140.89370784987585,600.0
117.8806588741179,514.2857142857143
100.9854557556827,480.0
84.94627955677558,450.0
125.87744494672103,600.0
107.43803448115601,553.8461538461538
95.80596930041642,480.0
143.82597941228656,600.0
118.31452088130963,600.0
104.00590967589496,480.0
98.62610326272561,514.2857142857143
135.52367581532303,600.0
95.59462663509275,514.2857142857143
140.4231666133338,600.0
91.72358924091269,480.0
102.0410871144704,514.2857142857143
99.36683596359669,514.2857142857143
100.62844754078064,514.2857142857143
93.14491466930396,514.2857142857143
90.76621082453666,480.0
117.26498111158574,514.2857142857143
145.32622534423786,600.0
108.99932263732786,514.2857142857143
147.79739849792375,600.0
131.02089378433723,553.8461538461538
99.023418870942,450.0
112.41976511287436,600.0
110.5950209242234,553.8461538461538
113.47302163154399,553.8461538461538
106.19159688840412,514.2857142857143
104.06859090725752,480.0
123.46051658127699,600.0
104.5120590577533,514.2857142857143
100.66204709515229,553.8461538461538
127.29352206116172,553.8461538461538
126.7572504951812,600.0
102.04130120854548,514.2857142857143
98.10031600884324,514.2857142857143
118.32016084555478,600.0
129.8817881621387,600.0
124.70394032641791,600.0
136.49512211334297,553.8461538461538
124.1522643119525,553.8461538461538
108.72598776346348,553.8461538461538
128.39372709600897,600.0
130.91171726790083,553.8461538461538
105.67819226068394,553.8461538461538
107.53065146180161,514.2857142857143
107.80800398937397,514.2857142857143
97.1182851547118,480.0
110.10528493029096,514.2857142857143
136.82167158958185,553.8461538461538
138.57399162316423,600.0
105.83464626081413,480.0
107.32125703144685,480.0
91.33159457296571,450.0
143.33944954318403,600.0
98.83856194521988,514.2857142857143
108.5799985482686,514.2857142857143
96.24554998710879,514.2857142857143
89.75353200108768,514.2857142857143
97.28706139730673,514.2857142857143
118.64716315344377,600.0
106.75319719141764,553.8461538461538
118.30095388188789,553.8461538461538
119.09725375899983,553.8461538461538
98.3610193087975,553.8461538461538
84.08137119050687,514.2857142857143
123.73152856596204,600.0
106.27144050816364,553.8461538461538
93.96602847765355,514.2857142857143
73.47824415696415,480.0
141.11614156295477,600.0
97.54927316963047,514.2857142857143
130.5065513395944,553.8461538461538
125.73662069197316,600.0
108.61476813780888,553.8461538461538
108.64778073594874,553.8461538461538
125.66383868412923,600.0
118.3278116161558,553.8461538461538
122.11159685871428,600.0
116.70861747974466,600.0
107.14209534654569,553.8461538461538
112.28342909363566,553.8461538461538
105.83297310175841,553.8461538461538
101.20651875302663,514.2857142857143
114.1511706905517,553.8461538461538
131.80351306609245,600.0
108.22546190974498,553.8461538461538
113.01775678941209,553.8461538461538
99.7265372690064,514.2857142857143
79.60434721458681,514.2857142857143
84.03167338729213,480.0
101.02078449051398,514.2857142857143
98.61117600473882,514.2857142857143
121.39164688350799,600.0
111.90932636704156,514.2857142857143
104.63805059168136,514.2857142857143
76.57587141474735,480.0
86.81981947951053,480.0
109.2007727120845,514.2857142857143
115.52208824641674,553.8461538461538
129.59788859248124,553.8461538461538
92.47052008038742,480.0
115.6920830512513,553.8461538461538
70.95857048476985,480.0
128.92032947375935,553.8461538461538
134.53394802586493,600.0
93.68203152962431,480.0
119.36638441314875,553.8461538461538
102.43727274240288,514.2857142857143
130.8889275887702,553.8461538461538
131.17093625206235,600.0
79.9775660019309,480.0
117.17609765050305,553.8461538461538
123.31413573476542,553.8461538461538
119.95564753905401,553.8461538461538
103.56036042039766,514.2857142857143
108.67148247398154,514.2857142857143
133.4142377973272,553.8461538461538
119.1526898745627,553.8461538461538
116.46649042157024,553.8461538461538
95.09998415824882,514.2857142857143
108.34557922638244,514.2857142857143
127.2502314613295,553.8461538461538
90.81142892595653,514.2857142857143
108.44044796333402,514.2857142857143
132.4543735000943,600.0
107.30573180533425,480.0
144.0890694960409,600.0
116.86672377907212,514.2857142857143
138.7997128574674,600.0
123.49977722364046,600.0
122.56011391375121,553.8461538461538
95.4497163140347,514.2857142857143
107.15108386544256,480.0
133.574837651154,600.0
75.66701417140858,450.0
102.36458616224176,514.2857142857143
82.55927503591735,450.0
80.50351235358175,450.0
136.67076912414248,600.0
108.75066398173973,514.2857142857143
135.64647244239856,600.0
138.22647958843453,600.0
95.12950686229952,514.2857142857143
119.18243224095505,553.8461538461538
137.05583067930158,600.0
96.08725965902669,480.0
98.44103259425167,514.2857142857143
141.9848024589467,600.0
118.35339321743287,514.2857142857143
87.40481105335769,450.0
104.6573651522711,553.8461538461538
132.73266281910657,553.8461538461538
104.64474808965633,514.2857142857143
104.94032945343626,553.8461538461538
131.57601037157295,553.8461538461538
124.22389292176827,600.0
96.48506317076968,480.0
84.49179566573349,450.0
106.45903673749979,514.2857142857143
108.87731913055804,553.8461538461538
96.08262711943034,514.2857142857143
100.36425130279251,480.0
100.16342607633104,514.2857142857143
113.03194967846767,514.2857142857143
134.92249773616345,553.8461538461538
84.85958151243493,450.0
77.51596994087701,450.0
110.93216830087718,514.2857142857143
93.32886380510907,480.0
86.50455649728801,480.0
133.29966258181736,553.8461538461538
114.97987140219035,514.2857142857143
111.57043047163377,600.0
118.65465073464817,553.8461538461538
118.69063035762373,553.8461538461538
104.753916165662,480.0
106.93924751492118,514.2857142857143
110.5410063305222,514.2857142857143
109.73396654458469,553.8461538461538
120.3943095250121,514.2857142857143
90.6641932138961,514.2857142857143
144.24384078584816,600.0
144.33516957588594,600.0
96.99142292159132,553.8461538461538
133.7502034428148,600.0
132.90147572710998,553.8461538461538
112.84206782943119,553.8461538461538
118.86794930673776,553.8461538461538
99.2029994701017,480.0
114.54286477398685,514.2857142857143
117.00613861610826,553.8461538461538
108.37040119041806,514.2857142857143
126.53089129653002,553.8461538461538
113.23530462734789,600.0
89.05056619770198,450.0
107.17710995062173,514.2857142857143
121.89129188928459,553.8461538461538
115.06980417974304,514.2857142857143
115.44480318020089,600.0
102.35729300042479,514.2857142857143
120.26809433875688,600.0
121.70673139115499,553.8461538461538
127.39023920121446,553.8461538461538
81.48665411840857,423.52941176470586
92.6438497797597,553.8461538461538
109.86361986292619,514.2857142857143
117.98799322685142,553.8461538461538
130.81850958499408,553.8461538461538
98.84733423666961,480.0
111.55571815738385,480.0
131.01375762286276,600.0
98.6381780758292,514.2857142857143
127.26016934251663,600.0
109.60865260998798,514.2857142857143
113.95075228490823,514.2857142857143
122.74030348124286,553.8461538461538
152.47416741409253,600.0
95.79136653460506,553.8461538461538
104.11308021309651,480.0
139.3628604724926,600.0
111.30452412625914,600.0
117.54845993277102,514.2857142857143
115.92571281814475,553.8461538461538
142.39248741231236,600.0
111.56233085256933,514.2857142857143
66.93079050952606,423.52941176470586
95.3595406390205,514.2857142857143
132.34038549999534,553.8461538461538
117.88565962270172,514.2857142857143
127.12250730850654,600.0
86.99337110971099,480.0
141.42282534088406,600.0
110.25562253299347,514.2857142857143
64.89923179492337,378.94736842105266
108.79315369437352,600.0
106.78098420933647,553.8461538461538
121.25574084012236,553.8461538461538
125.21457756507793,600.0
115.59906326543123,514.2857142857143
112.04919303186713,553.8461538461538
99.37433313921301,480.0
101.1344837695028,514.2857142857143
107.42884828210526,480.0
106.37353925473829,480.0
125.37483634636389,600.0
139.4503762962016,600.0
92.02127146554564,480.0
119.78033445690342,600.0
132.7121464192773,600.0
90.51270403326036,514.2857142857143
115.69053398847448,553.8461538461538
102.93468069713387,514.2857142857143
94.52804126108835,514.2857142857143
86.97331750440237,480.0
84.96544791615403,480.0
96.89628085172171,480.0
104.57771484873014,514.2857142857143
86.70891044635587,450.0
109.34319731096288,553.8461538461538
98.51150343075771,553.8461538461538
123.68622879317591,600.0
100.06425882341848,514.2857142857143
92.55160231734362,480.0
92.53154031458419,514.2857142857143
113.29999317675859,514.2857142857143
119.51950479115048,600.0
85.68908113159598,480.0
116.02788406723865,553.8461538461538
97.29604769649352,514.2857142857143
98.7002217179404,553.8461538461538
66.30685592553986,378.94736842105266
98.54253355030019,480.0
83.0431392395069,450.0
111.1202686720331,553.8461538461538
98.68396225737251,480.0
84.19266122738533,480.0
125.59245708340394,553.8461538461538
142.0224950345246,600.0
110.201749479616,514.2857142857143
122.91875272989486,553.8461538461538
107.08833532244395,514.2857142857143
125.87361378017194,553.8461538461538
110.1991632662827,553.8461538461538
109.67680086821566,553.8461538461538
127.47232483598576,600.0
107.42017022257868,514.2857142857143
101.38739420536596,514.2857142857143
111.73570080579982,553.8461538461538
95.52874853923991,514.2857142857143
129.39576273716986,553.8461538461538
99.57781380480846,553.8461538461538
99.15565870473806,514.2857142857143
120.09878823003307,553.8461538461538
96.09856456695196,553.8461538461538
75.77799035082047,480.0
81.6582429828357,480.0
103.02303774442552,553.8461538461538
70.16068168898488,450.0
95.81932339309682,514.2857142857143
81.8079558401547,450.0
121.94885769217295,553.8461538461538
124.13674693649007,600.0
115.15776332257592,514.2857142857143
85.7712365764379,450.0
82.69230927022542,423.52941176470586
99.26401152467503,480.0
85.52387902231612,480.0
100.71678268926628,514.2857142857143
116.27695300669338,553.8461538461538
104.6142796718391,553.8461538461538
83.85144248024935,480.0
111.53778588499824,514.2857142857143
97.69761840167075,553.8461538461538
103.3399367620536,514.2857142857143
114.23823547818121,553.8461538461538
98.83252968035544,480.0
91.93735117992625,514.2857142857143
97.71772082391477,480.0
98.69174254514954,514.2857142857143
86.50495843607206,450.0
97.65386469975513,514.2857142857143
108.88350143916195,514.2857142857143
108.82900374034207,553.8461538461538
90.45199432589666,480.0
126.94207878722136,553.8461538461538
123.90607935763235,553.8461538461538
93.14926738891769,553.8461538461538
103.79717448447569,514.2857142857143
103.07838525166693,480.0
122.47690705105761,600.0
116.50478009213623,514.2857142857143
135.06154112929434,600.0
101.27367959656931,480.0
114.06394326292065,553.8461538461538
134.0017889008379,553.8461538461538
133.21627122783437,553.8461538461538
115.28342477115474,553.8461538461538
98.86364877473066,480.0
95.36877684280886,553.8461538461538
114.16596760656483,553.8461538461538
94.52595369333159,480.0
87.49189584357357,450.0
87.03063336326187,450.0
99.23291105001992,553.8461538461538
102.10880972472047,514.2857142857143
111.39096871005682,553.8461538461538
119.60020772411475,600.0
99.77913797857867,480.0
102.01971919389656,553.8461538461538
119.94376954981774,553.8461538461538
100.88284223066583,480.0
154.39433206423092,600.0
103.75045990583108,514.2857142857143
138.3980334238724,600.0
132.21244105771305,600.0
90.29953966640005,480.0
95.89864926602954,480.0
79.23307943898325,400.0
104.38545398604172,480.0
107.36155984833631,514.2857142857143
111.53209539182956,514.2857142857143
86.7599333796173,480.0
122.35676271865,553.8461538461538
99.14421415577371,514.2857142857143
103.43458740371219,480.0
110.89360556712505,514.2857142857143
102.16018464032861,553.8461538461538
83.55785885536193,480.0
108.23212889189303,514.2857142857143
90.00725420078486,480.0
77.08630948280948,480.0
103.87020464402453,514.2857142857143
84.04499390405724,480.0
102.2076430927471,553.8461538461538
122.60862157415144,553.8461538461538
70.73218065716615,423.52941176470586
100.62073156774379,514.2857142857143
117.22519811209362,514.2857142857143
109.84665808884378,514.2857142857143
98.20986892853826,480.0
115.26538844480972,553.8461538461538
111.67421413455028,514.2857142857143
103.66648063673935,553.8461538461538
79.26415279520947,423.52941176470586
97.77187492243482,514.2857142857143
65.70930525453034,450.0
99.47395471419014,480.0
98.11255651540831,480.0
120.69986527779587,553.8461538461538
125.49864851016524,553.8461538461538
98.68274488027431,514.2857142857143
101.7065432589054,600.0
96.2762570769129,514.2857142857143
119.47324542691125,514.2857142857143
104.77164846823912,514.2857142857143
101.55756816840925,514.2857142857143
78.0315490017275,480.0
92.46687157579296,480.0
100.95537030192031,600.0
115.27580796966276,553.8461538461538
114.84603427541924,553.8461538461538
105.72079139119853,514.2857142857143
128.5191707643601,600.0
87.53696795612998,480.0
91.96623706314212,480.0
75.63056773482387,450.0
82.49547085466189,450.0
103.29029547612436,514.2857142857143
100.40593678731551,600.0
117.73954303385142,600.0
100.55165128018504,514.2857142857143
116.35914287989971,600.0
105.64942279519707,553.8461538461538
110.04942524410481,553.8461538461538
88.89778851192509,514.2857142857143
108.83677328192746,514.2857142857143
86.1182735459551,480.0
92.54347963548373,450.0
105.17802705725704,514.2857142857143
99.38709982233307,480.0
91.34267216250166,480.0
92.14132381826178,480.0
111.63745115251638,514.2857142857143
81.77964383536683,480.0
111.83435180501478,514.2857142857143
108.62347755407775,553.8461538461538
85.00520194988412,480.0
97.6258246966101,480.0
95.1802570388301,514.2857142857143
123.98475588405731,553.8461538461538
94.57001325344835,480.0
106.29764662222809,514.2857142857143
98.62287562390023,553.8461538461538
118.55809218658204,553.8461538461538
107.52531293273091,514.2857142857143
90.38610036453353,450.0
99.86294592361575,480.0
108.73898346317212,553.8461538461538
121.72343400487169,553.8461538461538
102.37547936682918,553.8461538461538
106.33167507957981,553.8461538461538
99.3288282446723,514.2857142857143
89.48345742020993,480.0
95.04941082453216,480.0
97.92503364487393,514.2857142857143
105.93181403534615,514.2857142857143
84.1593531488133,423.52941176470586
134.73003716382934,553.8461538461538
114.77685236175381,553.8461538461538
93.00893920396905,450.0
106.90049945063721,514.2857142857143
98.30378381996884,514.2857142857143
89.76756679051769,480.0
75.29577501201729,400.0
97.0939285716028,480.0
108.93624792596172,600.0
83.40175543109305,450.0
92.44726703853186,450.0
112.22067729503894,514.2857142857143
110.42431618102317,553.8461538461538
125.64718746863363,553.8461538461538
118.08859963306509,553.8461538461538
78.08789094317176,514.2857142857143
125.67961295511084,600.0
80.87834098609962,480.0
117.18210904714473,514.2857142857143
114.5620640079279,553.8461538461538
89.09962168292144,514.2857142857143
92.37264579611886,450.0
115.49914685858582,514.2857142857143
93.40237975821383,480.0
121.14880475053528,553.8461538461538
113.79280902646656,514.2857142857143
129.78670095887568,600.0
90.69753489915418,480.0
105.71870713256952,514.2857142857143
89.16227624465441,450.0
102.3621461482265,553.8461538461538
78.9718978211834,480.0
115.68052543082216,600.0
109.17031740202015,553.8461538461538
121.09410904072749,553.8461538461538
91.36136215042261,480.0
100.8409333206392,514.2857142857143
124.75708214196263,553.8461538461538
116.41736676663446,514.2857142857143
106.62884542662769,514.2857142857143
90.15710973040824,514.2857142857143
106.46207692150375,553.8461538461538
97.83521530686888,514.2857142857143
87.83130103432191,450.0
100.20244099350582,553.8461538461538
114.94892756480117,514.2857142857143
60.801136059835756,423.52941176470586
81.16328022342023,423.52941176470586
98.54123410828377,514.2857142857143
89.03316334816586,450.0
105.39034763043855,514.2857142857143
105.1040894478842,553.8461538461538
95.91813000911208,480.0
108.8684858099462,480.0
85.51627163071905,450.0
97.03204808415775,480.0
67.83393981081193,400.0
77.94462518588648,480.0
83.2722418461112,480.0
100.63360702522004,480.0
115.85849033071776,553.8461538461538
80.83669560525793,480.0
104.93226365778158,514.2857142857143
93.28749368037316,480.0
90.93629406277456,480.0
108.14782088971522,514.2857142857143
77.54709488083263,480.0
98.87748688825764,553.8461538461538
99.20033342330969,514.2857142857143
112.89753423345864,514.2857142857143
116.2024641068708,514.2857142857143
112.70396924632865,553.8461538461538
130.20176045990672,553.8461538461538
143.07198109066562,600.0
119.13293416256566,553.8461538461538
74.53417944403083,450.0
93.44612591555645,450.0
124.62740191833417,553.8461538461538
85.99088694984206,450.0
116.66782589983441,553.8461538461538
79.11955644150582,400.0
115.76140712186722,514.2857142857143
76.04901713651968,423.52941176470586
103.11946863385852,480.0
101.37404780908523,514.2857142857143
91.84399833048603,450.0
107.6330785204287,514.2857142857143
87.86420550356289,423.52941176470586
127.88146783724561,600.0
96.50535451213987,480.0
97.00512985998911,514.2857142857143
85.71223083972079,480.0
106.16290845100966,514.2857142857143
109.27629295011707,514.2857142857143
94.65202931093054,480.0
85.54309679779769,450.0
110.33527693741654,480.0
71.44489988476803,400.0
82.99140087911023,450.0
107.96466513899534,553.8461538461538
136.1836174103759,600.0
105.45544820877885,514.2857142857143
86.81542493339091,423.52941176470586
101.71638704109765,553.8461538461538
108.80803313643966,514.2857142857143
88.40484840828331,480.0
87.3481192570905,514.2857142857143
128.3482585494016,553.8461538461538
95.09263062641939,514.2857142857143
128.40240537186978,600.0
124.42051921195153,553.8461538461538
107.53986156061272,600.0
100.17422902301202,514.2857142857143
121.5849251801779,553.8461538461538
101.13231956724505,480.0
109.8764463663744,553.8461538461538
115.1875457774623,514.2857142857143
95.45868155516123,514.2857142857143
116.16370729963013,514.2857142857143
125.12167051967837,600.0
114.84874804623392,553.8461538461538
91.30624592405665,480.0
120.75592329172332,553.8461538461538
87.0188817992756,480.0
138.77203211514043,600.0
117.43505173459417,553.8461538461538
74.15387748378528,480.0
98.3328669968005,514.2857142857143
95.1119309789344,514.2857142857143
95.7409252585709,480.0
135.52451298174933,600.0
106.0688471406527,553.8461538461538
64.82413669737537,378.94736842105266
114.99386120316521,553.8461538461538
110.65663430037739,553.8461538461538
121.72937342363846,514.2857142857143
83.29621903525465,423.52941176470586
111.2456154585894,553.8461538461538
92.80981952056537,514.2857142857143
107.59863727594966,514.2857142857143
135.75157786950064,553.8461538461538
83.648320696024,514.2857142857143
98.36865181128768,480.0
105.81916037555142,553.8461538461538
103.8505435615612,514.2857142857143
91.36411459585457,553.8461538461538
119.17494928016741,600.0
66.14959345733868,423.52941176470586
134.32007525406337,600.0
111.31162413277318,514.2857142857143
138.5575705932895,600.0
137.04397067514148,600.0
113.95114657916558,553.8461538461538
121.22708454012476,553.8461538461538
98.06243214763977,514.2857142857143
101.64445079629581,553.8461538461538
139.73429878800053,600.0
114.91095099185051,553.8461538461538
74.88271649644895,450.0
116.41182864476221,514.2857142857143
107.22907321464615,480.0
105.98270913596194,514.2857142857143
117.18029948044668,553.8461538461538
113.00320419829534,514.2857142857143
116.60088454404931,514.2857142857143
120.16183756503405,514.2857142857143
102.05794667062398,514.2857142857143
99.2267960813572,553.8461538461538
121.42970227065176,553.8461538461538
85.40439017626728,514.2857142857143
108.13117478231847,480.0
88.45951957555435,480.0
131.87333508248906,553.8461538461538
85.07978121545034,423.52941176470586
98.45999304008531,553.8461538461538
95.42397369649295,480.0
87.08590695832989,480.0
114.10357869211965,553.8461538461538
102.34262859724257,514.2857142857143
92.67774251293771,480.0
144.13458633471134,600.0
107.91728549556903,553.8461538461538
90.20623748524349,514.2857142857143
108.30420000733316,514.2857142857143
79.1140811923369,450.0
74.65323477550605,450.0
105.69911286150109,514.2857142857143
114.49844136640135,553.8461538461538
109.5974405104815,553.8461538461538
117.71413524341708,553.8461538461538
103.15122475925766,514.2857142857143
140.2659876058739,600.0
119.95869564896353,553.8461538461538
107.4434897069685,553.8461538461538
123.33456311785334,553.8461538461538
116.58954728046515,553.8461538461538
122.81698432348217,553.8461538461538
100.7421220609723,480.0
132.74258500748232,553.8461538461538
120.54559640445702,553.8461538461538
80.6885862623572,423.52941176470586
118.91177111900258,600.0
83.91288332787792,450.0
110.02217759417587,553.8461538461538
109.19218380758535,514.2857142857143
103.93651353336078,514.2857142857143
112.85643608521973,600.0
100.84487043067816,480.0
103.73780309077458,480.0
109.88391292292191,514.2857142857143
72.32702441968178,423.52941176470586
142.49263587945498,600.0
108.29978953100753,514.2857142857143
102.6189449542762,514.2857142857143
91.94431921123348,480.0
141.49844506296606,600.0
91.2956143993933,450.0
112.5161763253595,514.2857142857143
99.5798955247589,480.0
135.20365662688383,600.0
114.13603274469043,553.8461538461538
77.23399615439077,423.52941176470586
89.15534017811657,480.0
100.22420227374518,553.8461538461538
118.84682030178955,553.8461538461538
80.37514677807283,423.52941176470586
124.15821979092442,553.8461538461538
112.3741468913777,553.8461538461538
107.15718436404353,553.8461538461538
101.6755903229924,514.2857142857143
111.69872893117052,553.8461538461538
109.19728654168946,514.2857142857143
130.87921100250438,600.0
103.99472002066668,553.8461538461538
133.55242844911464,600.0
91.49099806438731,480.0
87.07030572854748,514.2857142857143
127.90322999064169,600.0
130.45121766182646,600.0
104.2202825841215,480.0
92.78347749080696,480.0
112.01954993400925,553.8461538461538
127.17950781858173,553.8461538461538
129.5973923410594,553.8461538461538
126.4495769164653,553.8461538461538
154.17587782782877,600.0
119.22310413159295,553.8461538461538
77.65382616348515,423.52941176470586
118.55253738234342,514.2857142857143
110.15362537414198,600.0
95.74131065539889,450.0
102.98725820139897,514.2857142857143
96.72128827474106,480.0
101.74350062832947,514.2857142857143
111.82481542596162,553.8461538461538
123.45601232267428,514.2857142857143
97.41693254073198,480.0
97.17331192661314,480.0
124.56865940594032,553.8461538461538
97.55535488285827,514.2857142857143
100.8787535100606,514.2857142857143
88.79834583499084,480.0
135.34999584147633,553.8461538461538
127.46944097171833,553.8461538461538
113.46601387152901,553.8461538461538
77.33197067141438,423.52941176470586
112.07896730927737,553.8461538461538
88.37306988638076,450.0
125.40474419816267,553.8461538461538
115.03216148222639,514.2857142857143
110.3456466300158,514.2857142857143
80.3572732895291,400.0
120.95591989277376,553.8461538461538
113.38648738816846,553.8461538461538
75.51612663353893,480.0
99.74676972259758,514.2857142857143
83.60923877684561,450.0
120.45244834561264,600.0
89.87763147454707,480.0
101.51646857332338,553.8461538461538
112.5058963506087,514.2857142857143
82.92678905704139,450.0
110.85579179691246,553.8461538461538
123.3631043874961,600.0
118.07001451414118,600.0
109.9373479140232,553.8461538461538
133.70900308301836,600.0
106.53209447698438,553.8461538461538
93.37909538455072,480.0
77.01995035844485,423.52941176470586
118.19604293098965,514.2857142857143
95.17331253211208,514.2857142857143
88.69105126588823,480.0
125.11509675482776,553.8461538461538
95.95568735320047,514.2857142857143
117.42113017956183,514.2857142857143
89.59538647853951,480.0
88.17916985121123,480.0
146.50535071158092,600.0
123.21462597225509,514.2857142857143
95.45398018906107,450.0
111.7428815829525,553.8461538461538
92.25253569929883,480.0
83.15665953211031,450.0
108.0062004360042,553.8461538461538
76.05592627559365,553.8461538461538
104.89054801115407,600.0
111.18659727988678,553.8461538461538
94.71251163432824,514.2857142857143
84.40236501842486,450.0
99.73435390853486,514.2857142857143
103.14105556374801,553.8461538461538
133.74542383312692,553.8461538461538
90.6464906326104,450.0
109.82973466833917,514.2857142857143
119.0160192514069,553.8461538461538
110.44031085265902,553.8461538461538
92.06176801335201,480.0
134.17281010023788,553.8461538461538
81.29218662056309,423.52941176470586
87.68885003110303,480.0
105.33733421446068,480.0
80.98863050957958,480.0
112.53421131600183,553.8461538461538
116.00749688966553,553.8461538461538
95.88458937962852,480.0
101.3113280834253,514.2857142857143
84.82690146519036,480.0
101.52727193178636,514.2857142857143
102.08855882206065,514.2857142857143
83.89584204544711,480.0
86.69507758195851,480.0
112.81818284887943,514.2857142857143
126.8188591685899,600.0
100.29987330982452,480.0
96.92580065905996,480.0
129.2048763266601,600.0
136.2244642104726,553.8461538461538
114.93841561853083,480.0
111.25610211130612,553.8461538461538
94.92193881707797,514.2857142857143
89.1526261118592,450.0
121.07796176652914,553.8461538461538
121.37787459352344,553.8461538461538
91.26501469824508,480.0
114.97577971288226,553.8461538461538
70.5232748622648,423.52941176470586
109.71034152956065,514.2857142857143
101.59037722365645,514.2857142857143
86.68823699715577,480.0
114.80808306379944,553.8461538461538
115.69797159715147,600.0
111.39853223571869,480.0
141.2404406376857,600.0
92.09434551729562,450.0
91.69682354859204,514.2857142857143
107.58203634343727,514.2857142857143
123.7184989420491,553.8461538461538
86.75232002476135,450.0
107.58508674191391,514.2857142857143
125.2634783198003,553.8461538461538
93.70996509564455,480.0
134.5552657975704,553.8461538461538
108.39651587837471,553.8461538461538
113.70940929591734,514.2857142857143
144.5213976254531,600.0
91.29697008883264,553.8461538461538
84.89727499972454,514.2857142857143
96.91675996310067,480.0
93.4582897561838,450.0
105.67896795493525,514.2857142857143
119.65745094438434,553.8461538461538
128.214669365025,553.8461538461538
99.92361472453949,480.0
103.58645779515527,514.2857142857143
67.02670431146042,423.52941176470586
102.08417249101952,514.2857142857143
66.13424317479875,400.0
121.33717249958079,600.0
122.29295596351335,553.8461538461538
107.54991185599336,514.2857142857143
105.30326572094509,514.2857142857143
111.97338004228904,553.8461538461538
132.9477445288088,553.8461538461538
82.11372148083095,450.0
93.47564075697058,480.0
85.92303509643115,423.52941176470586
97.91179257721181,514.2857142857143
105.33409656209713,480.0
109.96763926368797,514.2857142857143
78.23864607702998,450.0
95.79717523861218,514.2857142857143
106.42311148421732,514.2857142857143
134.99763343121583,600.0
106.55121218428883,514.2857142857143
96.97395687062861,480.0
110.61623508947756,553.8461538461538
108.15408974524475,514.2857142857143
108.21749223755299,514.2857142857143
97.44353788088884,514.2857142857143
103.5970383328932,553.8461538461538
101.77436697751224,480.0
93.2008489641903,480.0
78.27258986846599,423.52941176470586
110.20645923828978,553.8461538461538
104.907079948011,480.0
148.13280210536888,600.0
123.15815277579024,553.8461538461538
126.55644125305095,600.0
122.15862311911734,553.8461538461538
107.75115733178443,480.0
108.15360366111062,553.8461538461538
120.50245740909082,553.8461538461538
110.84258489899705,514.2857142857143
117.5662510454812,514.2857142857143
114.44935263715959,553.8461538461538
84.06883625488874,480.0
86.68227949550092,423.52941176470586
104.63871950364552,553.8461538461538
83.51406502064958,423.52941176470586
141.05845517395673,600.0
116.34758926061691,600.0
97.23255826077492,480.0
111.95354051151857,514.2857142857143
129.8474173563244,553.8461538461538
97.42310194819677,480.0
80.35088802847658,450.0
100.63070988066978,514.2857142857143
113.44394382713774,514.2857142857143
122.50249916811974,514.2857142857143
122.14719438062302,600.0
120.05599458507699,514.2857142857143
90.1032709105797,480.0
102.70658453768861,480.0
