ep_returns,ep_lens
22.62844719557546,553.8461538461538
7.153546262476835,288.0
17.317109930093594,450.0
30.672514424292725,553.8461538461538
31.789443936918033,480.0
25.357555132040535,360.0
39.6374884870072,514.2857142857143
40.49721709000741,480.0
45.63566520977919,514.2857142857143
38.63066553588204,378.94736842105266
42.862302226925365,360.0
46.709431193891675,327.27272727272725
51.22359376507585,342.85714285714283
48.751865752031584,313.04347826086956
58.914439101540594,360.0
55.3773448502693,313.04347826086956
52.17428288946015,313.04347826086956
62.58725533155851,327.27272727272725
59.68916087576762,300.0
60.02290904132506,313.04347826086956
61.89855674348537,327.27272727272725
61.20580005918154,327.27272727272725
66.01601954800317,313.04347826086956
58.65370795071147,300.0
60.894453877378986,300.0
54.58838064010232,300.0
66.92147325994209,300.0
62.575963880818506,300.0
56.9399587872183,300.0
61.28110312383442,300.0
64.13153215132196,300.0
63.669598017520855,300.0
62.584328843549024,300.0
70.2775809353592,300.0
66.4613478657367,300.0
67.01239989941037,300.0
57.011557426861344,300.0
64.04102955099137,300.0
67.20174951156775,300.0
67.83621129721173,300.0
69.38982988981242,300.0
70.75297162038228,300.0
67.67048117101159,300.0
63.775430532538486,300.0
67.05252958195933,313.04347826086956
62.864020055127355,313.04347826086956
61.368323703921554,300.0
60.66978737418045,300.0
62.37387957517618,300.0
65.54540322731266,300.0
70.12210482473215,313.04347826086956
69.55777653219711,300.0
65.97137794887196,313.04347826086956
63.899878850893,300.0
68.3152579917542,300.0
67.87741520211114,300.0
69.55408781250577,300.0
71.85295316273074,300.0
70.98660456456308,300.0
72.61425686753454,300.0
71.09666729716854,300.0
68.07141051959366,300.0
66.86213543122221,300.0
69.92840519169299,300.0
72.16264400877888,300.0
68.96185568053583,300.0
73.35955198741364,300.0
67.4792244738828,300.0
65.41228762109402,300.0
70.91907418681389,300.0
71.52150485405714,300.0
71.06286149156965,300.0
69.76862163026988,300.0
73.8128641698143,300.0
72.02068664308528,300.0
72.23461971781244,300.0
70.05382987586164,300.0
67.43532537143301,300.0
72.25101410360318,300.0
71.66860723807342,300.0
69.89093785087387,300.0
71.63881065759976,300.0
68.94080399244821,300.0
69.68202401927468,300.0
69.25309624206373,300.0
72.24104574178291,300.0
69.45556590586598,300.0
68.35098772697002,300.0
60.532831699054306,300.0
70.11989296588568,300.0
66.16157121541328,300.0
64.65379967268542,300.0
60.85084994707546,300.0
62.697574877466316,300.0
63.45125265607408,300.0
60.62357823216821,300.0
65.63533564039972,300.0
67.6635057054706,300.0
66.88881377052583,300.0
68.04277066997655,300.0
72.91855033748783,300.0
68.56733811979518,300.0
62.20337695363526,300.0
65.50095923938457,300.0
69.20885255837017,300.0
71.08447278865106,300.0
76.57662780873981,300.0
74.20900794136477,300.0
72.03548452457981,300.0
68.55393639544612,300.0
65.65017468003008,300.0
67.30971932337376,300.0
67.58229656059493,300.0
65.63104742284122,300.0
65.75521005435432,300.0
67.3255603388552,300.0
64.28932396746671,300.0
62.13843334677387,300.0
61.762163914245754,300.0
65.00659317517552,300.0
68.64169061286266,300.0
66.55518965290109,300.0
64.99198687199126,300.0
66.51488338621375,300.0
62.05448827329627,288.0
62.608444637060494,300.0
63.38218840474256,300.0
63.34258399736303,300.0
63.0362066014283,300.0
64.82295822869663,300.0
66.07067082868332,300.0
68.77163315302236,300.0
62.69871239856851,300.0
63.4257375137089,300.0
64.34158222868137,300.0
61.64445232835672,300.0
60.148314529544905,300.0
66.17419824066427,300.0
64.99847674592586,300.0
65.64139940558422,300.0
65.93227677304121,300.0
70.23907371651131,300.0
70.54624197707618,300.0
64.60451458025194,300.0
69.39540565187077,300.0
66.81873165637788,300.0
64.89608372485446,300.0
68.95033130871713,300.0
69.6547721545766,300.0
74.87974861812086,300.0
74.23918658322894,300.0
53.6665599685299,313.04347826086956
53.77190443609744,300.0
60.680020109472245,300.0
60.90579078348052,300.0
67.2434490849779,313.04347826086956
64.79838146331998,327.27272727272725
65.3711901109627,313.04347826086956
65.42835778648518,313.04347826086956
60.02030235297971,300.0
67.43794674409726,300.0
68.73387118865635,313.04347826086956
59.187785632066756,300.0
62.26256602725771,300.0
66.90062190942554,300.0
63.16837488640309,300.0
59.72829264763668,313.04347826086956
63.178601271451804,300.0
64.92764139357205,300.0
63.44305753605169,300.0
72.36267578563856,300.0
55.30172682194459,300.0
60.751817625910434,300.0
70.47372698154203,300.0
65.95099390461112,300.0
68.99218438224426,300.0
65.56976533047349,300.0
61.528275068873825,300.0
65.75586431202755,300.0
67.12567354271727,300.0
68.13683814719406,300.0
64.25630231953683,300.0
66.37677261689771,300.0
64.3043605408905,313.04347826086956
66.57146257086343,300.0
70.95331327596377,300.0
72.55403547748173,300.0
75.57059175972397,300.0
74.22982610390346,300.0
69.61559448990515,300.0
68.2785347081761,300.0
70.3099917989538,300.0
68.80832276114393,300.0
74.39914642622773,300.0
72.97743100524184,300.0
74.6667566236167,300.0
72.9203830211232,300.0
78.46947849489442,300.0
70.63427316375181,300.0
76.75429886276477,300.0
74.02814807691787,300.0
69.78902263427105,300.0
65.76180159042991,300.0
63.09791360881974,300.0
64.67375073586054,300.0
65.33361106674194,300.0
76.16375736034067,313.04347826086956
72.76894940937648,300.0
69.44773772238567,300.0
72.42219313979432,300.0
65.2182716666108,300.0
65.94705078209479,300.0
75.12864961200343,300.0
69.12091500274042,300.0
71.78465630588158,300.0
74.87230136295413,300.0
65.13476072269644,300.0
59.03609951850793,300.0
70.56081575431195,300.0
76.35415977082677,300.0
72.56070019571644,300.0
66.48291889607638,300.0
74.95916836871302,300.0
77.38173763795925,300.0
77.44189896598299,300.0
72.47601694828332,300.0
91.51346243265047,342.85714285714283
72.1262557356343,313.04347826086956
74.57599850811862,313.04347826086956
75.21614161937987,300.0
70.51953920029554,300.0
68.6133215962081,300.0
71.36769824663257,300.0
77.89378581988095,300.0
78.73425276204804,313.04347826086956
77.12358998712855,313.04347826086956
75.58033948358928,313.04347826086956
76.28677516540284,313.04347826086956
81.81988972852542,327.27272727272725
81.42931183502476,313.04347826086956
85.21115093489949,313.04347826086956
75.21143364875896,300.0
77.91293536992964,300.0
78.69433993030931,300.0
72.4323975083772,300.0
76.27065462928563,300.0
80.21097796133478,327.27272727272725
78.26132597381024,300.0
80.5129798159535,327.27272727272725
81.94090106031145,313.04347826086956
77.04560209434564,313.04347826086956
90.51324696371708,342.85714285714283
82.89361699703583,327.27272727272725
65.44510004952609,300.0
80.77584544600896,313.04347826086956
90.54566418926956,342.85714285714283
70.86678752640982,300.0
90.34001238154539,327.27272727272725
83.34207414919655,327.27272727272725
88.87876327346962,327.27272727272725
83.56765083110392,327.27272727272725
84.60418703756191,327.27272727272725
78.86814469094146,327.27272727272725
66.3235313547554,300.0
78.5658911383547,327.27272727272725
87.19353243196691,342.85714285714283
83.1377029231597,327.27272727272725
85.20577461535733,342.85714285714283
72.83165649799857,300.0
77.13365445878293,313.04347826086956
94.63083410132987,327.27272727272725
87.33621563207679,327.27272727272725
80.29352180922508,313.04347826086956
69.94683390545023,313.04347826086956
83.21494974320187,342.85714285714283
76.65864358360226,327.27272727272725
79.82043513194617,313.04347826086956
97.23148306486338,360.0
80.0305736147601,327.27272727272725
68.28423696164286,313.04347826086956
87.91813367165453,342.85714285714283
83.14214928420405,327.27272727272725
82.39829409692942,327.27272727272725
82.3605845643852,327.27272727272725
79.06086145477119,313.04347826086956
77.04119954993776,300.0
85.43122478434667,327.27272727272725
69.58504845745212,300.0
92.15082419359351,342.85714285714283
84.26209979672,313.04347826086956
68.44301617397919,313.04347826086956
94.85911386065058,327.27272727272725
72.3879589486405,300.0
75.275210781354,300.0
75.74933031582864,327.27272727272725
75.80870780184777,327.27272727272725
74.86183549347244,327.27272727272725
77.69236161693053,342.85714285714283
87.3574914549224,360.0
95.50846386809023,342.85714285714283
87.20406897550926,342.85714285714283
78.21197125119525,327.27272727272725
89.42522310657462,342.85714285714283
63.80964588606495,300.0
75.78355941328269,300.0
66.6740160843298,313.04347826086956
77.39471653241543,313.04347826086956
83.24771849879835,327.27272727272725
91.89440246500344,360.0
75.60103027113786,313.04347826086956
86.64273480051472,342.85714285714283
82.6810187410837,327.27272727272725
70.37051023652772,288.0
71.79255668800258,327.27272727272725
75.7558087238881,313.04347826086956
66.74191225614635,300.0
78.74057886248794,313.04347826086956
72.78113524937102,300.0
92.43311671289402,342.85714285714283
81.93781677085006,327.27272727272725
78.41059129731141,327.27272727272725
77.6986407081684,313.04347826086956
74.15600989962914,300.0
89.04599965522087,342.85714285714283
75.64971205930917,327.27272727272725
57.91993559197412,300.0
84.43852589951425,327.27272727272725
71.12823725437771,300.0
80.33892370463396,313.04347826086956
82.26674457487377,327.27272727272725
70.92705176924348,313.04347826086956
66.12448056972502,288.0
70.46450511985327,313.04347826086956
64.45683656184305,300.0
66.23591854614936,300.0
73.7429420311355,313.04347826086956
79.18542083413651,313.04347826086956
74.60563020108516,300.0
90.21137597279218,360.0
63.94151202090196,276.9230769230769
80.81679200321237,313.04347826086956
74.07597990758322,313.04347826086956
61.68929640213572,300.0
60.00064733922058,313.04347826086956
76.23225986630911,313.04347826086956
83.27596256968276,327.27272727272725
71.17099158824351,288.0
71.32177546255201,300.0
75.66392686199342,313.04347826086956
73.72465034181936,313.04347826086956
65.34034962238303,300.0
61.37376517757593,300.0
71.67758479222245,300.0
82.44649810640291,313.04347826086956
71.60225618169646,300.0
79.32703664475457,313.04347826086956
75.65121237327955,313.04347826086956
69.03172753436354,313.04347826086956
68.22141268492902,300.0
89.93407951798957,342.85714285714283
60.37883408068694,300.0
64.05430643797887,288.0
62.123880896202756,313.04347826086956
56.23938512717273,276.9230769230769
65.71362988586539,288.0
70.38188648451961,300.0
82.25719821176149,342.85714285714283
79.6428850998719,313.04347826086956
69.6900155648862,300.0
64.3706964439687,288.0
67.14906056418859,313.04347826086956
63.205752115772704,300.0
69.27976487343653,300.0
72.73948552890457,313.04347826086956
81.90176067758661,327.27272727272725
75.78649013269178,313.04347826086956
67.45804149700284,300.0
66.2319587475182,327.27272727272725
67.57110509420772,300.0
86.14056643477579,342.85714285714283
73.24411047103831,313.04347826086956
79.47823182529328,327.27272727272725
74.04008963399117,313.04347826086956
78.50472553382811,313.04347826086956
67.6114014464565,313.04347826086956
79.80147748252902,313.04347826086956
66.73116210885941,300.0
65.13884720147844,300.0
76.45745225924777,300.0
75.76330330263274,313.04347826086956
72.18133569209748,300.0
68.78575078458952,313.04347826086956
69.4409780100472,300.0
59.77752288001456,276.9230769230769
73.32987692911152,313.04347826086956
80.37953151761822,327.27272727272725
72.24287075859789,313.04347826086956
70.55676708113404,288.0
83.06939267890797,313.04347826086956
69.3012974828346,300.0
66.24060484273393,300.0
74.42300411824827,300.0
77.3924933613069,327.27272727272725
69.63980274405952,300.0
69.01309329836691,300.0
80.59514351916818,327.27272727272725
89.63856505954341,342.85714285714283
77.20141893396027,342.85714285714283
72.81151831060339,327.27272727272725
71.8235176298051,313.04347826086956
70.22716841308319,300.0
75.44208985939594,313.04347826086956
73.20023757912325,313.04347826086956
63.92634660470235,276.9230769230769
67.16020090769022,288.0
76.53556420219456,313.04347826086956
63.65271603712286,288.0
75.93999191229499,313.04347826086956
70.86583026479907,300.0
71.28824655242113,300.0
77.43911490691592,313.04347826086956
77.765952157735,313.04347826086956
67.10273660468799,300.0
65.3659518360822,300.0
64.46521363751894,300.0
79.99144910353337,327.27272727272725
65.56421500752514,288.0
61.27986671963007,300.0
55.89512671085962,288.0
75.71389136616841,300.0
68.2632647251208,313.04347826086956
65.49850206532754,300.0
73.27010274612086,313.04347826086956
65.17416141640221,300.0
70.86403132467927,300.0
59.75335140574347,276.9230769230769
69.44994039709754,300.0
63.38053946207219,300.0
83.97302122258372,327.27272727272725
76.0592847737361,313.04347826086956
75.45520182154947,327.27272727272725
63.04364059755587,313.04347826086956
92.64701191558773,342.85714285714283
84.83096118778668,327.27272727272725
71.75159612405174,300.0
83.99970335957762,327.27272727272725
85.70541018864536,327.27272727272725
80.74414034649772,313.04347826086956
77.14272864366949,313.04347826086956
77.29416965959531,313.04347826086956
60.85801735448697,313.04347826086956
41.548408184667466,288.0
50.2608418289995,313.04347826086956
51.432178414471736,327.27272727272725
61.068735747590246,313.04347826086956
59.48068957791949,313.04347826086956
63.55558123599615,327.27272727272725
41.475711214037574,288.0
49.773739562513654,313.04347826086956
57.81892129062129,300.0
57.87773902800998,342.85714285714283
56.9923626873355,313.04347826086956
52.126467218330234,313.04347826086956
56.95452403475367,327.27272727272725
42.34817300318545,327.27272727272725
63.43239872371056,342.85714285714283
52.019158603209654,300.0
54.715112094775144,342.85714285714283
52.08373085206643,313.04347826086956
49.39539749507243,313.04347826086956
60.793450163828396,327.27272727272725
49.58470997239292,288.0
61.744724136292646,342.85714285714283
49.326078146239524,313.04347826086956
58.86908533675059,342.85714285714283
64.0753634966063,360.0
51.62124343156696,300.0
49.60524597330658,300.0
58.16059038926225,327.27272727272725
44.10346716620592,300.0
53.330089432105815,327.27272727272725
58.79618425494452,313.04347826086956
53.68397039870022,300.0
68.12614390536282,327.27272727272725
65.90515653178238,327.27272727272725
61.036937422529775,313.04347826086956
58.49040443249084,342.85714285714283
62.66521680446936,313.04347826086956
67.35909030256263,360.0
62.23113537230581,342.85714285714283
55.450052698120466,313.04347826086956
51.64320028705343,313.04347826086956
74.77348733778584,342.85714285714283
65.90135778841088,342.85714285714283
56.83887547292586,327.27272727272725
64.32408524658602,327.27272727272725
61.332368993376605,313.04347826086956
55.7700495164573,300.0
55.04872625749258,327.27272727272725
62.38644566803298,313.04347826086956
61.86305810627224,313.04347826086956
58.535046778363835,327.27272727272725
58.895489087025204,313.04347826086956
59.51104344786017,313.04347826086956
61.45907284063737,313.04347826086956
55.1305630598067,327.27272727272725
46.62541252599014,288.0
61.800460259051626,300.0
62.86505117243664,342.85714285714283
60.11448355989724,327.27272727272725
60.132905410149796,300.0
59.223081971919164,327.27272727272725
64.53676635962525,313.04347826086956
66.98398648167354,342.85714285714283
56.647317024532434,300.0
60.547566841371946,313.04347826086956
45.507139445622094,288.0
55.86838444557404,327.27272727272725
56.37777905668499,313.04347826086956
54.92598076990698,300.0
67.6211345393515,327.27272727272725
73.18084005802129,327.27272727272725
57.16596968905658,313.04347826086956
56.04582505735823,300.0
64.53505538832292,342.85714285714283
45.06798065955083,276.9230769230769
52.995441790504344,300.0
69.2262211365006,327.27272727272725
62.25928095725777,300.0
56.183551724865545,313.04347826086956
55.40539784350039,327.27272727272725
64.42454386842941,327.27272727272725
68.49553542697687,327.27272727272725
57.95153793092576,300.0
62.70389533432268,313.04347826086956
59.84370215659758,300.0
54.07695286153739,300.0
58.37076140268707,313.04347826086956
65.40283500370002,300.0
60.1122431735858,300.0
60.360376931568744,288.0
75.45116750891039,360.0
62.176405320558565,313.04347826086956
63.43316834643711,300.0
84.37312905906394,342.85714285714283
65.14602246517302,313.04347826086956
62.0286547931849,313.04347826086956
71.75117917644232,313.04347826086956
65.1839935502433,313.04347826086956
53.38005329808834,300.0
77.92881646052169,327.27272727272725
57.631801889899755,300.0
64.0858113816165,300.0
76.28738278613967,327.27272727272725
61.81165699521199,300.0
53.204267813830775,288.0
62.6671054716911,288.0
59.93779996350253,288.0
60.75398471006801,288.0
64.77109227489994,300.0
73.90996265592138,327.27272727272725
61.99526837818531,313.04347826086956
63.15646859577663,313.04347826086956
62.70710046251265,313.04347826086956
58.939231610529276,288.0
69.54848812625877,327.27272727272725
68.47988456078062,327.27272727272725
63.88905696564136,313.04347826086956
70.25805368657886,327.27272727272725
69.20310359438672,327.27272727272725
74.68719702986051,327.27272727272725
63.202451408357646,288.0
57.67284615522067,300.0
68.05119537171493,313.04347826086956
65.69832735954866,300.0
69.00605852468848,327.27272727272725
76.30067257678938,313.04347826086956
69.00551591886953,300.0
82.01653674305955,360.0
63.64411107823723,288.0
62.618621992683664,300.0
65.38956902665815,327.27272727272725
77.35748862862019,313.04347826086956
73.82723843939323,313.04347826086956
55.46428185687989,300.0
73.31654876317351,313.04347826086956
63.69151889450304,300.0
77.96512528169323,313.04347826086956
58.06196520539928,300.0
76.91217548781081,327.27272727272725
75.3177690520535,313.04347826086956
73.91328937590369,327.27272727272725
76.19950133912518,327.27272727272725
69.61085799225519,313.04347826086956
74.6076202440276,313.04347826086956
56.80095226567272,288.0
68.04670822562503,300.0
74.098894846806,327.27272727272725
76.25300964040578,313.04347826086956
66.54147716782201,313.04347826086956
80.79507452093576,327.27272727272725
71.12381279385473,313.04347826086956
73.02964061205722,327.27272727272725
65.842065855024,288.0
70.86050598789622,313.04347826086956
80.9301118306541,327.27272727272725
79.62843191771415,342.85714285714283
66.43921422941675,342.85714285714283
65.98957872762664,300.0
59.8244036099358,276.9230769230769
68.48834964342343,300.0
86.05621799504382,378.94736842105266
64.05473410777442,300.0
73.57601331003195,313.04347826086956
70.20845405490047,300.0
76.04716146370835,327.27272727272725
60.79299907293878,300.0
78.05961264672351,313.04347826086956
63.551511413580954,300.0
70.08815701747815,313.04347826086956
81.01239039868108,342.85714285714283
74.31246922016854,313.04347826086956
77.16336543846478,313.04347826086956
69.77232669620156,327.27272727272725
70.98258441780524,327.27272727272725
69.46754456799404,300.0
68.9349285081535,313.04347826086956
61.221883511352985,300.0
59.93686356903648,276.9230769230769
83.057675003235,342.85714285714283
60.5366967380516,288.0
64.06626041142495,300.0
86.00780754226864,342.85714285714283
67.02292609785393,300.0
68.45465074261234,288.0
62.94256890253727,300.0
63.57503565957641,300.0
66.00564919735893,313.04347826086956
56.623319585755205,288.0
70.57336569525518,313.04347826086956
62.51669096036645,300.0
59.741771491791575,300.0
62.76865655949598,300.0
56.74670832157648,288.0
69.23882457175431,313.04347826086956
69.05873321576466,300.0
81.91690145578818,327.27272727272725
62.01329851180173,288.0
63.19750724393742,288.0
71.2592136688867,313.04347826086956
61.190548120539155,300.0
61.631630334522285,288.0
83.89856670916085,327.27272727272725
80.65080527570419,342.85714285714283
69.21282036242965,288.0
62.594609709059014,288.0
75.82523392520655,342.85714285714283
62.641874005182025,288.0
75.592040397789,327.27272727272725
65.61980774862398,313.04347826086956
83.89337930526932,327.27272727272725
69.43149382260864,300.0
75.1632297655517,327.27272727272725
75.62625548195138,327.27272727272725
67.85741638486833,300.0
56.62672900211785,288.0
65.61136695129609,300.0
58.82222746665394,300.0
72.31743932916812,327.27272727272725
66.29438815129329,300.0
54.404242186885874,300.0
60.615867635646346,300.0
61.518362446311286,313.04347826086956
69.76411583981813,327.27272727272725
63.31026405083255,313.04347826086956
79.8361883371823,342.85714285714283
69.96449365607059,313.04347826086956
66.52397335683068,313.04347826086956
59.47660916656728,300.0
65.96740528175283,313.04347826086956
70.10780667468761,300.0
55.176483345891675,276.9230769230769
70.6537696841485,327.27272727272725
79.46358687351369,360.0
74.14633661365025,327.27272727272725
81.23996536657351,327.27272727272725
88.55650611366211,342.85714285714283
63.83192443536516,288.0
74.45034495333948,313.04347826086956
69.91651341419754,313.04347826086956
79.01202587340426,342.85714285714283
69.41854145351714,327.27272727272725
76.00172407842335,342.85714285714283
85.96957421673739,342.85714285714283
65.48292193889866,300.0
75.36979229997989,313.04347826086956
72.93906083482199,313.04347826086956
78.05328489830296,342.85714285714283
68.10059564568807,313.04347826086956
78.62060928234658,327.27272727272725
67.2146594054066,300.0
82.56808243162122,327.27272727272725
61.020414015437574,276.9230769230769
81.08035542451567,327.27272727272725
63.60864214901571,300.0
70.66368024282862,313.04347826086956
64.42771501216644,300.0
69.2044642865943,300.0
75.34310852013715,327.27272727272725
74.67942118614388,313.04347826086956
64.20875186009754,300.0
77.58605074919544,327.27272727272725
75.9349305153553,313.04347826086956
63.21961260451399,300.0
63.03911922347991,300.0
69.33464529289245,300.0
73.67724272623917,313.04347826086956
75.49691577940587,342.85714285714283
75.12262914822902,313.04347826086956
75.19018555598623,327.27272727272725
72.01872219850624,313.04347826086956
62.6840482145937,288.0
80.14324370127308,342.85714285714283
75.85078117703681,313.04347826086956
71.043275797463,313.04347826086956
75.14328071367207,313.04347826086956
63.18632957129042,300.0
77.05941600112254,327.27272727272725
79.2584498357913,342.85714285714283
66.11540653776076,300.0
77.4097887451784,327.27272727272725
70.36591823918445,300.0
82.30776662644402,342.85714285714283
72.3403303795872,313.04347826086956
64.76813426932506,288.0
80.41833250581631,327.27272727272725
71.33976801649968,313.04347826086956
89.71617479188767,360.0
69.18661298375532,313.04347826086956
79.94930054334468,327.27272727272725
81.70478283665612,327.27272727272725
63.039152358656196,300.0
69.71557939515733,300.0
65.79622887864139,313.04347826086956
64.36992109760195,300.0
69.48163038631576,313.04347826086956
67.56042519273741,313.04347826086956
70.11406081137403,300.0
67.54131909577121,300.0
61.50807243436398,288.0
88.97701676431815,342.85714285714283
75.75313279044649,313.04347826086956
70.72202818456559,327.27272727272725
63.54760678832225,288.0
77.28780331419559,313.04347826086956
70.10003614427414,300.0
67.1913462356334,313.04347826086956
95.65966787586287,400.0
80.31065698616274,342.85714285714283
81.12827118167596,342.85714285714283
68.81373055292815,313.04347826086956
74.97664258570278,342.85714285714283
80.11153120515353,342.85714285714283
90.49475632656441,342.85714285714283
84.1342585456139,360.0
70.94302127027652,300.0
77.46377929740903,313.04347826086956
64.11750701119871,300.0
84.41461611083538,360.0
52.29706526060986,288.0
91.36062083121801,378.94736842105266
70.69646766018543,327.27272727272725
73.76384601262598,313.04347826086956
69.17809992924428,313.04347826086956
64.81484657209445,300.0
67.59146379159395,313.04347826086956
56.10615204546116,300.0
68.03724009892245,313.04347826086956
65.03810365906358,300.0
72.1165518353403,327.27272727272725
71.8272721826536,300.0
53.58633939342937,288.0
69.20593980378818,327.27272727272725
65.40449159842413,342.85714285714283
68.14522576326237,300.0
74.2850725554709,313.04347826086956
55.17438012269228,300.0
63.23041387787764,288.0
60.10267158545516,300.0
51.74318609401599,288.0
69.28516420896199,313.04347826086956
70.61899585112532,327.27272727272725
69.65566326533467,300.0
72.58932706401491,327.27272727272725
68.10930342721257,300.0
68.5462786675926,313.04347826086956
68.69291897098269,313.04347826086956
70.28044343488027,313.04347826086956
68.5854340746202,300.0
55.52355812025435,276.9230769230769
68.6799655045484,313.04347826086956
55.71859328470947,300.0
63.873803785515314,300.0
63.83006768075072,300.0
70.59612918559864,300.0
66.14453551857065,276.9230769230769
65.08709215544614,300.0
82.563133455204,342.85714285714283
67.11914095626132,300.0
60.37109183134453,313.04347826086956
43.27507976386841,276.9230769230769
69.34313077487208,327.27272727272725
72.93390052764713,313.04347826086956
57.26654436620679,276.9230769230769
70.89910256398178,313.04347826086956
76.07969050986549,342.85714285714283
57.65223725594515,276.9230769230769
57.734440451484645,288.0
71.98067637529383,313.04347826086956
61.588149695765644,288.0
73.04143050833149,327.27272727272725
76.05859308745113,327.27272727272725
71.45066029269627,300.0
61.83200158757796,300.0
56.05886201709017,288.0
65.29589807364552,300.0
71.50032734443491,300.0
67.96057974073655,327.27272727272725
69.77712519150704,313.04347826086956
61.70110324841983,300.0
79.35063136611967,342.85714285714283
66.05873873064547,300.0
53.858333537061895,288.0
66.30952644148608,313.04347826086956
54.04817523551638,276.9230769230769
68.06801472807406,313.04347826086956
89.38765599999165,342.85714285714283
70.19082182075375,313.04347826086956
74.37900982275177,327.27272727272725
74.01321159165299,327.27272727272725
78.17658056493667,313.04347826086956
73.88935147878937,327.27272727272725
70.0398643910414,342.85714285714283
69.28684174107448,327.27272727272725
67.49891944025393,313.04347826086956
81.34708529882732,360.0
65.75599790259565,300.0
80.62452844455909,327.27272727272725
67.42004842750288,313.04347826086956
60.359901745264935,288.0
69.81968936143335,327.27272727272725
75.70694512025258,327.27272727272725
72.87434306644207,342.85714285714283
66.42655630402534,288.0
74.13300011844908,327.27272727272725
57.40488651945358,300.0
72.22931393528154,342.85714285714283
79.39254045466038,327.27272727272725
97.27799833658247,400.0
71.16681853049299,313.04347826086956
87.64745454518757,360.0
81.2722149482039,342.85714285714283
87.29682388741723,360.0
80.21990730586035,360.0
78.26799975556037,342.85714285714283
85.64277012253194,342.85714285714283
67.98114793175036,313.04347826086956
76.69711026576394,313.04347826086956
68.63237421532465,300.0
66.48912441352024,313.04347826086956
71.52439551359659,300.0
73.1389930941919,327.27272727272725
78.40666302570415,327.27272727272725
82.89831101251153,327.27272727272725
75.12681126536941,327.27272727272725
66.95931255658377,300.0
73.43364039829132,313.04347826086956
70.64051641413799,327.27272727272725
72.10526441972752,327.27272727272725
71.50188414637819,300.0
76.20379032412018,342.85714285714283
71.16319925583589,327.27272727272725
72.79149363389271,327.27272727272725
66.39324559639527,313.04347826086956
78.01486653953842,342.85714285714283
72.22936132365658,313.04347826086956
57.26623455730543,276.9230769230769
63.19051718777059,313.04347826086956
56.33383737989073,276.9230769230769
69.26516395479791,313.04347826086956
66.36600882294569,300.0
63.41598552621754,288.0
75.39307795914843,327.27272727272725
66.90240371562707,327.27272727272725
52.4888206688211,300.0
65.51549628126031,300.0
72.11637118689187,327.27272727272725
57.03712189140219,288.0
83.33886853609759,342.85714285714283
67.95406899382303,300.0
88.98711434147785,342.85714285714283
79.4502000184392,313.04347826086956
66.86757425263404,313.04347826086956
66.12707521355438,313.04347826086956
69.67029108833125,327.27272727272725
73.74165387514785,327.27272727272725
74.90133694515185,313.04347826086956
60.37864401104783,300.0
62.876016438376546,276.9230769230769
64.72296628367644,288.0
63.89966398859234,288.0
63.9904261033983,313.04347826086956
55.407716213321045,288.0
62.62729085303297,288.0
60.05586192395822,300.0
80.74386810259503,360.0
70.33920805074234,300.0
65.32257689596327,300.0
65.20580029749162,288.0
74.51617320920955,313.04347826086956
62.406497259748264,288.0
91.23750188757512,378.94736842105266
68.17155325040576,300.0
76.65921291655975,327.27272727272725
68.57942544307805,313.04347826086956
72.70194466353621,313.04347826086956
77.47454945236811,327.27272727272725
72.53792957878814,300.0
64.30441417442829,300.0
58.09774814654896,288.0
63.199599720836694,300.0
74.69260378224402,313.04347826086956
60.411665299115015,288.0
70.93486210452134,313.04347826086956
72.49964640655223,300.0
59.562945205732404,313.04347826086956
62.02140174849351,327.27272727272725
72.74749202839968,327.27272727272725
70.049157451133,300.0
77.5245269025046,342.85714285714283
70.6961854797144,300.0
61.35230066963264,288.0
61.543512464831174,288.0
82.98822602534199,342.85714285714283
70.79905388369048,313.04347826086956
72.09721093462966,313.04347826086956
66.70609805221191,300.0
75.91942072978317,313.04347826086956
67.01479461873107,300.0
62.69217642478788,300.0
75.45515488265224,313.04347826086956
58.94022279718067,300.0
71.91287135212912,342.85714285714283
65.43724417693542,313.04347826086956
57.36294219600646,288.0
75.06197266223101,313.04347826086956
68.10523859178411,313.04347826086956
72.0436992077172,313.04347826086956
65.2908786094943,313.04347826086956
64.86039687992553,300.0
87.20388688563959,342.85714285714283
68.00076191558296,300.0
63.27484984604064,300.0
75.50248862771628,313.04347826086956
56.863795544841096,288.0
60.682408307615425,288.0
76.81519015164936,327.27272727272725
76.79517775049831,313.04347826086956
74.88697844761579,313.04347826086956
63.49539662334862,300.0
71.55754660669253,313.04347826086956
66.14760453345274,313.04347826086956
74.35958872423515,327.27272727272725
72.61131156112282,313.04347826086956
60.3067897253022,288.0
74.81175735497006,327.27272727272725
72.18429895038983,327.27272727272725
65.31449536780393,300.0
60.65358073947943,288.0
66.40740257677653,300.0
70.32090583193181,327.27272727272725
76.65896310723052,327.27272727272725
66.6251562451507,327.27272727272725
66.61622969792298,300.0
58.98100855319379,300.0
63.773816483675624,313.04347826086956
62.426194192974464,313.04347826086956
65.61466109982217,300.0
57.980632866238516,300.0
64.89107954563127,300.0
93.3817291648758,360.0
66.13315336469711,313.04347826086956
60.72073064174404,313.04347826086956
59.8329944348437,288.0
70.48169705695412,313.04347826086956
63.05687314235967,300.0
61.039613649678095,266.6666666666667
57.23671801226228,288.0
66.81557642458837,313.04347826086956
77.67450612490413,342.85714285714283
69.95095675152511,313.04347826086956
58.93498175485714,300.0
76.91320706127526,327.27272727272725
65.72458881142548,300.0
70.19256766951473,300.0
92.25819665120049,360.0
69.69288131545494,327.27272727272725
78.7297999561015,327.27272727272725
85.02307458838871,342.85714285714283
56.19527608158069,288.0
75.6772089937612,313.04347826086956
75.41946372104942,313.04347826086956
79.25589414811107,327.27272727272725
63.910661890458265,313.04347826086956
78.18040438739114,327.27272727272725
82.5746303954903,327.27272727272725
73.22556214382075,313.04347826086956
73.99673938664519,327.27272727272725
69.74067166970286,300.0
77.4914177621118,327.27272727272725
72.79210378544816,313.04347826086956
75.71846497112126,313.04347826086956
82.49738638164057,327.27272727272725
66.47682949872524,300.0
71.99859378030983,313.04347826086956
62.15308738522617,288.0
78.27187681450206,327.27272727272725
76.52539466944307,327.27272727272725
62.452068871845405,288.0
75.1217414962963,313.04347826086956
63.89103859952576,313.04347826086956
75.84728372098948,327.27272727272725
74.22921634748478,313.04347826086956
71.46625570258021,313.04347826086956
77.24596655259835,327.27272727272725
65.62537564814082,313.04347826086956
74.8686234538396,342.85714285714283
63.816094209234215,300.0
68.48232313473731,313.04347826086956
70.37678754099971,300.0
61.90103727689774,288.0
71.02170509995148,313.04347826086956
67.67573969497546,300.0
62.62930203003302,300.0
68.30189167732806,327.27272727272725
74.55525464858358,313.04347826086956
62.271318252694265,288.0
76.85323148460621,327.27272727272725
81.3260696782148,342.85714285714283
60.320237816845456,288.0
73.49600068198588,300.0
67.21715037989469,313.04347826086956
78.78604018812172,327.27272727272725
77.42768907449798,327.27272727272725
74.5386144174226,313.04347826086956
61.5256001482586,288.0
73.44803147458771,327.27272727272725
75.00942335164825,313.04347826086956
63.745156293901594,300.0
73.56485810605294,327.27272727272725
73.89380295367172,342.85714285714283
75.8421862495983,327.27272727272725
66.55686067641338,313.04347826086956
63.6238716654839,300.0
64.070048029163,300.0
67.0928656562942,300.0
69.00048922254088,300.0
75.04325089808886,313.04347826086956
64.70282280960242,300.0
77.29759916095979,327.27272727272725
79.32853834364977,327.27272727272725
59.35826465337252,288.0
72.68890032798136,313.04347826086956
66.66871882780914,327.27272727272725
59.232114053712365,288.0
78.29360571370583,327.27272727272725
64.19825995162644,300.0
71.8279478461002,313.04347826086956
63.80058276589271,276.9230769230769
56.99407829238275,276.9230769230769
54.58446961062327,300.0
71.09275886805301,313.04347826086956
51.48550371128189,266.6666666666667
65.77561283010483,300.0
79.54053524723211,327.27272727272725
83.09965354113214,342.85714285714283
79.93629867176631,327.27272727272725
68.23892480953346,300.0
65.39596129564548,288.0
67.72330659695238,288.0
73.24773445842033,313.04347826086956
64.41024194103899,313.04347826086956
71.72290108279186,327.27272727272725
58.29104670281887,276.9230769230769
70.61211865533518,313.04347826086956
67.6804000775052,300.0
54.20374687497622,276.9230769230769
75.33807434473239,327.27272727272725
72.73122572599979,313.04347826086956
70.08618591851678,300.0
59.04456531410045,300.0
62.623824547932834,288.0
66.67804800698167,313.04347826086956
64.46336087426232,300.0
68.06658281168325,300.0
59.59601490035427,300.0
93.14053099293805,360.0
68.66579219382868,313.04347826086956
69.64017661070514,300.0
65.09379038538451,300.0
50.92411402696803,266.6666666666667
84.51482247055087,342.85714285714283
71.87336496420984,313.04347826086956
56.836505175679136,276.9230769230769
66.57461332273775,313.04347826086956
71.2781072197603,313.04347826086956
60.150187987306744,288.0
56.800166551340894,276.9230769230769
78.66755972473538,327.27272727272725
71.75903620386967,313.04347826086956
56.2013642456911,288.0
63.73658375000772,300.0
69.03168463432502,300.0
68.44571626054578,300.0
64.75186294678578,300.0
52.31175529154714,276.9230769230769
70.15502400749956,300.0
58.21755138423343,288.0
63.29989659068415,300.0
69.86177681583492,313.04347826086956
70.51738615552212,327.27272727272725
57.94627751386839,300.0
73.98566379250722,300.0
62.54821584660355,300.0
68.17816310075119,288.0
67.03882824489654,300.0
72.52811749002633,327.27272727272725
81.15586384563258,313.04347826086956
68.17510857019104,313.04347826086956
58.64065517929184,288.0
56.0287266087236,288.0
71.23437917424572,313.04347826086956
60.92800869895782,288.0
75.92955630331726,313.04347826086956
60.080364531882736,288.0
69.32731235909752,313.04347826086956
69.00567207458404,313.04347826086956
69.36845540670932,313.04347826086956
71.77471277030884,300.0
69.77835349972774,313.04347826086956
74.04697291035112,327.27272727272725
59.17516011127,276.9230769230769
82.59671812234374,327.27272727272725
55.214454439944696,288.0
72.96609812588768,313.04347826086956
77.01632716079516,327.27272727272725
62.73465522667507,288.0
82.39152187027878,342.85714285714283
68.69474280114578,300.0
67.61686364031512,300.0
81.89613659730941,327.27272727272725
68.1208855220978,313.04347826086956
69.08791568941554,300.0
72.8869609634708,313.04347826086956
76.67274696632127,313.04347826086956
68.55117421389096,313.04347826086956
62.43562566143601,300.0
70.9303622300698,300.0
74.32499561866169,342.85714285714283
56.946458320731985,276.9230769230769
80.38289263348071,327.27272727272725
79.42414182766058,342.85714285714283
71.55641799685283,313.04347826086956
77.11442821101883,327.27272727272725
74.1363260798774,327.27272727272725
90.45615568981813,360.0
62.30183448316643,300.0
72.06041837280378,327.27272727272725
70.01293124498686,300.0
69.52457580537614,313.04347826086956
64.70031745749881,288.0
69.11575449009142,313.04347826086956
75.86046735037387,342.85714285714283
62.7012111071109,288.0
54.79390761595967,288.0
72.71702129233189,313.04347826086956
65.82350408648152,313.04347826086956
66.17960320104442,300.0
67.84003126111674,327.27272727272725
67.64196501630416,300.0
71.79341611845743,313.04347826086956
65.20914962686754,300.0
78.29429653238488,327.27272727272725
75.08206798655401,327.27272727272725
72.93911904869185,313.04347826086956
78.94352771860962,327.27272727272725
77.41460399078173,327.27272727272725
59.914128654017674,288.0
65.859917170686,300.0
68.38675592608261,300.0
68.98180373959666,300.0
73.33827536403219,313.04347826086956
59.32289454120601,300.0
71.50337221109424,300.0
65.91741200170121,300.0
72.15032804583598,313.04347826086956
80.89541695317745,342.85714285714283
71.63567287373905,313.04347826086956
70.44026187315497,300.0
68.8199656872187,300.0
67.00250832285467,300.0
66.49436767046451,288.0
71.46181302021427,327.27272727272725
62.92176654380324,300.0
70.3357117274051,300.0
82.33347937207121,342.85714285714283
80.67049141275541,342.85714285714283
72.20887596768385,313.04347826086956
74.40297783334526,342.85714285714283
76.14428761627688,327.27272727272725
64.74812098624535,300.0
57.82716721014,288.0
72.85655838976486,313.04347826086956
75.89295811249907,313.04347826086956
67.35690611840232,300.0
72.15769581671499,327.27272727272725
67.20242878321017,327.27272727272725
68.84504067068839,300.0
67.39256412049828,300.0
62.12150435714842,288.0
65.34830857920907,288.0
62.29745904909131,300.0
73.8196337345691,327.27272727272725
71.31023343798874,300.0
66.33049956870367,300.0
67.19910041240227,300.0
85.3281092632457,360.0
72.17333094689958,313.04347826086956
63.464708814331544,288.0
63.30552498090814,300.0
72.67916793647503,313.04347826086956
79.7881520776392,327.27272727272725
64.75347335561635,300.0
60.50878368276251,288.0
56.46420779614769,288.0
71.2134254796871,327.27272727272725
67.32002017471264,313.04347826086956
70.43948933021274,300.0
72.99923527944411,313.04347826086956
71.01522468295127,300.0
66.22112408991251,300.0
85.23498551923797,342.85714285714283
63.36042896281323,313.04347826086956
69.98845758929241,313.04347826086956
65.15821120119021,300.0
67.76790088762408,313.04347826086956
79.46684480499246,342.85714285714283
66.79015242183478,300.0
68.95591471469673,313.04347826086956
77.23843886131392,327.27272727272725
68.25544555233762,313.04347826086956
54.98449665659959,300.0
78.11254798955144,342.85714285714283
84.91694626245314,360.0
80.66756457564009,342.85714285714283
62.02162454434164,300.0
73.53039557075688,342.85714285714283
66.76390586065277,327.27272727272725
85.68472926070055,360.0
63.50060960640811,300.0
65.95118591888613,313.04347826086956
54.827865512341006,288.0
75.59197888890002,327.27272727272725
59.60312209704992,288.0
76.72035383303613,327.27272727272725
70.7407911422534,327.27272727272725
67.57550744967449,313.04347826086956
69.32478911253969,313.04347826086956
74.8147461551337,342.85714285714283
68.48971795965801,313.04347826086956
73.13952354343215,327.27272727272725
60.943659068017986,276.9230769230769
54.19329270336453,276.9230769230769
62.734951039493225,313.04347826086956
80.15109792867818,342.85714285714283
71.40152882387791,313.04347826086956
92.99004538997217,378.94736842105266
76.30559001109896,327.27272727272725
62.58314631394989,300.0
87.19185193314931,360.0
55.88920899059362,288.0
70.99703949339802,300.0
59.88267527995459,276.9230769230769
66.87589209175302,300.0
79.50623936653744,342.85714285714283
69.8181187512938,313.04347826086956
72.28532911919223,327.27272727272725
63.17535661715399,313.04347826086956
94.4212733388547,378.94736842105266
68.27531600458533,313.04347826086956
75.41184113118338,327.27272727272725
66.043625894945,313.04347826086956
60.799776116963415,300.0
83.31089695748491,360.0
68.30260082783936,300.0
68.50861516739597,300.0
93.25306871841235,378.94736842105266
72.46048917075481,313.04347826086956
65.96559458088593,300.0
68.62452862881788,327.27272727272725
71.07015414341045,327.27272727272725
57.671776676683564,288.0
78.53858916468891,327.27272727272725
62.195185278848534,300.0
63.61533227133094,300.0
72.39246341408503,327.27272727272725
105.64451832427166,400.0
72.99174863488689,313.04347826086956
75.02560259434667,327.27272727272725
67.65609003244212,300.0
75.4803296272545,327.27272727272725
71.58866414102398,327.27272727272725
57.970041814843114,288.0
71.96416073776116,313.04347826086956
75.33758446823661,313.04347826086956
65.85573703607595,300.0
65.1717201550991,313.04347826086956
79.60159690680712,342.85714285714283
68.58659927873683,313.04347826086956
73.68983382298057,313.04347826086956
64.22301557182237,313.04347826086956
66.13395386403504,313.04347826086956
97.21979178945874,378.94736842105266
60.82084796287171,288.0
68.40585676555955,313.04347826086956
69.6043318908211,300.0
87.31484806889532,360.0
67.5424246677774,288.0
63.37321741432924,288.0
93.74898426753332,360.0
75.36239718333114,313.04347826086956
75.74045215976632,327.27272727272725
80.00744248356455,327.27272727272725
71.01601125120146,313.04347826086956
68.30995007704719,300.0
60.21864832255761,313.04347826086956
67.05847643935124,313.04347826086956
60.0765845363643,276.9230769230769
80.23721160275689,342.85714285714283
62.33480254045179,288.0
64.72867201312293,300.0
62.06821007290504,300.0
72.32775229718554,313.04347826086956
68.7850673408688,313.04347826086956
70.53965219993205,342.85714285714283
75.10667060898217,313.04347826086956
68.65967158353578,313.04347826086956
56.11813780600477,300.0
54.00216881997897,276.9230769230769
68.36742920511169,300.0
67.78417624109962,313.04347826086956
59.47862110300523,300.0
72.79163338035927,327.27272727272725
60.65760189845935,300.0
82.56146277440737,342.85714285714283
59.90774165358137,276.9230769230769
75.23344071844001,313.04347826086956
63.805313830192404,300.0
64.5475502145774,313.04347826086956
75.58867769088921,313.04347826086956
65.39656468567742,288.0
69.86227118413115,313.04347826086956
64.54943848641786,300.0
68.28247315458003,300.0
63.40491324983547,313.04347826086956
75.18349928602636,327.27272727272725
71.14149570381528,313.04347826086956
67.80252078295011,313.04347826086956
80.84418907006076,342.85714285714283
101.0757336626392,378.94736842105266
57.694235964794856,276.9230769230769
79.45476464718367,327.27272727272725
66.29402376181368,313.04347826086956
70.12599887667879,313.04347826086956
73.13629706133808,300.0
81.60704771897602,342.85714285714283
59.438035698504905,276.9230769230769
71.42575318089376,313.04347826086956
72.63395945729133,313.04347826086956
65.41434221125657,313.04347826086956
68.79185460000211,300.0
75.57965118165252,327.27272727272725
56.288483417849456,288.0
73.25100319461552,327.27272727272725
74.92081091319565,327.27272727272725
93.71609736855049,378.94736842105266
79.62293566140588,342.85714285714283
73.0379502021792,313.04347826086956
73.3991697438541,313.04347826086956
92.6271803381009,378.94736842105266
73.28989997218261,313.04347826086956
57.26141746673581,276.9230769230769
56.65300395174002,288.0
76.4601549779636,342.85714285714283
63.38892834973706,300.0
60.00048353122701,288.0
62.98285590538007,313.04347826086956
73.87493734075942,313.04347826086956
81.0436764192636,327.27272727272725
68.17457858232845,300.0
69.05727564410418,313.04347826086956
72.63754681628511,313.04347826086956
62.41203865643934,288.0
68.06392854987284,313.04347826086956
72.25896318423058,327.27272727272725
59.97409855202165,276.9230769230769
56.159374560154426,313.04347826086956
51.80055317608205,266.6666666666667
70.90549670941441,313.04347826086956
65.69910322929876,313.04347826086956
73.03293635312176,327.27272727272725
82.41492306554352,327.27272727272725
68.03174798677337,313.04347826086956
87.10201924298403,360.0
73.44404127025572,313.04347826086956
91.46020577107564,360.0
65.22104227543149,313.04347826086956
63.79310314748459,288.0
77.47243394816674,327.27272727272725
53.43115952683821,276.9230769230769
69.11428939940193,313.04347826086956
73.39221809924965,313.04347826086956
59.78691389700432,288.0
60.0370622829702,288.0
83.45389104210275,360.0
67.2568602089925,327.27272727272725
62.97816855432481,300.0
73.3894827509877,313.04347826086956
69.40424534701847,313.04347826086956
69.82797549245801,327.27272727272725
70.50015368207757,313.04347826086956
66.8129608074786,300.0
82.55384785689526,342.85714285714283
63.23069927172324,288.0
86.59680753982694,342.85714285714283
64.89528997728267,300.0
78.21504400247389,342.85714285714283
68.02058205330702,300.0
76.65067144700367,313.04347826086956
77.87986270135404,327.27272727272725
80.60385010858909,327.27272727272725
69.3362608585313,300.0
65.79756925456215,313.04347826086956
79.68142423928222,342.85714285714283
72.06203060009952,313.04347826086956
73.89940856460966,313.04347826086956
65.82495931575939,300.0
70.72235736332024,313.04347826086956
67.24164405852555,300.0
58.92240126685596,313.04347826086956
56.212386136323445,276.9230769230769
69.09700672698115,313.04347826086956
69.70033447519901,327.27272727272725
84.9403546445296,342.85714285714283
64.973096815251,300.0
63.19674724405302,300.0
67.48213383685695,288.0
54.39396952347598,266.6666666666667
63.21347452013172,300.0
79.3359289532195,342.85714285714283
69.08678384863431,327.27272727272725
73.76329022863615,313.04347826086956
67.84812624474161,313.04347826086956
62.965205720623,300.0
69.72827242909075,313.04347826086956
69.87514473406834,327.27272727272725
70.78002183882647,313.04347826086956
66.75695931925992,313.04347826086956
52.082819330737564,276.9230769230769
74.27118344614415,313.04347826086956
77.90515698614058,327.27272727272725
76.07728151594678,327.27272727272725
84.19881234137985,342.85714285714283
77.93808651228639,327.27272727272725
67.2594247354454,313.04347826086956
76.85046632855887,327.27272727272725
89.57954391336096,360.0
70.03234248490541,313.04347826086956
87.98400846616528,342.85714285714283
71.87668731086384,313.04347826086956
87.68764655912797,378.94736842105266
80.39781538483462,327.27272727272725
69.99063141481666,300.0
71.66700150165404,313.04347826086956
63.71548637866957,288.0
55.338177265947195,300.0
75.18019823036504,327.27272727272725
74.59055009901053,327.27272727272725
74.07918788217212,327.27272727272725
72.06223122005588,300.0
